#!ascii label  , from subject corrected_filled vox2ras=TkReg
1793
103541  -6.714  -9.422  34.833 0.0000000000
117492  -23.903  -2.569  22.779 0.0000000000
128017  -22.328  3.461  19.644 0.0000000000
227679  -19.976  -6.744  25.499 0.0000000000
135806  -30.666  7.243  8.637 0.0000000000
130431  -26.130  4.786  12.238 0.0000000000
228021  -22.814  0.778  29.055 0.0000000000
112245  -23.149  -4.780  24.896 0.0000000000
142374  -36.043  11.342  11.040 0.0000000000
145059  -39.505  12.702  7.293 0.0000000000
149758  -42.357  15.936  5.673 0.0000000000
253723  -25.986  7.424  19.825 0.0000000000
130387  -23.308  4.673  15.111 0.0000000000
135679  -28.438  7.827  16.624 0.0000000000
247952  -30.963  6.329  14.571 0.0000000000
109381  -14.746  -6.380  26.035 0.0000000000
102284  -4.121  -10.195  38.409 0.0000000000
122786  -22.158  0.501  22.547 0.0000000000
131531  -25.451  5.375  23.800 0.0000000000
106365  -16.410  -7.899  23.465 0.0000000000
106390  -19.365  -8.090  21.567 0.0000000000
147404  -40.137  13.419  -0.007 0.0000000000
241975  -44.321  17.084  2.899 0.0000000000
130473  -29.117  4.388  10.403 0.0000000000
134345  -34.343  7.092  12.374 0.0000000000
260511  -8.295  -9.418  31.373 0.0000000000
94558  -2.057  -14.300  36.655 0.0000000000
143760  -37.991  12.180  9.587 0.0000000000
135649  -27.324  7.744  18.458 0.0000000000
106330  -13.130  -7.977  26.305 0.0000000000
103527  -5.946  -9.565  37.095 0.0000000000
265073  -23.056  -3.048  20.814 0.0000000000
118789  -22.783  -1.187  22.554 0.0000000000
109422  -18.065  -6.222  24.148 0.0000000000
106381  -17.939  -8.054  22.219 0.0000000000
107875  -19.357  -6.758  22.936 0.0000000000
114795  -24.049  -3.466  24.366 0.0000000000
110949  -22.043  -5.640  22.000 0.0000000000
257998  -23.804  -4.985  21.580 0.0000000000
242629  -19.343  -6.329  27.129 0.0000000000
109383  -17.439  -5.744  25.764 0.0000000000
233476  -34.918  11.162  4.159 0.0000000000
146241  -38.633  13.321  1.462 0.0000000000
153285  -43.487  17.250  4.793 0.0000000000
130405  -24.534  4.933  13.301 0.0000000000
130450  -27.493  4.588  11.467 0.0000000000
226688  -32.858  5.680  12.779 0.0000000000
106302  -11.359  -7.421  29.023 0.0000000000
106266  -10.378  -7.853  30.383 0.0000000000
104909  -9.555  -8.127  32.149 0.0000000000
103595  -8.781  -9.583  30.049 0.0000000000
92998  -3.387  -14.250  35.451 0.0000000000
120094  -23.132  -0.583  26.029 0.0000000000
124038  -23.015  1.119  25.946 0.0000000000
126656  -23.077  2.234  27.893 0.0000000000
110879  -22.422  -5.839  27.047 0.0000000000
110909  -21.745  -5.863  24.972 0.0000000000
256223  -23.686  -4.270  27.178 0.0000000000
117455  -23.859  -2.413  26.942 0.0000000000
139852  -32.898  10.001  10.224 0.0000000000
238996  -34.243  11.169  8.788 0.0000000000
254966  -35.706  11.550  6.755 0.0000000000
146207  -37.367  13.202  5.348 0.0000000000
148562  -38.983  14.688  3.502 0.0000000000
147340  -40.795  14.042  6.655 0.0000000000
248014  -24.333  5.451  19.384 0.0000000000
129226  -22.873  4.326  17.126 0.0000000000
132866  -24.617  6.110  17.469 0.0000000000
132889  -25.996  6.403  15.723 0.0000000000
132932  -26.675  6.417  14.309 0.0000000000
132962  -28.383  6.353  13.555 0.0000000000
224619  -29.510  7.298  15.302 0.0000000000
263410  -13.645  -5.979  28.313 0.0000000000
232003  -12.012  -7.211  27.655 0.0000000000
146261  -44.961  13.318  -0.485 0.0000000000
101105  -2.693  -10.427  38.522 0.0000000000
118826  -22.056  -1.551  20.330 0.0000000000
230366  -21.824  2.246  21.502 0.0000000000
126727  -23.405  2.285  24.830 0.0000000000
127985  -23.276  3.325  23.659 0.0000000000
129187  -23.774  4.708  21.745 0.0000000000
134214  -25.538  6.397  22.202 0.0000000000
109478  -20.947  -6.199  22.376 0.0000000000
239833  -16.477  -5.634  27.070 0.0000000000
109418  -15.754  -6.599  24.739 0.0000000000
149773  -40.673  15.569  2.988 0.0000000000
149798  -41.990  15.781  1.390 0.0000000000
148619  -43.618  14.363  -0.134 0.0000000000
149801  -45.720  15.102  1.417 0.0000000000
100012  -6.114  -11.058  32.468 0.0000000000
99991  -5.031  -11.274  34.260 0.0000000000
131748  -30.136  5.827  9.470 0.0000000000
131644  -29.847  5.369  12.641 0.0000000000
133015  -30.927  6.363  11.029 0.0000000000
267758  -31.811  8.212  10.964 0.0000000000
139835  -34.922  9.688  12.064 0.0000000000
103551  -7.505  -9.215  33.422 0.0000000000
98798  -4.154  -12.071  35.385 0.0000000000
98791  -2.903  -12.355  36.920 0.0000000000
98789  -1.616  -12.437  36.775 0.0000000000
102295  -6.139  -9.634  35.822 0.0000000000
117499  -23.886  -2.712  22.113 0.0000000000
116143  -23.516  -2.454  21.817 0.0000000000
118790  -22.914  -1.150  23.129 0.0000000000
109423  -19.197  -6.478  24.472 0.0000000000
107856  -18.579  -6.577  23.368 0.0000000000
109424  -19.783  -6.691  24.409 0.0000000000
116132  -24.117  -2.991  23.185 0.0000000000
113538  -23.910  -4.242  22.676 0.0000000000
114815  -24.334  -3.484  22.382 0.0000000000
112276  -24.201  -4.809  21.275 0.0000000000
109369  -20.930  -6.685  26.589 0.0000000000
107786  -20.398  -6.792  27.522 0.0000000000
109368  -19.837  -6.642  26.065 0.0000000000
109385  -18.893  -6.177  25.650 0.0000000000
146236  -37.472  12.904  2.267 0.0000000000
126811  -21.777  2.346  19.268 0.0000000000
126826  -21.914  2.493  18.135 0.0000000000
130414  -25.385  4.785  12.731 0.0000000000
129276  -25.515  4.008  12.316 0.0000000000
130449  -26.879  4.561  11.531 0.0000000000
104953  -10.555  -8.235  28.721 0.0000000000
106292  -10.710  -7.726  29.492 0.0000000000
104944  -10.031  -8.445  29.609 0.0000000000
104930  -9.917  -8.332  30.165 0.0000000000
103603  -9.418  -9.323  29.110 0.0000000000
121421  -23.185  -0.094  27.495 0.0000000000
122718  -22.754  1.024  26.879 0.0000000000
124002  -22.950  1.489  28.119 0.0000000000
112215  -23.443  -4.565  28.902 0.0000000000
112226  -23.225  -4.808  27.486 0.0000000000
116090  -23.415  -2.678  29.096 0.0000000000
121406  -22.792  0.013  29.158 0.0000000000
118735  -23.153  -1.619  28.497 0.0000000000
120075  -23.104  -0.681  28.067 0.0000000000
266524  -23.394  -1.421  26.677 0.0000000000
141104  -34.309  10.709  10.872 0.0000000000
141115  -33.704  10.703  9.745 0.0000000000
237631  -34.899  11.206  10.075 0.0000000000
248960  -38.845  12.258  8.876 0.0000000000
143776  -36.825  12.084  8.499 0.0000000000
145056  -37.372  12.385  6.878 0.0000000000
145070  -36.863  12.325  6.091 0.0000000000
146202  -38.294  13.139  6.285 0.0000000000
146210  -38.694  13.395  6.212 0.0000000000
146204  -40.037  13.200  7.072 0.0000000000
132837  -25.276  6.445  19.793 0.0000000000
131556  -24.085  5.412  18.266 0.0000000000
134235  -25.420  6.719  18.741 0.0000000000
135661  -27.682  7.729  17.649 0.0000000000
134245  -26.441  7.082  16.827 0.0000000000
134250  -27.025  7.277  16.111 0.0000000000
132907  -26.048  6.458  15.081 0.0000000000
134263  -27.764  7.281  15.487 0.0000000000
254728  -28.343  7.042  14.761 0.0000000000
135711  -28.831  7.585  15.650 0.0000000000
110873  -15.315  -5.669  27.513 0.0000000000
250880  -14.469  -5.738  28.843 0.0000000000
110884  -14.166  -6.080  27.219 0.0000000000
106324  -12.583  -7.891  26.694 0.0000000000
147401  -46.146  13.517  0.507 0.0000000000
146254  -47.384  12.942  -0.115 0.0000000000
101110  -3.493  -10.278  38.612 0.0000000000
121519  -22.437  -0.648  22.055 0.0000000000
118827  -22.362  -1.931  20.908 0.0000000000
121518  -22.122  -0.206  21.746 0.0000000000
122808  -21.540  0.518  21.043 0.0000000000
235157  -21.966  1.098  22.175 0.0000000000
126673  -23.075  2.399  26.567 0.0000000000
125367  -23.082  1.612  25.611 0.0000000000
126682  -23.379  2.667  25.708 0.0000000000
130324  -24.969  4.989  24.672 0.0000000000
129170  -23.876  4.200  24.316 0.0000000000
258293  -24.199  4.769  23.471 0.0000000000
129178  -23.417  4.066  22.995 0.0000000000
130336  -24.476  5.138  23.068 0.0000000000
131540  -24.510  5.504  21.844 0.0000000000
132820  -25.290  6.011  22.702 0.0000000000
105071  -18.849  -8.199  21.775 0.0000000000
241296  -22.290  -5.477  24.558 0.0000000000
256609  -20.969  -6.041  23.497 0.0000000000
110923  -21.992  -5.569  23.666 0.0000000000
109512  -21.401  -6.587  20.803 0.0000000000
110864  -17.854  -5.740  28.190 0.0000000000
252870  -16.638  -6.429  24.268 0.0000000000
110906  -16.367  -5.889  25.379 0.0000000000
107853  -15.797  -7.460  24.101 0.0000000000
106357  -15.577  -7.971  24.206 0.0000000000
148565  -40.810  15.434  4.118 0.0000000000
148571  -39.431  14.948  3.130 0.0000000000
149767  -41.304  15.839  3.934 0.0000000000
153294  -44.053  17.410  4.019 0.0000000000
152125  -42.276  16.536  3.419 0.0000000000
152130  -42.924  16.887  2.479 0.0000000000
149819  -42.686  15.086  0.415 0.0000000000
151034  -43.775  15.560  1.022 0.0000000000
264172  -44.398  14.770  0.723 0.0000000000
152147  -44.871  16.407  2.078 0.0000000000
129231  -23.191  4.690  16.235 0.0000000000
128059  -22.375  3.300  15.725 0.0000000000
130491  -29.550  4.786  9.153 0.0000000000
130474  -29.502  4.879  10.095 0.0000000000
132963  -29.301  6.453  13.735 0.0000000000
131643  -29.074  5.536  12.756 0.0000000000
131619  -30.591  5.807  13.468 0.0000000000
132989  -33.846  6.354  12.410 0.0000000000
131681  -31.988  5.885  12.102 0.0000000000
134342  -32.481  7.014  11.633 0.0000000000
134357  -31.493  7.289  11.002 0.0000000000
135756  -33.031  7.828  11.714 0.0000000000
138467  -33.203  9.155  11.303 0.0000000000
253103  -34.283  8.746  12.189 0.0000000000
104912  -8.929  -8.589  31.545 0.0000000000
104907  -8.595  -8.555  32.367 0.0000000000
103549  -8.386  -8.702  33.468 0.0000000000
103557  -7.952  -9.064  32.359 0.0000000000
102318  -7.257  -9.887  31.805 0.0000000000
102323  -7.540  -10.094  31.305 0.0000000000
97530  -4.391  -12.673  33.994 0.0000000000
99990  -4.687  -11.663  34.792 0.0000000000
96122  -3.969  -12.984  34.480 0.0000000000
92997  -2.882  -14.371  36.004 0.0000000000
96080  -3.066  -13.189  36.184 0.0000000000
96057  -2.600  -13.318  36.814 0.0000000000
98790  -2.207  -12.534  37.056 0.0000000000
244683  -1.637  -13.722  36.945 0.0000000000
237114  -23.048  -1.253  30.373 0.0000000000
143738  -38.392  12.087  11.253 0.0000000000
143747  -37.163  11.858  10.449 0.0000000000
145004  -38.635  12.418  10.192 0.0000000000
135638  -26.809  7.607  19.174 0.0000000000
107826  -14.445  -7.335  25.643 0.0000000000
107813  -13.987  -7.084  26.126 0.0000000000
103520  -6.127  -9.117  37.952 0.0000000000
102289  -5.371  -9.785  37.477 0.0000000000
116171  -23.372  -3.205  20.914 0.0000000000
118796  -22.713  -1.384  22.119 0.0000000000
121491  -22.398  0.073  23.131 0.0000000000
134210  -25.861  6.667  23.521 0.0000000000
109460  -17.297  -6.838  23.632 0.0000000000
106374  -17.185  -7.999  22.820 0.0000000000
107888  -17.778  -7.227  22.737 0.0000000000
107903  -18.609  -7.299  22.309 0.0000000000
107904  -19.135  -7.306  22.059 0.0000000000
113515  -23.872  -3.955  24.737 0.0000000000
110932  -22.605  -5.388  22.963 0.0000000000
112263  -23.437  -4.710  23.029 0.0000000000
112267  -23.137  -5.162  22.239 0.0000000000
110964  -23.791  -5.584  20.647 0.0000000000
109347  -18.875  -6.117  27.440 0.0000000000
227370  -17.781  -5.657  27.029 0.0000000000
109384  -18.068  -5.821  26.016 0.0000000000
246055  -17.635  -5.950  24.902 0.0000000000
142446  -34.935  10.651  5.141 0.0000000000
146246  -39.227  13.309  0.900 0.0000000000
152102  -43.477  16.199  6.890 0.0000000000
152116  -42.560  16.588  5.305 0.0000000000
130396  -23.835  4.858  14.104 0.0000000000
129298  -27.686  3.774  10.930 0.0000000000
129300  -28.632  4.211  10.930 0.0000000000
246594  -33.132  6.032  14.925 0.0000000000
131601  -31.658  5.614  13.739 0.0000000000
131589  -34.065  5.632  14.225 0.0000000000
109283  -12.360  -6.594  29.229 0.0000000000
107736  -11.905  -6.830  30.145 0.0000000000
107685  -10.868  -7.331  32.240 0.0000000000
106258  -10.239  -7.811  31.041 0.0000000000
104918  -9.137  -8.572  31.028 0.0000000000
103580  -8.694  -9.374  30.578 0.0000000000
260764  -8.090  -10.251  30.455 0.0000000000
235670  -8.538  -9.945  29.881 0.0000000000
118778  -23.292  -1.029  24.471 0.0000000000
120106  -23.101  -0.560  24.249 0.0000000000
121434  -23.171  0.517  25.842 0.0000000000
124015  -23.055  1.721  26.760 0.0000000000
256892  -21.477  -6.427  26.431 0.0000000000
226321  -20.547  -6.579  25.015 0.0000000000
258704  -22.067  -5.924  26.128 0.0000000000
112231  -22.888  -5.140  26.146 0.0000000000
112239  -23.191  -4.694  25.590 0.0000000000
116095  -23.280  -2.339  28.603 0.0000000000
114779  -23.944  -3.099  27.354 0.0000000000
113509  -23.811  -3.688  26.156 0.0000000000
116113  -23.923  -2.858  25.723 0.0000000000
117471  -23.863  -2.278  25.286 0.0000000000
109329  -22.581  -5.931  28.401 0.0000000000
138476  -31.674  8.876  9.850 0.0000000000
138500  -31.443  8.650  8.227 0.0000000000
139859  -31.947  9.407  8.963 0.0000000000
141129  -33.227  10.541  8.493 0.0000000000
142414  -33.617  10.858  6.963 0.0000000000
143757  -36.140  11.513  9.580 0.0000000000
143773  -35.292  11.537  7.891 0.0000000000
142433  -34.783  11.096  6.428 0.0000000000
143797  -35.547  11.366  5.588 0.0000000000
145080  -36.111  12.132  4.720 0.0000000000
146219  -36.975  13.259  4.213 0.0000000000
147364  -37.735  13.945  3.364 0.0000000000
146214  -37.743  13.882  4.447 0.0000000000
147353  -39.616  14.254  5.486 0.0000000000
229710  -41.921  15.061  5.937 0.0000000000
146194  -42.012  13.444  7.290 0.0000000000
149739  -43.299  15.318  7.107 0.0000000000
129202  -22.895  4.275  19.603 0.0000000000
128034  -22.598  3.995  18.360 0.0000000000
130359  -23.608  4.954  18.355 0.0000000000
130368  -23.553  5.002  17.274 0.0000000000
131569  -24.158  5.653  16.480 0.0000000000
134240  -26.034  6.998  17.777 0.0000000000
132877  -25.353  6.276  16.605 0.0000000000
131578  -24.562  5.693  15.632 0.0000000000
132929  -25.075  5.958  14.748 0.0000000000
132957  -25.704  6.038  13.920 0.0000000000
131615  -26.409  5.817  13.193 0.0000000000
131641  -27.089  5.697  12.611 0.0000000000
132960  -27.452  6.239  13.580 0.0000000000
134304  -28.714  6.979  14.440 0.0000000000
134286  -30.178  7.052  15.093 0.0000000000
134252  -30.996  7.590  16.290 0.0000000000
132891  -31.932  6.476  15.486 0.0000000000
109304  -13.625  -6.155  29.213 0.0000000000
109363  -13.189  -6.720  27.008 0.0000000000
228524  -12.700  -6.611  27.651 0.0000000000
259356  -12.743  -6.420  28.599 0.0000000000
107774  -11.641  -7.452  27.990 0.0000000000
124132  -21.469  1.192  20.091 0.0000000000
128001  -22.198  3.168  20.717 0.0000000000
122769  -22.709  0.237  24.121 0.0000000000
250133  -22.623  0.757  24.230 0.0000000000
125395  -22.484  1.726  24.048 0.0000000000
127979  -23.368  2.689  24.359 0.0000000000
125437  -22.419  2.295  22.962 0.0000000000
126780  -22.501  2.804  22.445 0.0000000000
247232  -22.813  3.687  21.341 0.0000000000
129190  -22.916  4.032  20.916 0.0000000000
130343  -23.919  4.914  20.950 0.0000000000
132832  -24.970  6.023  20.935 0.0000000000
266778  -26.010  7.044  20.981 0.0000000000
242714  -26.362  7.148  22.719 0.0000000000
135606  -26.628  7.647  21.736 0.0000000000
109445  -20.233  -6.566  24.042 0.0000000000
109463  -20.198  -6.465  23.096 0.0000000000
107917  -20.030  -7.225  21.440 0.0000000000
110948  -21.493  -5.913  22.159 0.0000000000
107918  -20.570  -6.897  21.198 0.0000000000
110861  -16.102  -5.715  28.297 0.0000000000
110886  -15.444  -5.763  26.822 0.0000000000
262457  -17.117  -5.645  26.281 0.0000000000
110899  -16.189  -5.764  25.998 0.0000000000
109396  -15.100  -6.603  25.562 0.0000000000
107838  -15.109  -7.403  25.038 0.0000000000
147374  -38.303  14.105  2.698 0.0000000000
231003  -39.433  14.691  1.990 0.0000000000
148588  -40.046  15.096  1.547 0.0000000000
152120  -42.275  16.480  4.111 0.0000000000
151021  -41.138  15.865  2.082 0.0000000000
148606  -40.879  14.665  0.501 0.0000000000
148616  -41.836  14.188  -0.243 0.0000000000
147408  -42.840  14.094  -0.640 0.0000000000
146269  -43.773  13.346  -1.422 0.0000000000
147410  -44.139  13.937  -0.287 0.0000000000
147389  -45.229  14.069  0.607 0.0000000000
102302  -6.611  -9.777  33.960 0.0000000000
101127  -5.759  -10.283  34.391 0.0000000000
100005  -5.517  -11.251  33.259 0.0000000000
226848  -22.414  3.284  16.873 0.0000000000
134384  -30.457  6.834  9.459 0.0000000000
131675  -27.535  5.485  12.275 0.0000000000
130435  -28.534  4.800  11.880 0.0000000000
130453  -29.432  4.752  11.229 0.0000000000
131646  -31.522  5.565  12.613 0.0000000000
252305  -30.594  5.438  11.785 0.0000000000
130454  -29.980  5.147  10.902 0.0000000000
133025  -30.370  6.194  10.243 0.0000000000
133036  -30.655  6.797  10.016 0.0000000000
135790  -31.209  7.900  9.778 0.0000000000
138471  -32.279  9.110  10.627 0.0000000000
139843  -33.765  9.948  11.312 0.0000000000
141101  -35.135  10.631  11.556 0.0000000000
103535  -7.535  -9.070  35.440 0.0000000000
103540  -8.231  -8.860  34.555 0.0000000000
103547  -7.384  -9.160  33.983 0.0000000000
102305  -6.677  -9.957  32.892 0.0000000000
100018  -6.457  -11.079  31.936 0.0000000000
252681  -5.440  -10.203  35.305 0.0000000000
101122  -4.771  -10.640  36.128 0.0000000000
101119  -4.452  -10.667  36.881 0.0000000000
97515  -3.510  -13.007  35.568 0.0000000000
99985  -3.475  -12.096  36.494 0.0000000000
101117  -3.703  -11.217  37.065 0.0000000000
101113  -2.674  -11.145  37.896 0.0000000000
99976  -2.329  -11.230  37.760 0.0000000000
92963  -1.324  -14.645  36.366 0.0000000000
96078  -1.131  -13.817  36.635 0.0000000000
103534  -6.986  -9.222  35.769 0.0000000000
103537  -6.604  -9.408  35.473 0.0000000000
265957  -23.789  -2.467  22.340 0.0000000000
117491  -23.298  -1.567  23.205 0.0000000000
226147  -19.618  -6.573  24.982 0.0000000000
226222  -20.072  -6.704  24.997 0.0000000000
117485  -23.780  -2.301  23.437 0.0000000000
116139  -24.119  -2.987  22.491 0.0000000000
114822  -24.315  -3.417  21.916 0.0000000000
109386  -20.484  -6.736  25.947 0.0000000000
258604  -20.216  -6.729  26.572 0.0000000000
227775  -19.459  -6.450  25.566 0.0000000000
146235  -37.111  12.812  2.617 0.0000000000
126819  -22.007  2.919  19.141 0.0000000000
126818  -21.796  2.313  18.651 0.0000000000
126827  -22.075  2.948  18.570 0.0000000000
130415  -25.842  5.004  12.584 0.0000000000
129277  -25.915  4.255  12.162 0.0000000000
129278  -26.391  4.368  11.827 0.0000000000
130432  -26.587  4.865  11.898 0.0000000000
103612  -10.071  -9.084  28.329 0.0000000000
104952  -10.202  -8.510  29.080 0.0000000000
103604  -9.881  -8.980  28.899 0.0000000000
104951  -9.721  -8.892  29.409 0.0000000000
232991  -22.831  0.568  28.270 0.0000000000
236457  -23.126  0.412  27.742 0.0000000000
228796  -22.925  1.427  28.766 0.0000000000
114763  -23.665  -3.144  29.787 0.0000000000
113489  -23.486  -3.970  28.922 0.0000000000
116082  -23.603  -2.507  30.008 0.0000000000
242518  -22.861  0.322  29.278 0.0000000000
122700  -22.773  0.393  28.873 0.0000000000
257821  -23.157  -0.654  27.573 0.0000000000
114764  -23.926  -3.994  29.861 0.0000000000
142372  -35.179  11.006  11.021 0.0000000000
142382  -34.667  10.955  10.579 0.0000000000
142384  -35.616  11.319  10.581 0.0000000000
145038  -39.247  12.392  8.316 0.0000000000
267880  -38.116  12.312  8.111 0.0000000000
145048  -38.618  12.501  7.506 0.0000000000
230606  -37.851  12.713  6.648 0.0000000000
145073  -38.678  12.933  6.759 0.0000000000
234483  -38.805  13.091  6.654 0.0000000000
146191  -39.757  12.873  7.187 0.0000000000
134226  -25.629  6.743  20.100 0.0000000000
132844  -25.209  6.496  19.218 0.0000000000
134227  -25.851  7.175  19.684 0.0000000000
135678  -28.024  7.722  17.104 0.0000000000
135677  -27.404  7.612  16.986 0.0000000000
135693  -27.432  7.515  16.431 0.0000000000
134262  -27.191  7.211  15.621 0.0000000000
268617  -27.829  7.605  16.326 0.0000000000
135710  -28.409  7.644  15.839 0.0000000000
135695  -28.691  7.848  16.167 0.0000000000
110885  -14.819  -5.874  27.079 0.0000000000
264827  -14.902  -5.710  27.559 0.0000000000
109365  -14.294  -6.227  26.598 0.0000000000
245948  -46.704  13.465  0.634 0.0000000000
146253  -46.768  13.119  0.193 0.0000000000
147402  -47.385  13.321  0.345 0.0000000000
103518  -5.031  -9.518  38.665 0.0000000000
102282  -4.626  -9.858  38.604 0.0000000000
102281  -3.976  -9.925  38.915 0.0000000000
234130  -22.221  0.051  22.279 0.0000000000
120176  -22.279  -0.900  21.510 0.0000000000
237080  -21.880  0.439  21.811 0.0000000000
126681  -23.293  2.301  26.023 0.0000000000
127934  -23.249  3.341  26.469 0.0000000000
265877  -24.848  4.990  23.991 0.0000000000
131530  -25.108  5.226  23.594 0.0000000000
130335  -24.144  4.880  23.091 0.0000000000
131534  -24.876  5.301  23.129 0.0000000000
238449  -24.800  5.455  22.797 0.0000000000
132815  -25.518  6.117  22.934 0.0000000000
251395  -16.087  -8.066  23.678 0.0000000000
105058  -16.702  -8.245  23.154 0.0000000000
112244  -22.674  -5.150  24.729 0.0000000000
254644  -22.702  -5.259  24.231 0.0000000000
107855  -16.950  -6.945  23.790 0.0000000000
109439  -16.502  -6.752  24.087 0.0000000000
107869  -16.184  -7.626  23.800 0.0000000000
106364  -15.857  -7.915  23.924 0.0000000000
147405  -40.556  13.602  -0.196 0.0000000000
149756  -41.818  15.783  5.055 0.0000000000
149760  -41.385  15.879  4.081 0.0000000000
149762  -42.022  16.240  4.780 0.0000000000
154463  -44.502  17.649  3.831 0.0000000000
153304  -43.161  16.951  2.987 0.0000000000
153319  -43.707  16.924  2.602 0.0000000000
151024  -43.338  15.991  1.306 0.0000000000
152146  -44.056  16.561  2.087 0.0000000000
152160  -44.482  16.077  1.721 0.0000000000
153306  -44.882  17.210  2.817 0.0000000000
130381  -23.325  4.838  15.704 0.0000000000
129244  -22.759  4.045  15.266 0.0000000000
129245  -23.064  4.176  14.841 0.0000000000
129307  -28.696  3.988  10.347 0.0000000000
129308  -28.947  4.112  9.977 0.0000000000
129309  -29.274  4.502  9.726 0.0000000000
234547  -30.333  6.221  14.024 0.0000000000
132964  -29.933  6.143  13.597 0.0000000000
131600  -30.978  5.939  13.952 0.0000000000
134330  -34.273  6.684  12.375 0.0000000000
133008  -33.026  6.587  12.018 0.0000000000
134343  -33.102  7.129  11.782 0.0000000000
267428  -32.649  7.454  11.529 0.0000000000
134344  -33.705  7.186  12.007 0.0000000000
135757  -33.796  8.021  12.073 0.0000000000
135747  -34.478  7.726  12.516 0.0000000000
104911  -8.671  -8.688  31.838 0.0000000000
103558  -8.328  -8.884  32.032 0.0000000000
104902  -8.255  -8.716  32.488 0.0000000000
103561  -8.098  -9.379  31.752 0.0000000000
102319  -7.744  -9.723  31.638 0.0000000000
103568  -7.981  -9.770  31.245 0.0000000000
97523  -4.161  -12.599  34.540 0.0000000000
94576  -2.503  -14.097  36.602 0.0000000000
96079  -2.269  -13.713  36.925 0.0000000000
96056  -1.960  -13.321  37.009 0.0000000000
258841  -2.112  -13.937  36.860 0.0000000000
227982  -27.852  8.231  19.904 0.0000000000
106347  -14.348  -7.802  25.425 0.0000000000
103524  -6.327  -9.292  37.362 0.0000000000
103523  -5.789  -9.452  37.716 0.0000000000
102292  -5.503  -9.866  36.809 0.0000000000
236541  -23.866  -3.304  21.077 0.0000000000
118797  -22.938  -1.643  22.228 0.0000000000
118804  -23.023  -1.963  21.928 0.0000000000
120138  -22.577  -0.920  22.296 0.0000000000
120123  -22.474  -0.504  22.829 0.0000000000
109441  -17.531  -6.416  23.897 0.0000000000
107872  -17.541  -7.043  23.217 0.0000000000
109442  -18.133  -6.488  23.631 0.0000000000
246539  -19.177  -6.620  23.448 0.0000000000
107874  -18.755  -6.777  22.973 0.0000000000
107890  -19.012  -6.970  22.552 0.0000000000
113519  -23.903  -3.968  24.046 0.0000000000
113523  -23.658  -4.425  23.805 0.0000000000
113529  -23.794  -4.326  23.227 0.0000000000
112272  -23.690  -4.847  22.008 0.0000000000
112268  -23.567  -4.736  22.513 0.0000000000
110951  -23.266  -5.254  21.726 0.0000000000
110957  -22.806  -5.578  21.366 0.0000000000
110963  -23.030  -5.735  20.842 0.0000000000
110958  -23.593  -5.352  21.209 0.0000000000
112281  -24.266  -5.098  20.891 0.0000000000
107785  -19.898  -6.648  27.188 0.0000000000
107777  -20.346  -6.836  28.078 0.0000000000
107776  -19.868  -6.699  27.848 0.0000000000
225992  -19.366  -6.426  27.651 0.0000000000
109346  -18.918  -6.094  26.763 0.0000000000
225575  -18.576  -6.277  24.589 0.0000000000
226146  -17.986  -6.051  24.828 0.0000000000
141184  -35.111  10.581  4.641 0.0000000000
130404  -24.073  4.684  13.508 0.0000000000
130403  -23.744  4.430  13.777 0.0000000000
130412  -24.418  4.428  13.130 0.0000000000
129292  -27.286  4.119  11.236 0.0000000000
129293  -27.920  4.160  11.127 0.0000000000
129299  -28.208  3.907  10.675 0.0000000000
130451  -28.223  4.463  11.499 0.0000000000
132914  -33.762  5.956  14.975 0.0000000000
131588  -33.350  5.724  14.423 0.0000000000
134318  -35.166  6.112  13.118 0.0000000000
107767  -11.869  -6.955  29.051 0.0000000000
107754  -11.942  -6.865  29.585 0.0000000000
107753  -11.462  -7.215  29.401 0.0000000000
106277  -10.728  -7.585  30.028 0.0000000000
107734  -11.056  -7.298  30.176 0.0000000000
106267  -10.796  -7.476  30.696 0.0000000000
106259  -10.574  -7.612  31.518 0.0000000000
104943  -9.555  -8.758  29.969 0.0000000000
104929  -9.400  -8.591  30.509 0.0000000000
103581  -9.082  -9.084  30.255 0.0000000000
103570  -8.976  -8.898  30.744 0.0000000000
102339  -8.381  -9.853  30.388 0.0000000000
118773  -23.301  -1.172  25.194 0.0000000000
247529  -23.261  -0.172  25.412 0.0000000000
120093  -23.180  -0.090  25.926 0.0000000000
125335  -23.017  1.747  27.669 0.0000000000
240764  -22.871  1.312  27.148 0.0000000000
254376  -22.971  2.154  27.453 0.0000000000
110891  -21.959  -6.164  26.595 0.0000000000
231274  -23.708  -4.077  27.726 0.0000000000
112225  -22.865  -5.339  26.878 0.0000000000
112232  -23.327  -4.745  26.741 0.0000000000
247369  -23.344  -4.586  26.187 0.0000000000
121387  -22.841  -0.513  30.829 0.0000000000
246447  -23.225  -1.380  29.799 0.0000000000
118742  -23.148  -1.700  27.961 0.0000000000
117443  -23.327  -2.332  27.819 0.0000000000
116107  -23.846  -2.741  27.314 0.0000000000
113504  -23.955  -3.409  26.841 0.0000000000
114787  -23.884  -3.150  26.333 0.0000000000
250907  -23.873  -3.393  25.751 0.0000000000
247298  -23.881  -2.700  26.459 0.0000000000
120088  -23.212  -1.031  26.661 0.0000000000
117470  -23.666  -1.721  25.728 0.0000000000
118767  -23.319  -1.246  26.063 0.0000000000
117478  -23.572  -1.673  24.843 0.0000000000
110865  -22.813  -5.513  28.242 0.0000000000
253213  -22.380  -5.847  27.733 0.0000000000
109370  -21.492  -6.512  26.918 0.0000000000
138477  -32.192  9.235  10.112 0.0000000000
138486  -32.151  9.279  9.646 0.0000000000
139861  -32.790  10.012  9.831 0.0000000000
142391  -34.262  11.056  9.522 0.0000000000
141123  -33.321  10.435  9.264 0.0000000000
142398  -33.743  10.860  8.861 0.0000000000
142406  -33.484  10.891  7.842 0.0000000000
142407  -33.958  11.246  8.123 0.0000000000
254155  -37.658  12.149  10.236 0.0000000000
143752  -36.704  11.753  10.125 0.0000000000
143759  -37.168  11.942  9.832 0.0000000000
143775  -36.374  11.971  7.726 0.0000000000
143774  -35.782  11.783  8.196 0.0000000000
143782  -35.734  11.700  7.436 0.0000000000
142417  -34.806  11.295  7.034 0.0000000000
142434  -35.249  11.283  6.583 0.0000000000
142443  -35.205  11.078  5.980 0.0000000000
142435  -35.626  11.439  6.180 0.0000000000
145082  -37.009  12.946  5.252 0.0000000000
143804  -36.262  12.122  5.362 0.0000000000
146212  -36.841  13.036  4.757 0.0000000000
145087  -36.502  12.714  4.444 0.0000000000
146213  -37.248  13.420  4.771 0.0000000000
146220  -37.407  13.719  4.217 0.0000000000
239089  -37.617  13.492  5.062 0.0000000000
147347  -39.875  14.004  6.154 0.0000000000
147348  -40.585  14.337  6.136 0.0000000000
148552  -41.053  14.871  5.525 0.0000000000
148544  -41.371  14.679  6.146 0.0000000000
148538  -42.606  14.751  6.797 0.0000000000
245316  -23.827  5.011  19.245 0.0000000000
130353  -23.527  4.824  18.867 0.0000000000
130354  -23.851  5.122  18.659 0.0000000000
131561  -24.389  5.772  17.916 0.0000000000
131560  -24.028  5.407  17.805 0.0000000000
131566  -24.243  5.763  17.418 0.0000000000
130369  -23.793  5.337  16.874 0.0000000000
231643  -24.129  5.709  16.930 0.0000000000
231039  -26.938  7.647  18.736 0.0000000000
134236  -25.997  7.035  18.398 0.0000000000
134237  -26.386  7.308  18.065 0.0000000000
134248  -26.239  6.706  16.584 0.0000000000
132868  -25.807  6.528  16.855 0.0000000000
132888  -25.392  6.192  15.965 0.0000000000
263208  -24.907  5.949  15.950 0.0000000000
132905  -25.015  5.949  15.430 0.0000000000
131585  -24.592  5.652  14.970 0.0000000000
132906  -25.511  6.259  15.239 0.0000000000
132908  -26.544  6.610  14.924 0.0000000000
132931  -26.110  6.363  14.430 0.0000000000
132958  -26.261  6.093  13.786 0.0000000000
131614  -25.899  5.723  13.311 0.0000000000
132959  -26.838  6.136  13.691 0.0000000000
132985  -26.948  5.917  13.113 0.0000000000
132933  -27.237  6.506  14.198 0.0000000000
134265  -28.924  7.370  15.261 0.0000000000
132909  -29.166  7.127  14.701 0.0000000000
132910  -29.756  6.989  14.708 0.0000000000
135700  -32.101  7.664  16.725 0.0000000000
229610  -32.213  7.495  16.529 0.0000000000
134268  -31.401  7.101  15.939 0.0000000000
132892  -32.617  6.738  15.841 0.0000000000
263513  -14.088  -5.795  28.259 0.0000000000
110843  -13.851  -5.946  28.787 0.0000000000
110827  -14.057  -5.956  29.353 0.0000000000
110842  -13.428  -6.159  28.666 0.0000000000
107812  -13.541  -7.573  26.244 0.0000000000
236597  -13.412  -7.109  26.616 0.0000000000
227390  -13.060  -7.531  26.607 0.0000000000
107797  -12.194  -7.482  27.230 0.0000000000
107798  -12.596  -7.377  26.968 0.0000000000
107784  -12.363  -7.126  27.389 0.0000000000
109322  -12.456  -6.594  28.116 0.0000000000
258291  -12.358  -6.733  27.938 0.0000000000
107775  -12.037  -6.958  28.106 0.0000000000
106317  -11.741  -7.561  27.669 0.0000000000
101104  -2.345  -10.545  38.340 0.0000000000
117523  -22.486  -2.223  20.399 0.0000000000
263705  -21.742  -0.970  20.216 0.0000000000
124112  -21.652  1.134  21.091 0.0000000000
122807  -21.354  0.886  20.560 0.0000000000
125483  -21.755  1.833  21.028 0.0000000000
125503  -21.714  2.124  20.510 0.0000000000
126798  -21.816  2.646  20.995 0.0000000000
121452  -23.236  0.336  24.701 0.0000000000
121453  -23.021  -0.132  24.351 0.0000000000
122742  -23.081  0.762  25.033 0.0000000000
255276  -23.220  1.948  25.256 0.0000000000
245798  -22.901  1.484  25.014 0.0000000000
247753  -22.623  1.325  24.440 0.0000000000
124065  -22.394  1.109  23.844 0.0000000000
125377  -22.864  1.825  24.650 0.0000000000
129174  -23.488  3.712  24.131 0.0000000000
129169  -23.388  3.344  24.707 0.0000000000
127984  -23.204  2.845  23.808 0.0000000000
126766  -22.869  2.588  23.434 0.0000000000
127989  -23.060  3.038  23.292 0.0000000000
234042  -22.751  2.826  22.982 0.0000000000
127994  -22.908  3.270  22.707 0.0000000000
129182  -23.387  4.169  22.447 0.0000000000
127999  -23.202  3.999  22.138 0.0000000000
129185  -22.980  3.888  21.602 0.0000000000
231976  -23.116  4.088  21.335 0.0000000000
129191  -23.359  4.418  20.702 0.0000000000
230439  -23.963  4.966  21.459 0.0000000000
132824  -25.021  6.028  21.839 0.0000000000
132828  -24.740  5.784  21.255 0.0000000000
132829  -25.184  6.209  21.313 0.0000000000
132833  -25.273  6.346  20.531 0.0000000000
134218  -25.641  6.583  21.519 0.0000000000
135582  -26.616  7.544  23.846 0.0000000000
135591  -26.197  7.046  23.315 0.0000000000
135592  -26.709  7.599  23.145 0.0000000000
135610  -26.673  7.880  21.290 0.0000000000
105060  -17.524  -8.254  22.487 0.0000000000
105068  -17.492  -8.694  22.458 0.0000000000
105069  -17.898  -8.598  22.136 0.0000000000
110908  -21.090  -6.273  25.011 0.0000000000
109426  -20.697  -6.387  24.523 0.0000000000
109464  -20.824  -6.166  22.993 0.0000000000
109477  -20.393  -6.446  22.582 0.0000000000
107892  -20.054  -6.709  22.241 0.0000000000
109491  -20.538  -6.462  22.066 0.0000000000
110941  -22.031  -5.589  22.544 0.0000000000
110874  -16.333  -5.689  27.682 0.0000000000
249434  -15.904  -5.655  27.235 0.0000000000
110889  -17.640  -5.667  26.432 0.0000000000
109398  -16.036  -6.203  25.011 0.0000000000
109397  -15.558  -6.362  25.269 0.0000000000
109382  -15.307  -6.182  25.814 0.0000000000
109417  -15.354  -6.858  25.095 0.0000000000
107827  -14.939  -7.088  25.408 0.0000000000
147366  -38.488  14.406  3.502 0.0000000000
242750  -37.937  14.063  3.128 0.0000000000
148570  -38.886  14.553  2.985 0.0000000000
149772  -40.210  15.356  3.067 0.0000000000
149771  -39.557  15.014  2.782 0.0000000000
149786  -39.723  15.122  2.387 0.0000000000
148587  -39.566  14.697  1.667 0.0000000000
149787  -40.188  15.400  2.191 0.0000000000
153280  -42.996  16.951  5.004 0.0000000000
271435  -42.490  16.658  4.472 0.0000000000
152119  -42.908  16.877  4.395 0.0000000000
231180  -41.790  16.205  2.207 0.0000000000
151011  -41.644  16.217  2.865 0.0000000000
151022  -41.643  16.040  1.912 0.0000000000
149796  -40.803  15.706  1.749 0.0000000000
149810  -41.195  15.460  1.214 0.0000000000
148607  -41.472  14.745  0.462 0.0000000000
149818  -42.043  14.917  0.523 0.0000000000
148609  -43.158  14.811  0.056 0.0000000000
148608  -42.516  14.762  0.108 0.0000000000
148618  -43.015  14.489  -0.262 0.0000000000
147418  -43.346  13.763  -1.041 0.0000000000
147409  -43.516  14.079  -0.514 0.0000000000
147419  -43.981  13.692  -0.847 0.0000000000
148620  -44.049  14.249  -0.001 0.0000000000
149800  -45.144  15.116  1.287 0.0000000000
227234  -44.849  14.533  0.775 0.0000000000
149816  -45.361  14.680  1.118 0.0000000000
148599  -45.768  14.365  1.062 0.0000000000
267814  -45.837  14.709  1.271 0.0000000000
101134  -5.889  -10.852  32.936 0.0000000000
230236  -5.742  -10.712  33.456 0.0000000000
229624  -5.812  -11.026  32.914 0.0000000000
128042  -22.585  4.050  17.889 0.0000000000
128041  -22.401  3.632  17.820 0.0000000000
128047  -22.425  3.565  17.214 0.0000000000
131747  -29.847  5.336  9.280 0.0000000000
133045  -30.157  5.774  8.901 0.0000000000
133046  -30.259  6.344  9.170 0.0000000000
246591  -27.595  5.804  12.767 0.0000000000
131642  -28.034  5.700  12.660 0.0000000000
131676  -28.831  5.116  12.260 0.0000000000
131677  -29.478  5.057  12.223 0.0000000000
130436  -29.162  4.817  11.798 0.0000000000
131621  -32.381  5.541  13.424 0.0000000000
131620  -31.790  5.537  13.169 0.0000000000
131647  -32.197  5.633  12.698 0.0000000000
133006  -31.715  6.323  11.614 0.0000000000
131680  -31.453  5.790  11.940 0.0000000000
131704  -30.763  5.804  11.371 0.0000000000
131703  -30.328  5.356  11.399 0.0000000000
255830  -30.453  5.885  10.836 0.0000000000
135766  -31.907  7.918  11.087 0.0000000000
134369  -30.800  6.910  10.309 0.0000000000
265621  -31.360  7.706  10.709 0.0000000000
135777  -30.962  7.382  10.007 0.0000000000
135778  -31.176  7.833  10.302 0.0000000000
137127  -31.285  8.315  10.022 0.0000000000
137121  -31.811  8.707  10.921 0.0000000000
138462  -34.008  9.268  11.845 0.0000000000
138468  -33.700  9.511  11.577 0.0000000000
138469  -34.295  9.771  11.756 0.0000000000
139844  -34.506  9.997  11.769 0.0000000000
141089  -35.006  10.251  11.889 0.0000000000
103552  -8.003  -8.901  33.014 0.0000000000
103544  -8.317  -8.848  34.025 0.0000000000
103548  -7.915  -8.977  33.694 0.0000000000
103543  -7.776  -8.983  34.257 0.0000000000
102303  -7.048  -9.517  33.727 0.0000000000
102306  -7.121  -9.608  33.194 0.0000000000
101149  -6.877  -10.394  31.750 0.0000000000
228956  -6.481  -10.582  32.193 0.0000000000
100028  -6.617  -11.383  31.519 0.0000000000
101126  -5.337  -10.697  34.354 0.0000000000
102298  -5.794  -10.019  34.936 0.0000000000
102297  -5.360  -10.431  34.865 0.0000000000
99988  -4.458  -11.492  35.330 0.0000000000
101121  -4.598  -11.111  35.703 0.0000000000
101118  -4.242  -11.194  36.412 0.0000000000
94594  -3.497  -13.867  35.259 0.0000000000
259581  -3.624  -13.331  35.104 0.0000000000
97510  -2.833  -12.836  36.655 0.0000000000
97511  -3.337  -12.783  36.138 0.0000000000
98794  -3.258  -12.577  36.414 0.0000000000
99982  -3.202  -11.804  36.956 0.0000000000
99980  -3.037  -11.451  37.286 0.0000000000
99981  -2.566  -12.014  37.215 0.0000000000
98787  -2.034  -12.035  37.101 0.0000000000
99978  -2.036  -11.535  37.276 0.0000000000
99975  -2.016  -11.233  37.521 0.0000000000
92979  -1.054  -14.850  36.124 0.0000000000
103532  -6.049  -9.615  36.467 0.0000000000
116149  -23.892  -2.925  21.725 0.0000000000
117498  -23.396  -2.107  22.154 0.0000000000
120124  -22.564  -0.544  23.244 0.0000000000
224932  -18.717  -6.431  23.912 0.0000000000
109443  -19.319  -6.562  24.058 0.0000000000
109444  -19.717  -6.636  23.784 0.0000000000
114800  -24.170  -3.501  23.642 0.0000000000
113524  -24.094  -3.959  23.413 0.0000000000
114808  -24.258  -3.511  22.959 0.0000000000
113545  -24.095  -4.321  22.153 0.0000000000
113550  -24.194  -4.500  21.668 0.0000000000
113546  -24.424  -3.807  21.680 0.0000000000
113551  -24.400  -4.124  21.192 0.0000000000
109349  -20.984  -6.731  27.290 0.0000000000
109348  -20.499  -6.782  27.020 0.0000000000
109367  -19.588  -6.435  26.642 0.0000000000
239303  -19.251  -6.236  26.144 0.0000000000
109402  -19.045  -6.341  25.072 0.0000000000
143807  -34.635  11.487  3.946 0.0000000000
146240  -38.157  12.962  1.570 0.0000000000
124180  -21.650  1.136  19.079 0.0000000000
130413  -24.895  4.582  12.925 0.0000000000
129261  -24.702  4.073  12.797 0.0000000000
129262  -25.242  4.251  12.601 0.0000000000
129275  -25.062  3.763  12.514 0.0000000000
129291  -26.733  3.940  11.453 0.0000000000
235167  -10.945  -7.804  28.723 0.0000000000
107752  -11.063  -7.523  29.304 0.0000000000
106301  -10.784  -7.798  29.025 0.0000000000
106291  -10.454  -8.115  29.256 0.0000000000
106276  -10.387  -8.005  29.838 0.0000000000
103596  -9.180  -9.294  29.710 0.0000000000
102350  -8.814  -9.811  29.592 0.0000000000
102351  -9.120  -9.653  29.284 0.0000000000
120087  -23.142  -0.442  26.532 0.0000000000
254008  -23.076  0.177  26.281 0.0000000000
122711  -22.880  0.826  27.249 0.0000000000
226847  -22.893  1.320  27.924 0.0000000000
126628  -23.172  2.233  28.394 0.0000000000
267868  -23.013  -5.097  28.055 0.0000000000
112220  -22.765  -5.430  27.556 0.0000000000
112221  -23.305  -4.600  28.248 0.0000000000
113494  -23.514  -3.954  28.381 0.0000000000
114774  -23.594  -3.390  28.465 0.0000000000
120051  -22.820  -0.754  29.690 0.0000000000
120061  -22.909  -0.589  29.226 0.0000000000
118741  -23.118  -1.114  28.443 0.0000000000
118751  -23.167  -1.540  27.597 0.0000000000
258054  -23.611  -2.138  27.153 0.0000000000
118759  -23.332  -1.604  27.131 0.0000000000
120082  -23.165  -0.969  27.250 0.0000000000
110866  -23.336  -5.217  28.740 0.0000000000
139853  -33.402  10.411  10.417 0.0000000000
267711  -33.154  10.384  10.003 0.0000000000
141109  -34.141  10.981  10.303 0.0000000000
142388  -34.556  11.147  10.070 0.0000000000
266457  -34.708  11.242  9.558 0.0000000000
145028  -38.454  12.208  9.114 0.0000000000
143767  -37.361  12.062  9.153 0.0000000000
265822  -37.897  12.134  8.767 0.0000000000
145047  -37.285  12.260  7.685 0.0000000000
145046  -36.843  12.028  7.048 0.0000000000
143794  -36.494  11.947  6.312 0.0000000000
145071  -37.330  12.567  6.350 0.0000000000
145078  -37.769  12.927  6.227 0.0000000000
146208  -37.771  13.260  5.664 0.0000000000
146209  -38.275  13.518  5.642 0.0000000000
146203  -39.145  13.224  6.707 0.0000000000
146205  -40.602  13.345  7.100 0.0000000000
131550  -24.582  5.679  19.789 0.0000000000
131553  -24.156  5.405  18.774 0.0000000000
132843  -24.568  5.698  19.057 0.0000000000
236467  -24.897  6.205  18.827 0.0000000000
132852  -24.961  6.370  18.297 0.0000000000
227324  -27.215  7.690  18.034 0.0000000000
237897  -26.694  7.508  17.851 0.0000000000
135660  -26.790  7.491  17.140 0.0000000000
134249  -26.557  6.945  16.347 0.0000000000
134260  -26.340  6.621  16.071 0.0000000000
134281  -26.442  6.627  15.514 0.0000000000
134282  -26.856  6.948  15.296 0.0000000000
134283  -27.388  7.083  15.143 0.0000000000
134302  -27.577  6.879  14.648 0.0000000000
134284  -27.932  7.095  15.008 0.0000000000
134264  -28.368  7.321  15.355 0.0000000000
231403  -29.188  7.584  15.658 0.0000000000
231111  -15.069  -5.642  28.604 0.0000000000
110859  -14.819  -5.665  28.088 0.0000000000
110872  -14.381  -5.817  27.681 0.0000000000
109345  -13.729  -6.076  27.747 0.0000000000
106322  -11.636  -8.021  27.421 0.0000000000
265663  -45.764  12.983  -0.314 0.0000000000
146271  -45.468  12.922  -0.631 0.0000000000
145118  -46.219  12.658  -0.524 0.0000000000
146262  -46.997  12.637  -0.356 0.0000000000
146272  -47.489  12.511  -0.869 0.0000000000
101106  -3.069  -10.319  38.674 0.0000000000
118815  -22.484  -1.946  21.325 0.0000000000
234336  -22.682  -2.271  21.029 0.0000000000
120177  -22.372  -1.419  21.499 0.0000000000
268166  -22.164  -1.122  21.205 0.0000000000
120198  -21.943  -1.043  20.833 0.0000000000
121529  -21.792  -0.243  21.070 0.0000000000
228373  -21.790  0.242  21.494 0.0000000000
122797  -21.774  0.813  21.559 0.0000000000
125460  -22.015  1.886  22.021 0.0000000000
125360  -23.114  1.594  26.119 0.0000000000
124051  -22.976  1.052  25.328 0.0000000000
253843  -23.238  1.974  25.871 0.0000000000
126702  -23.459  2.311  25.573 0.0000000000
270636  -23.417  2.189  25.128 0.0000000000
130322  -24.158  4.455  25.101 0.0000000000
130328  -24.319  4.511  24.432 0.0000000000
252705  -23.870  4.293  23.759 0.0000000000
236671  -23.410  3.889  23.515 0.0000000000
127990  -23.173  3.528  23.169 0.0000000000
129175  -23.758  4.363  23.199 0.0000000000
129179  -23.680  4.443  22.736 0.0000000000
130338  -24.034  4.979  22.582 0.0000000000
131539  -24.225  5.236  21.736 0.0000000000
130339  -24.483  5.406  22.359 0.0000000000
267871  -25.039  5.749  22.658 0.0000000000
134212  -25.643  6.471  22.481 0.0000000000
136909  -27.280  8.351  23.419 0.0000000000
105070  -18.332  -8.324  21.944 0.0000000000
110914  -21.261  -6.011  24.450 0.0000000000
110915  -21.880  -5.654  24.268 0.0000000000
110930  -21.431  -5.788  23.279 0.0000000000
110956  -22.150  -5.785  21.492 0.0000000000
109493  -21.573  -6.035  21.624 0.0000000000
110875  -16.887  -5.683  27.535 0.0000000000
225089  -17.180  -5.975  24.719 0.0000000000
110907  -16.957  -5.849  25.244 0.0000000000
109399  -16.613  -6.125  24.750 0.0000000000
109419  -16.232  -6.479  24.502 0.0000000000
107839  -15.571  -7.126  24.603 0.0000000000
107852  -15.452  -7.590  24.501 0.0000000000
105047  -15.857  -8.437  23.934 0.0000000000
271010  -39.893  14.910  4.270 0.0000000000
148564  -39.914  15.064  3.864 0.0000000000
242395  -40.664  15.548  3.311 0.0000000000
149774  -40.949  15.693  3.312 0.0000000000
153288  -43.093  16.929  3.983 0.0000000000
231583  -43.592  17.076  3.624 0.0000000000
153303  -42.421  16.678  2.852 0.0000000000
152157  -42.201  16.293  1.898 0.0000000000
149812  -42.297  15.324  0.891 0.0000000000
151023  -42.613  16.012  1.411 0.0000000000
151033  -43.094  15.676  1.001 0.0000000000
149814  -43.544  15.270  0.670 0.0000000000
149821  -43.911  14.900  0.508 0.0000000000
149815  -44.135  15.115  0.859 0.0000000000
151026  -44.874  15.609  1.408 0.0000000000
152161  -45.280  15.936  1.669 0.0000000000
100017  -6.066  -11.474  32.214 0.0000000000
98825  -5.666  -11.761  32.438 0.0000000000
129230  -22.856  4.277  16.516 0.0000000000
128048  -22.510  3.862  16.780 0.0000000000
128060  -22.511  3.890  16.137 0.0000000000
235925  -22.518  3.897  15.664 0.0000000000
256206  -29.293  4.329  9.267 0.0000000000
239481  -29.567  5.002  9.614 0.0000000000
131734  -29.859  5.395  9.858 0.0000000000
131616  -28.907  6.122  13.363 0.0000000000
132988  -28.467  5.888  13.012 0.0000000000
131617  -29.540  5.880  13.190 0.0000000000
131618  -30.220  5.673  13.031 0.0000000000
131649  -33.540  5.881  12.804 0.0000000000
131682  -32.591  6.009  12.276 0.0000000000
133007  -32.274  6.481  11.823 0.0000000000
133017  -31.893  6.892  11.405 0.0000000000
133016  -31.362  6.692  11.211 0.0000000000
134358  -32.080  7.432  11.305 0.0000000000
135767  -32.288  8.156  11.306 0.0000000000
137116  -32.820  8.495  11.430 0.0000000000
137117  -33.287  8.505  11.689 0.0000000000
137113  -33.703  9.004  11.763 0.0000000000
138463  -34.406  9.112  12.102 0.0000000000
104908  -9.017  -8.404  32.169 0.0000000000
104903  -8.894  -8.404  32.803 0.0000000000
103553  -8.481  -8.574  32.891 0.0000000000
103556  -7.499  -9.314  32.833 0.0000000000
241756  -7.126  -9.650  32.663 0.0000000000
102311  -7.533  -9.543  32.184 0.0000000000
101155  -7.224  -10.635  31.214 0.0000000000
99995  -4.821  -11.818  34.201 0.0000000000
98810  -4.610  -12.272  34.109 0.0000000000
98804  -4.402  -12.173  34.678 0.0000000000
98803  -3.971  -12.598  35.167 0.0000000000
94593  -3.085  -14.048  35.755 0.0000000000
96099  -3.247  -13.502  35.691 0.0000000000
233521  -2.840  -13.624  36.350 0.0000000000
98793  -2.692  -12.661  36.908 0.0000000000
97506  -2.332  -12.959  36.985 0.0000000000
97505  -1.718  -12.826  36.897 0.0000000000
117416  -23.418  -1.584  30.710 0.0000000000
123968  -23.108  1.331  30.611 0.0000000000
143726  -37.241  11.722  11.474 0.0000000000
143735  -36.689  11.617  10.835 0.0000000000
143736  -37.219  11.755  10.804 0.0000000000
143748  -38.004  12.117  10.612 0.0000000000
267526  -38.293  12.380  10.101 0.0000000000
230287  -39.204  12.391  8.907 0.0000000000
145051  -40.020  12.634  7.827 0.0000000000
135619  -26.664  7.885  20.406 0.0000000000
135627  -26.233  7.461  19.363 0.0000000000
135629  -27.174  8.030  19.863 0.0000000000
226482  -27.133  7.811  19.440 0.0000000000
135639  -27.413  7.794  19.004 0.0000000000
135640  -27.826  7.877  18.591 0.0000000000
270821  -28.390  7.915  17.948 0.0000000000
137073  -29.069  8.111  16.627 0.0000000000
109395  -14.583  -6.821  25.809 0.0000000000
109380  -14.231  -6.571  26.183 0.0000000000
107825  -13.962  -7.657  25.856 0.0000000000
102285  -5.205  -9.654  38.132 0.0000000000
240102  -4.748  -9.990  37.942 0.0000000000
116158  -23.031  -2.720  21.060 0.0000000000
116159  -23.617  -3.020  21.330 0.0000000000
117504  -23.123  -2.198  21.695 0.0000000000
117514  -22.833  -2.236  21.338 0.0000000000
120153  -22.568  -1.236  21.892 0.0000000000
121505  -22.405  -0.346  22.534 0.0000000000
121490  -22.316  0.129  22.702 0.0000000000
132813  -25.815  6.245  23.797 0.0000000000
107870  -16.667  -7.467  23.621 0.0000000000
106366  -16.914  -7.778  23.163 0.0000000000
107871  -17.097  -7.272  23.404 0.0000000000
107887  -17.342  -7.518  22.980 0.0000000000
106375  -17.615  -7.738  22.581 0.0000000000
107873  -18.109  -6.808  23.108 0.0000000000
107889  -18.351  -7.074  22.630 0.0000000000
106376  -18.094  -7.499  22.389 0.0000000000
106382  -18.546  -7.762  22.047 0.0000000000
262954  -19.080  -7.799  21.817 0.0000000000
106383  -19.533  -7.576  21.673 0.0000000000
112250  -23.163  -4.912  24.191 0.0000000000
112249  -22.903  -5.215  23.796 0.0000000000
112256  -23.334  -4.810  23.566 0.0000000000
112255  -23.023  -5.162  23.297 0.0000000000
110942  -22.598  -5.407  22.412 0.0000000000
110950  -22.649  -5.473  21.879 0.0000000000
109504  -22.322  -5.962  20.989 0.0000000000
257501  -18.364  -5.835  27.845 0.0000000000
239746  -18.359  -5.832  27.222 0.0000000000
110890  -18.246  -5.831  26.608 0.0000000000
271347  -18.411  -5.995  25.697 0.0000000000
109401  -17.988  -5.888  25.430 0.0000000000
109400  -17.516  -5.882  25.126 0.0000000000
109420  -17.046  -6.243  24.271 0.0000000000
109440  -16.964  -6.686  23.899 0.0000000000
141172  -34.296  10.507  5.558 0.0000000000
146250  -39.488  13.233  0.548 0.0000000000
150975  -42.892  16.170  6.308 0.0000000000
150984  -42.594  16.291  5.766 0.0000000000
152107  -43.110  16.464  6.370 0.0000000000
153272  -43.344  17.040  6.106 0.0000000000
154477  -45.219  17.563  3.136 0.0000000000
130388  -23.721  4.964  14.780 0.0000000000
130395  -23.446  4.439  14.406 0.0000000000
130461  -29.139  4.482  10.961 0.0000000000
131586  -32.212  6.113  14.832 0.0000000000
132938  -31.479  5.982  14.229 0.0000000000
132939  -32.133  5.779  14.224 0.0000000000
131602  -32.884  5.620  13.977 0.0000000000
131603  -33.624  5.604  13.798 0.0000000000
131623  -33.948  5.779  13.231 0.0000000000
263107  -34.046  5.955  12.990 0.0000000000
134331  -34.809  6.508  12.814 0.0000000000
264171  -34.802  6.939  12.736 0.0000000000
135748  -34.923  7.275  12.860 0.0000000000
107735  -11.441  -7.083  29.909 0.0000000000
107715  -11.369  -7.027  30.610 0.0000000000
106252  -10.019  -7.917  31.824 0.0000000000
104919  -9.767  -8.238  30.751 0.0000000000
104913  -9.494  -8.240  31.497 0.0000000000
103569  -8.652  -9.042  31.186 0.0000000000
102325  -8.351  -9.604  30.930 0.0000000000
102324  -8.023  -9.950  30.890 0.0000000000
102338  -8.308  -10.310  30.082 0.0000000000
92981  -2.399  -14.559  36.506 0.0000000000
117484  -23.484  -1.624  24.000 0.0000000000
118784  -23.096  -1.016  23.774 0.0000000000
120100  -23.273  -0.449  24.850 0.0000000000
121440  -23.319  0.016  24.929 0.0000000000
243502  -23.085  0.892  25.612 0.0000000000
122726  -22.936  0.896  26.271 0.0000000000
253669  -23.044  2.205  26.724 0.0000000000
126629  -23.031  2.645  28.795 0.0000000000
228521  -20.371  -6.729  25.404 0.0000000000
109387  -21.167  -6.475  26.017 0.0000000000
109404  -21.413  -6.202  25.552 0.0000000000
235655  -21.906  -5.862  25.647 0.0000000000
110892  -22.428  -5.695  26.431 0.0000000000
110902  -22.364  -5.557  25.825 0.0000000000
110910  -22.267  -5.518  25.183 0.0000000000
112238  -22.707  -5.115  25.383 0.0000000000
117426  -23.505  -1.850  29.885 0.0000000000
250411  -23.484  -2.876  28.528 0.0000000000
266433  -23.677  -2.985  28.039 0.0000000000
117437  -23.199  -2.094  28.263 0.0000000000
237791  -23.395  -2.591  28.092 0.0000000000
113499  -23.963  -3.661  27.295 0.0000000000
113503  -23.750  -4.086  26.626 0.0000000000
113508  -23.584  -4.210  25.854 0.0000000000
113514  -23.577  -4.347  25.140 0.0000000000
236230  -23.786  -3.849  25.444 0.0000000000
114791  -23.955  -3.414  25.119 0.0000000000
117462  -23.846  -2.264  26.178 0.0000000000
116119  -24.012  -2.884  24.801 0.0000000000
117479  -23.869  -2.289  24.390 0.0000000000
109328  -21.839  -6.234  27.992 0.0000000000
109350  -21.490  -6.494  27.454 0.0000000000
138484  -31.458  8.307  9.298 0.0000000000
135807  -30.941  7.690  8.495 0.0000000000
138493  -31.425  8.523  8.828 0.0000000000
138494  -31.651  9.060  8.638 0.0000000000
141114  -32.860  10.183  9.354 0.0000000000
139868  -32.452  9.981  8.789 0.0000000000
139873  -32.344  9.987  7.963 0.0000000000
143745  -36.129  11.492  10.355 0.0000000000
142393  -35.630  11.338  9.868 0.0000000000
142400  -35.162  11.333  8.893 0.0000000000
143766  -36.585  11.844  9.218 0.0000000000
143764  -35.455  11.511  8.593 0.0000000000
143763  -34.955  11.366  8.384 0.0000000000
142416  -34.341  11.308  7.552 0.0000000000
232415  -34.234  11.154  6.933 0.0000000000
141159  -33.725  10.637  5.919 0.0000000000
242851  -34.845  10.826  5.663 0.0000000000
142447  -35.251  10.979  5.346 0.0000000000
143802  -35.465  11.316  4.943 0.0000000000
143798  -35.920  11.778  5.760 0.0000000000
143803  -35.797  11.730  5.137 0.0000000000
143808  -35.503  11.669  4.367 0.0000000000
143813  -35.063  11.962  3.584 0.0000000000
145091  -35.735  12.370  3.365 0.0000000000
145099  -36.476  12.664  3.296 0.0000000000
146231  -36.983  12.943  3.050 0.0000000000
235854  -37.372  13.672  3.763 0.0000000000
147357  -37.809  14.015  3.913 0.0000000000
147350  -38.319  14.226  4.201 0.0000000000
147351  -38.463  14.014  4.949 0.0000000000
147352  -39.080  14.271  5.058 0.0000000000
148556  -39.471  14.745  4.230 0.0000000000
242487  -40.339  15.066  4.402 0.0000000000
148553  -41.749  15.417  5.380 0.0000000000
148554  -41.840  15.286  5.644 0.0000000000
145061  -40.287  12.837  7.448 0.0000000000
146193  -41.260  13.294  7.221 0.0000000000
147341  -41.343  13.998  6.809 0.0000000000
147342  -41.949  14.602  6.472 0.0000000000
148546  -42.557  15.243  6.473 0.0000000000
149747  -42.660  15.816  6.254 0.0000000000
150972  -43.561  15.724  7.198 0.0000000000
128018  -22.620  4.003  19.643 0.0000000000
128027  -22.578  3.955  18.947 0.0000000000
240148  -22.792  4.231  18.806 0.0000000000
129214  -22.876  4.369  18.223 0.0000000000
130362  -23.293  4.769  18.049 0.0000000000
130363  -23.590  4.991  17.881 0.0000000000
130367  -23.267  4.746  17.508 0.0000000000
130375  -23.480  4.971  16.721 0.0000000000
130376  -23.654  5.168  16.201 0.0000000000
130382  -23.721  5.124  15.411 0.0000000000
134233  -25.945  7.110  19.045 0.0000000000
134239  -25.545  6.688  18.066 0.0000000000
132858  -25.069  6.409  17.745 0.0000000000
270757  -26.096  6.962  17.397 0.0000000000
132867  -25.199  6.373  17.160 0.0000000000
132876  -24.777  6.169  16.906 0.0000000000
131570  -24.472  5.912  16.699 0.0000000000
131577  -24.103  5.503  15.881 0.0000000000
131584  -24.116  5.383  15.203 0.0000000000
131597  -24.163  5.285  14.499 0.0000000000
131611  -24.272  5.175  13.816 0.0000000000
131612  -24.772  5.471  13.639 0.0000000000
132930  -25.555  6.287  14.553 0.0000000000
131599  -25.171  5.864  14.074 0.0000000000
130406  -25.051  5.159  13.087 0.0000000000
131638  -25.633  5.345  12.906 0.0000000000
131639  -26.053  5.467  12.792 0.0000000000
131673  -26.195  5.259  12.467 0.0000000000
131674  -26.626  5.327  12.223 0.0000000000
131640  -26.530  5.607  12.699 0.0000000000
132986  -27.405  5.970  13.046 0.0000000000
132961  -27.971  6.421  13.735 0.0000000000
134303  -28.001  6.909  14.561 0.0000000000
132935  -28.282  6.754  14.156 0.0000000000
224529  -28.772  6.650  13.896 0.0000000000
132936  -29.099  6.870  14.181 0.0000000000
132937  -29.666  6.691  14.207 0.0000000000
225177  -30.280  6.595  14.568 0.0000000000
135680  -29.682  8.216  16.739 0.0000000000
135697  -29.959  8.000  16.404 0.0000000000
134266  -29.660  7.657  15.898 0.0000000000
135699  -31.351  7.837  16.767 0.0000000000
239672  -30.081  7.375  15.618 0.0000000000
134267  -30.668  7.227  15.599 0.0000000000
132890  -31.185  6.643  15.248 0.0000000000
132912  -31.643  6.211  14.753 0.0000000000
132913  -32.626  6.240  15.202 0.0000000000
240846  -33.221  6.390  15.472 0.0000000000
109379  -13.733  -6.607  26.591 0.0000000000
109364  -13.653  -6.333  27.111 0.0000000000
109344  -13.113  -6.426  27.582 0.0000000000
107799  -12.959  -7.157  26.856 0.0000000000
109343  -12.812  -6.873  27.243 0.0000000000
110858  -13.352  -6.183  28.128 0.0000000000
109323  -12.958  -6.383  28.225 0.0000000000
109303  -13.189  -6.294  28.934 0.0000000000
109301  -12.302  -6.587  28.730 0.0000000000
228382  -11.729  -7.177  28.528 0.0000000000
106311  -11.362  -7.573  28.428 0.0000000000
106316  -11.450  -7.957  27.727 0.0000000000
231906  -11.291  -7.869  28.058 0.0000000000
106310  -10.958  -8.025  28.323 0.0000000000
147413  -47.712  13.305  -0.328 0.0000000000
147421  -47.757  13.515  -1.087 0.0000000000
122814  -21.297  0.721  20.138 0.0000000000
232262  -21.429  0.908  19.733 0.0000000000
253807  -21.642  1.707  20.060 0.0000000000
125517  -21.715  2.332  19.943 0.0000000000
128008  -22.343  3.428  20.244 0.0000000000
120113  -22.842  -0.592  23.848 0.0000000000
266697  -22.619  -0.179  23.813 0.0000000000
124058  -22.781  0.971  24.716 0.0000000000
120112  -22.470  -0.062  23.443 0.0000000000
122779  -22.427  0.468  23.577 0.0000000000
124076  -22.262  0.907  23.309 0.0000000000
126703  -23.539  2.548  25.229 0.0000000000
126728  -23.474  2.829  24.772 0.0000000000
126750  -22.991  2.289  24.121 0.0000000000
125415  -22.227  1.580  23.322 0.0000000000
124075  -22.138  1.020  22.841 0.0000000000
125436  -22.080  1.700  22.631 0.0000000000
126779  -22.184  2.283  22.407 0.0000000000
126789  -22.106  2.554  21.929 0.0000000000
267284  -22.782  3.190  22.245 0.0000000000
235275  -22.081  2.748  21.466 0.0000000000
126799  -22.381  3.189  21.154 0.0000000000
128002  -22.603  3.666  20.777 0.0000000000
128009  -22.665  3.959  20.308 0.0000000000
129195  -22.871  4.183  20.190 0.0000000000
130350  -23.734  4.943  19.935 0.0000000000
130346  -23.915  5.026  20.201 0.0000000000
131542  -24.100  5.105  21.048 0.0000000000
131545  -24.192  5.174  20.801 0.0000000000
131546  -24.563  5.617  20.666 0.0000000000
132836  -24.920  6.052  20.174 0.0000000000
134221  -25.633  6.632  20.820 0.0000000000
134222  -25.932  7.130  20.360 0.0000000000
132816  -25.694  6.316  23.267 0.0000000000
235304  -25.806  6.676  22.893 0.0000000000
135599  -26.064  6.931  22.261 0.0000000000
136908  -27.021  7.998  22.972 0.0000000000
135600  -26.511  7.337  22.203 0.0000000000
135605  -26.249  7.142  21.778 0.0000000000
134219  -26.031  7.007  21.369 0.0000000000
235640  -26.239  7.381  20.811 0.0000000000
135618  -26.214  7.583  20.235 0.0000000000
109425  -20.254  -6.625  24.598 0.0000000000
109462  -19.721  -6.627  23.256 0.0000000000
109446  -20.829  -6.192  23.981 0.0000000000
109476  -19.909  -6.633  22.729 0.0000000000
107891  -19.521  -6.879  22.389 0.0000000000
107905  -19.734  -7.049  21.898 0.0000000000
110924  -22.585  -5.431  23.490 0.0000000000
110931  -22.036  -5.561  23.099 0.0000000000
110940  -21.438  -5.826  22.709 0.0000000000
263731  -21.109  -6.459  21.244 0.0000000000
109492  -21.049  -6.272  21.848 0.0000000000
109502  -20.646  -6.517  21.636 0.0000000000
107906  -20.242  -6.769  21.727 0.0000000000
254914  -15.830  -5.644  27.755 0.0000000000
110897  -15.017  -6.008  26.383 0.0000000000
110877  -17.862  -5.685  27.621 0.0000000000
110876  -17.386  -5.660  27.405 0.0000000000
236899  -17.125  -5.629  26.889 0.0000000000
110900  -16.772  -5.721  25.852 0.0000000000
110888  -16.612  -5.650  26.454 0.0000000000
110887  -16.036  -5.696  26.624 0.0000000000
110898  -15.627  -5.886  26.186 0.0000000000
107837  -14.747  -7.532  25.308 0.0000000000
106356  -15.190  -7.951  24.662 0.0000000000
146232  -37.415  13.307  2.770 0.0000000000
147377  -38.082  13.808  2.387 0.0000000000
147382  -38.369  13.541  1.926 0.0000000000
148580  -39.200  14.713  2.768 0.0000000000
147379  -38.966  14.146  2.077 0.0000000000
147383  -38.798  13.807  1.803 0.0000000000
147386  -39.082  13.637  1.314 0.0000000000
228044  -39.392  14.155  1.347 0.0000000000
147388  -39.975  14.545  0.975 0.0000000000
150987  -42.100  16.277  4.910 0.0000000000
150990  -42.088  16.345  4.528 0.0000000000
150993  -41.044  15.792  3.160 0.0000000000
152124  -42.067  16.360  3.816 0.0000000000
151001  -41.177  15.909  2.925 0.0000000000
151000  -40.979  15.721  2.867 0.0000000000
149795  -40.292  15.433  1.844 0.0000000000
148595  -40.416  14.942  1.014 0.0000000000
148605  -40.342  14.333  0.575 0.0000000000
147396  -40.761  14.122  0.123 0.0000000000
147406  -41.497  13.785  -0.529 0.0000000000
147416  -41.993  13.493  -0.867 0.0000000000
148617  -42.381  14.399  -0.263 0.0000000000
147417  -42.660  13.690  -1.026 0.0000000000
146260  -44.512  13.497  -0.584 0.0000000000
148611  -44.340  14.470  0.382 0.0000000000
147398  -44.506  14.016  0.053 0.0000000000
147412  -45.332  13.356  -0.186 0.0000000000
147400  -45.556  13.643  0.304 0.0000000000
147391  -46.295  13.979  0.964 0.0000000000
148600  -46.699  14.271  1.213 0.0000000000
225975  -6.300  -9.821  34.477 0.0000000000
101130  -6.125  -10.222  33.837 0.0000000000
101129  -5.647  -10.589  33.951 0.0000000000
99996  -5.126  -11.499  33.730 0.0000000000
100010  -5.490  -11.637  32.906 0.0000000000
98818  -5.087  -12.023  33.198 0.0000000000
98811  -4.876  -12.063  33.752 0.0000000000
126835  -22.183  3.034  18.016 0.0000000000
126834  -22.045  2.598  17.670 0.0000000000
128072  -22.777  3.632  14.637 0.0000000000
134399  -30.394  6.834  8.878 0.0000000000
268074  -27.060  5.473  12.203 0.0000000000
130433  -27.087  5.131  11.828 0.0000000000
130434  -27.825  4.978  11.836 0.0000000000
259475  -28.514  5.517  12.560 0.0000000000
241489  -28.209  5.280  12.226 0.0000000000
130452  -28.874  4.539  11.422 0.0000000000
236786  -31.223  5.585  13.321 0.0000000000
131645  -30.862  5.528  12.872 0.0000000000
226063  -30.566  5.382  12.379 0.0000000000
266851  -31.092  5.538  12.322 0.0000000000
131678  -30.150  5.150  12.013 0.0000000000
130437  -29.805  4.944  11.592 0.0000000000
130462  -29.503  4.773  10.661 0.0000000000
131720  -29.770  5.174  10.363 0.0000000000
131721  -30.111  5.611  10.350 0.0000000000
131735  -30.176  5.865  9.927 0.0000000000
133027  -31.081  6.914  10.794 0.0000000000
133026  -30.727  6.548  10.557 0.0000000000
133035  -30.307  6.340  9.726 0.0000000000
251180  -31.046  7.544  9.538 0.0000000000
137134  -31.293  7.951  9.414 0.0000000000
137135  -31.456  8.329  9.595 0.0000000000
138478  -32.622  9.493  10.368 0.0000000000
137122  -32.634  8.905  11.063 0.0000000000
138472  -32.885  9.329  10.811 0.0000000000
139846  -33.130  9.918  10.596 0.0000000000
139848  -34.166  10.306  11.337 0.0000000000
141100  -35.067  10.531  11.664 0.0000000000
142373  -35.432  10.996  11.236 0.0000000000
137108  -34.763  8.261  12.712 0.0000000000
103538  -7.098  -9.179  35.128 0.0000000000
103539  -7.647  -8.976  34.824 0.0000000000
103542  -7.215  -9.110  34.530 0.0000000000
103546  -6.885  -9.456  34.254 0.0000000000
231884  -6.634  -9.897  33.471 0.0000000000
101143  -6.295  -10.461  32.698 0.0000000000
102310  -6.834  -10.000  32.261 0.0000000000
101156  -7.733  -10.445  30.779 0.0000000000
101170  -7.530  -10.950  30.701 0.0000000000
102299  -6.217  -9.681  35.170 0.0000000000
250348  -5.744  -9.895  35.523 0.0000000000
235099  -5.628  -9.875  36.150 0.0000000000
101124  -4.904  -11.002  34.927 0.0000000000
101125  -5.020  -10.549  35.433 0.0000000000
102291  -5.062  -10.198  36.491 0.0000000000
102288  -4.845  -10.176  37.232 0.0000000000
102287  -4.298  -10.362  37.778 0.0000000000
94610  -3.905  -13.695  34.671 0.0000000000
97522  -3.789  -12.912  34.952 0.0000000000
98797  -3.679  -12.591  35.766 0.0000000000
98795  -3.714  -12.229  35.993 0.0000000000
99983  -3.695  -11.631  36.613 0.0000000000
101115  -3.980  -10.711  37.494 0.0000000000
101111  -3.692  -10.583  38.130 0.0000000000
252547  -3.049  -10.682  38.328 0.0000000000
99979  -2.387  -11.556  37.382 0.0000000000
101109  -2.494  -10.882  38.227 0.0000000000
101108  -2.041  -10.828  37.885 0.0000000000
92980  -1.965  -14.747  36.514 0.0000000000
91364  -1.397  -15.088  36.340 0.0000000000
94557  -1.518  -13.948  36.762 0.0000000000
96055  -1.349  -13.186  36.785 0.0000000000
97504  -1.303  -12.612  36.564 0.0000000000
94575  -1.191  -14.358  36.401 0.0000000000
98824  -5.279  -12.076  32.713 0.0000000000
98833  -5.863  -12.010  31.786 0.0000000000
99986  -4.044  -11.699  35.978 0.0000000000
99997  -5.379  -11.018  33.803 0.0000000000
100011  -5.821  -11.426  32.554 0.0000000000
101114  -3.347  -11.009  37.779 0.0000000000
101135  -6.204  -10.352  33.205 0.0000000000
101154  -6.814  -10.934  31.543 0.0000000000
102294  -5.249  -10.172  35.819 0.0000000000
103533  -6.505  -9.379  36.124 0.0000000000
103562  -8.429  -9.093  31.553 0.0000000000
104959  -10.334  -8.666  28.576 0.0000000000
105048  -16.353  -8.595  23.435 0.0000000000
107854  -16.360  -7.186  23.953 0.0000000000
109366  -18.632  -6.036  26.157 0.0000000000
109403  -20.858  -6.570  25.494 0.0000000000
109421  -17.535  -6.090  24.401 0.0000000000
109438  -16.018  -6.909  24.305 0.0000000000
109461  -17.766  -6.659  23.520 0.0000000000
110863  -17.330  -5.734  27.924 0.0000000000
110878  -21.935  -6.192  27.273 0.0000000000
110901  -21.694  -6.201  26.074 0.0000000000
110905  -15.813  -5.953  25.559 0.0000000000
110916  -22.455  -5.435  24.005 0.0000000000
110922  -21.383  -5.819  23.851 0.0000000000
112262  -23.066  -5.097  22.764 0.0000000000
113481  -23.778  -4.432  29.458 0.0000000000
113518  -23.594  -4.436  24.447 0.0000000000
113530  -24.206  -3.859  22.813 0.0000000000
113539  -24.409  -3.829  22.268 0.0000000000
114770  -23.572  -3.500  29.177 0.0000000000
116108  -23.933  -2.902  26.934 0.0000000000
116125  -24.079  -2.928  23.959 0.0000000000
116144  -24.185  -3.111  22.159 0.0000000000
117431  -23.350  -1.703  29.348 0.0000000000
117450  -23.308  -2.042  27.533 0.0000000000
117461  -23.659  -1.824  26.612 0.0000000000
117515  -23.360  -2.575  21.530 0.0000000000
118724  -23.041  -1.037  29.501 0.0000000000
118734  -23.127  -0.977  29.021 0.0000000000
118750  -23.087  -1.140  27.850 0.0000000000
118803  -22.706  -1.843  21.772 0.0000000000
118814  -22.171  -1.593  20.948 0.0000000000
120037  -22.818  -0.941  30.588 0.0000000000
120068  -23.018  -0.614  28.698 0.0000000000
120197  -21.642  -0.394  20.384 0.0000000000
121413  -22.827  0.022  28.761 0.0000000000
121417  -23.015  -0.095  28.220 0.0000000000
121427  -22.941  0.558  26.837 0.0000000000
121439  -23.355  0.366  25.315 0.0000000000
122679  -23.057  0.654  30.197 0.0000000000
122691  -22.985  0.700  29.595 0.0000000000
122705  -22.831  1.034  27.596 0.0000000000
122759  -22.939  0.599  24.561 0.0000000000
122778  -22.292  0.497  23.006 0.0000000000
124009  -22.965  1.552  27.365 0.0000000000
124026  -22.985  1.375  26.564 0.0000000000
124098  -21.827  1.493  21.552 0.0000000000
124111  -21.609  1.466  20.550 0.0000000000
124156  -21.617  1.418  19.608 0.0000000000
125308  -23.025  1.982  28.878 0.0000000000
125323  -23.063  1.813  28.236 0.0000000000
125344  -22.997  1.966  27.088 0.0000000000
125528  -21.756  1.753  19.117 0.0000000000
126643  -23.184  2.681  28.274 0.0000000000
126674  -23.167  2.759  26.273 0.0000000000
126790  -22.561  3.109  21.783 0.0000000000
126806  -21.840  2.818  20.385 0.0000000000
126812  -21.927  2.920  19.764 0.0000000000
126843  -22.305  3.175  17.402 0.0000000000
127980  -23.375  3.179  24.124 0.0000000000
127995  -23.166  3.807  22.626 0.0000000000
127998  -22.977  3.633  22.042 0.0000000000
128026  -22.357  3.487  19.100 0.0000000000
128033  -22.368  3.511  18.479 0.0000000000
128065  -22.466  3.521  15.151 0.0000000000
129165  -23.763  4.187  24.875 0.0000000000
129183  -23.678  4.540  22.149 0.0000000000
129186  -23.375  4.211  21.990 0.0000000000
129196  -23.345  4.568  20.107 0.0000000000
129203  -23.358  4.651  19.385 0.0000000000
129208  -22.994  4.381  19.102 0.0000000000
129220  -22.527  3.936  17.388 0.0000000000
129221  -22.896  4.400  17.700 0.0000000000
129238  -22.860  4.279  15.976 0.0000000000
129239  -23.078  4.503  15.547 0.0000000000
129253  -24.008  4.174  13.305 0.0000000000
130329  -24.660  4.831  24.175 0.0000000000
130332  -24.392  4.713  23.904 0.0000000000
130333  -24.681  5.077  23.419 0.0000000000
130342  -23.674  4.613  21.219 0.0000000000
130345  -23.685  4.735  20.540 0.0000000000
130351  -24.047  5.209  19.717 0.0000000000
130358  -23.282  4.699  18.533 0.0000000000
130360  -23.843  5.185  18.077 0.0000000000
130374  -23.213  4.680  16.899 0.0000000000
130430  -25.655  4.456  12.461 0.0000000000
131527  -25.017  4.952  24.078 0.0000000000
131528  -25.566  5.338  24.249 0.0000000000
131535  -25.290  5.510  23.343 0.0000000000
131537  -24.768  5.633  22.335 0.0000000000
131538  -25.127  5.715  22.852 0.0000000000
131543  -24.383  5.390  21.305 0.0000000000
131549  -24.275  5.369  20.122 0.0000000000
131559  -23.783  5.178  17.713 0.0000000000
131565  -23.878  5.394  17.358 0.0000000000
131587  -32.718  5.884  14.587 0.0000000000
131598  -24.645  5.583  14.265 0.0000000000
131613  -25.400  5.645  13.471 0.0000000000
131622  -33.200  5.604  13.324 0.0000000000
131648  -33.168  6.111  12.435 0.0000000000
131679  -30.986  5.632  11.838 0.0000000000
131705  -31.230  6.081  11.451 0.0000000000
132812  -25.635  5.859  23.483 0.0000000000
132819  -25.082  5.958  22.341 0.0000000000
132821  -25.609  6.335  22.936 0.0000000000
132825  -25.237  6.198  21.901 0.0000000000
132851  -24.498  5.819  18.426 0.0000000000
132857  -24.776  6.217  18.073 0.0000000000
132878  -25.894  6.430  16.311 0.0000000000
132887  -24.911  6.083  16.396 0.0000000000
132911  -30.625  6.773  15.009 0.0000000000
132934  -27.755  6.650  14.149 0.0000000000
132987  -27.952  6.099  13.199 0.0000000000
132990  -34.740  6.323  12.840 0.0000000000
132991  -35.175  6.118  13.005 0.0000000000
133009  -33.631  6.802  12.053 0.0000000000
134215  -26.059  6.952  21.961 0.0000000000
134232  -25.570  6.812  19.416 0.0000000000
134241  -26.299  7.188  17.388 0.0000000000
134243  -25.714  6.640  17.434 0.0000000000
134244  -26.130  6.869  17.064 0.0000000000
134251  -30.299  7.653  16.104 0.0000000000
134261  -26.684  6.910  15.814 0.0000000000
134285  -28.690  7.184  14.913 0.0000000000
134301  -27.045  6.778  14.774 0.0000000000
134332  -35.044  6.415  13.012 0.0000000000
134370  -31.129  7.385  10.557 0.0000000000
134385  -30.818  7.159  9.650 0.0000000000
135581  -26.211  7.053  23.935 0.0000000000
135609  -26.373  7.424  21.308 0.0000000000
135628  -26.546  7.762  19.749 0.0000000000
135637  -26.457  7.382  18.727 0.0000000000
135648  -26.808  7.575  18.310 0.0000000000
135650  -27.878  7.814  18.095 0.0000000000
135676  -26.906  7.371  16.612 0.0000000000
135683  -31.678  7.961  17.134 0.0000000000
135694  -28.219  7.706  16.225 0.0000000000
135696  -29.262  7.930  16.154 0.0000000000
135709  -28.029  7.538  15.853 0.0000000000
135799  -30.724  7.184  9.175 0.0000000000
136897  -26.965  7.988  23.679 0.0000000000
137114  -34.715  8.958  12.396 0.0000000000
137120  -31.420  8.241  10.638 0.0000000000
137128  -31.604  8.883  10.401 0.0000000000
137142  -31.214  8.051  8.944 0.0000000000
137148  -31.220  8.153  8.396 0.0000000000
138464  -34.818  9.204  12.272 0.0000000000
138473  -33.398  9.635  11.127 0.0000000000
138485  -31.676  8.828  9.325 0.0000000000
139834  -34.669  9.648  11.928 0.0000000000
139847  -33.664  10.253  10.916 0.0000000000
139851  -32.545  9.659  9.949 0.0000000000
139860  -32.469  9.766  9.405 0.0000000000
141099  -34.633  10.472  11.398 0.0000000000
141103  -33.727  10.664  10.496 0.0000000000
141105  -34.921  10.840  11.035 0.0000000000
141107  -33.199  10.368  9.920 0.0000000000
141108  -33.613  10.708  10.164 0.0000000000
141122  -32.933  10.286  8.865 0.0000000000
142383  -35.111  11.107  10.650 0.0000000000
142385  -36.068  11.439  10.678 0.0000000000
142387  -34.060  10.986  10.000 0.0000000000
142389  -35.560  11.372  10.119 0.0000000000
142392  -35.085  11.222  9.655 0.0000000000
142399  -34.703  11.265  9.072 0.0000000000
142408  -34.499  11.311  8.271 0.0000000000
142415  -33.871  11.178  7.463 0.0000000000
142432  -34.110  10.940  6.404 0.0000000000
142442  -34.417  10.833  5.988 0.0000000000
143737  -37.853  11.944  11.096 0.0000000000
143746  -36.645  11.668  10.474 0.0000000000
143751  -36.147  11.512  9.949 0.0000000000
143753  -37.546  12.105  10.055 0.0000000000
143754  -38.020  12.292  9.959 0.0000000000
143756  -35.630  11.375  9.267 0.0000000000
143758  -36.668  11.743  9.878 0.0000000000
143765  -35.954  11.683  8.868 0.0000000000
143768  -37.975  12.112  9.032 0.0000000000
143772  -34.837  11.378  7.685 0.0000000000
143781  -35.249  11.466  7.203 0.0000000000
143783  -36.301  11.791  6.835 0.0000000000
143795  -36.882  12.064  6.555 0.0000000000
143799  -36.379  12.077  5.896 0.0000000000
143812  -34.602  11.636  3.275 0.0000000000
145005  -39.147  12.457  10.229 0.0000000000
145039  -39.640  12.497  8.345 0.0000000000
145049  -39.076  12.459  7.755 0.0000000000
145050  -39.583  12.553  7.891 0.0000000000
145052  -40.421  12.668  7.850 0.0000000000
145057  -38.416  12.747  6.922 0.0000000000
145058  -38.878  12.700  7.130 0.0000000000
145060  -39.895  12.764  7.375 0.0000000000
145062  -40.804  12.903  7.506 0.0000000000
145072  -38.217  12.914  6.545 0.0000000000
145074  -39.205  12.911  6.958 0.0000000000
145076  -36.735  12.500  5.600 0.0000000000
145077  -37.253  12.835  5.822 0.0000000000
145081  -36.583  12.599  5.038 0.0000000000
145086  -35.958  12.207  4.029 0.0000000000
145092  -36.465  12.769  3.852 0.0000000000
145104  -36.969  12.432  2.238 0.0000000000
146192  -40.097  12.990  7.206 0.0000000000
146215  -37.993  13.728  5.003 0.0000000000
146224  -36.852  13.084  3.681 0.0000000000
146225  -37.381  13.543  3.250 0.0000000000
146237  -37.929  13.243  2.086 0.0000000000
146239  -37.742  12.749  1.823 0.0000000000
146252  -46.077  13.093  -0.027 0.0000000000
146257  -40.384  13.061  -0.252 0.0000000000
146263  -47.651  12.803  -0.625 0.0000000000
146267  -42.420  13.153  -1.167 0.0000000000
146273  -47.786  12.794  -1.217 0.0000000000
147329  -42.427  14.615  6.713 0.0000000000
147338  -39.601  13.468  6.764 0.0000000000
147339  -40.188  13.720  6.771 0.0000000000
147345  -38.679  13.777  5.611 0.0000000000
147346  -39.185  13.766  6.064 0.0000000000
147358  -38.109  14.177  3.955 0.0000000000
147359  -38.857  14.528  4.181 0.0000000000
147365  -38.104  14.184  3.455 0.0000000000
147373  -37.782  13.791  2.826 0.0000000000
147378  -38.586  13.999  2.285 0.0000000000
147384  -39.186  14.163  1.665 0.0000000000
147387  -39.457  13.750  0.906 0.0000000000
147390  -45.700  13.967  0.771 0.0000000000
147395  -39.857  13.724  0.434 0.0000000000
147397  -41.331  14.279  0.018 0.0000000000
147399  -45.017  13.825  0.172 0.0000000000
147407  -42.159  13.950  -0.632 0.0000000000
147411  -44.724  13.666  -0.213 0.0000000000
148539  -42.823  14.712  6.973 0.0000000000
148545  -42.138  15.132  6.028 0.0000000000
148551  -40.318  14.596  5.301 0.0000000000
148557  -39.772  14.637  4.771 0.0000000000
148558  -40.918  15.178  4.786 0.0000000000
148559  -41.758  16.048  4.556 0.0000000000
148563  -39.415  14.901  3.510 0.0000000000
148569  -38.449  14.296  3.016 0.0000000000
148572  -39.803  15.138  3.249 0.0000000000
148579  -38.868  14.326  2.615 0.0000000000
148584  -39.287  14.707  2.451 0.0000000000
148596  -40.954  15.057  0.801 0.0000000000
148597  -41.625  15.023  0.780 0.0000000000
148598  -45.254  14.258  0.785 0.0000000000
148610  -43.742  14.650  0.168 0.0000000000
148612  -44.868  14.193  0.481 0.0000000000
149738  -42.871  15.284  6.799 0.0000000000
149746  -42.382  15.742  5.895 0.0000000000
149748  -43.141  15.607  6.891 0.0000000000
149757  -41.942  15.898  5.116 0.0000000000
149761  -41.825  16.190  4.202 0.0000000000
149765  -40.234  15.340  3.396 0.0000000000
149766  -40.697  15.497  3.772 0.0000000000
149780  -40.166  15.380  2.682 0.0000000000
149781  -40.564  15.550  2.551 0.0000000000
149788  -40.561  15.575  2.059 0.0000000000
149794  -39.818  15.055  1.836 0.0000000000
149797  -41.401  15.797  1.566 0.0000000000
149799  -44.465  15.327  1.177 0.0000000000
149809  -40.593  15.382  1.426 0.0000000000
149811  -41.824  15.357  1.036 0.0000000000
149813  -42.943  15.371  0.679 0.0000000000
149820  -43.329  15.082  0.349 0.0000000000
150976  -43.173  15.826  6.824 0.0000000000
150983  -42.459  16.514  5.341 0.0000000000
150989  -41.904  16.242  4.122 0.0000000000
150994  -41.338  15.933  3.761 0.0000000000
150995  -41.857  15.972  3.975 0.0000000000
151002  -41.695  16.220  3.456 0.0000000000
151009  -41.003  15.733  2.447 0.0000000000
151010  -41.258  15.959  2.567 0.0000000000
151025  -44.102  15.819  1.358 0.0000000000
151027  -45.539  15.439  1.486 0.0000000000
151032  -42.462  15.648  1.176 0.0000000000
152106  -43.067  16.502  6.152 0.0000000000
152115  -42.506  16.660  4.965 0.0000000000
152117  -43.161  16.913  5.566 0.0000000000
152121  -42.487  16.606  3.920 0.0000000000
152129  -41.917  16.354  3.116 0.0000000000
152143  -41.955  16.380  2.515 0.0000000000
152144  -42.498  16.652  2.195 0.0000000000
152145  -43.206  16.762  2.043 0.0000000000
152148  -45.629  16.310  2.019 0.0000000000
152158  -42.843  16.477  1.695 0.0000000000
152159  -43.652  16.311  1.650 0.0000000000
153281  -43.279  17.219  5.380 0.0000000000
153284  -43.154  16.968  4.528 0.0000000000
153293  -42.788  16.816  3.450 0.0000000000
153305  -43.939  17.106  3.157 0.0000000000
153320  -44.498  16.862  2.485 0.0000000000
153321  -45.241  16.818  2.369 0.0000000000
154457  -44.317  17.844  4.327 0.0000000000
154476  -44.595  17.389  3.313 0.0000000000
225415  -36.013  11.274  11.309 0.0000000000
227088  -22.767  0.948  28.496 0.0000000000
229427  -41.920  14.577  0.121 0.0000000000
231100  -40.582  13.030  7.304 0.0000000000
231524  -23.463  -2.259  29.507 0.0000000000
232076  -24.010  4.995  22.035 0.0000000000
232086  -37.959  12.525  7.242 0.0000000000
233286  -44.754  14.919  1.055 0.0000000000
233669  -27.898  7.664  16.636 0.0000000000
234142  -46.165  14.958  1.458 0.0000000000
234415  -20.038  -6.549  23.529 0.0000000000
234684  -35.635  11.265  10.909 0.0000000000
234875  -42.882  16.870  4.885 0.0000000000
235377  -36.217  11.920  8.548 0.0000000000
236982  -23.736  -2.793  27.685 0.0000000000
237382  -33.252  6.923  16.113 0.0000000000
237519  -39.546  13.047  6.993 0.0000000000
238255  -11.065  -7.379  29.743 0.0000000000
238794  -42.031  16.019  1.625 0.0000000000
239363  -44.186  17.284  3.601 0.0000000000
239400  -21.714  1.902  19.617 0.0000000000
239545  -20.482  -6.300  23.506 0.0000000000
239598  -23.095  -1.592  22.556 0.0000000000
239613  -30.958  7.605  9.024 0.0000000000
240370  -23.172  -0.225  26.998 0.0000000000
240401  -40.308  13.835  0.151 0.0000000000
240991  -41.007  13.841  -0.266 0.0000000000
241743  -43.257  15.135  7.118 0.0000000000
242254  -23.227  -1.776  28.832 0.0000000000
243366  -22.562  2.123  23.550 0.0000000000
244234  -36.045  11.763  6.286 0.0000000000
245739  -24.542  5.810  16.195 0.0000000000
245774  -35.177  11.026  4.699 0.0000000000
247526  -21.334  0.257  19.929 0.0000000000
248083  -16.879  -8.782  23.013 0.0000000000
248307  -32.766  10.313  8.261 0.0000000000
251900  -31.304  8.260  7.979 0.0000000000
253037  -23.633  -2.461  27.435 0.0000000000
253316  -37.048  11.859  10.319 0.0000000000
253678  -23.186  2.095  26.265 0.0000000000
253892  -31.677  7.530  16.468 0.0000000000
254666  -41.360  15.968  3.602 0.0000000000
257202  -22.897  0.039  29.757 0.0000000000
257586  -27.556  7.431  15.958 0.0000000000
258717  -38.799  12.264  8.218 0.0000000000
259136  -38.372  12.165  8.731 0.0000000000
259140  -23.316  -2.154  29.063 0.0000000000
259309  -26.730  7.583  22.640 0.0000000000
259587  -23.652  -2.141  22.761 0.0000000000
260590  -27.140  7.633  17.509 0.0000000000
260930  -37.679  12.092  9.688 0.0000000000
261507  -5.214  -11.677  33.335 0.0000000000
262114  -37.486  12.192  8.470 0.0000000000
262174  -23.375  -1.574  30.241 0.0000000000
262217  -23.186  -0.689  25.506 0.0000000000
262919  -37.729  13.471  2.494 0.0000000000
263042  -22.704  4.142  19.199 0.0000000000
263502  -24.632  4.748  24.634 0.0000000000
263732  -18.482  -6.126  25.210 0.0000000000
264177  -24.392  5.957  17.103 0.0000000000
264467  -33.057  10.539  7.859 0.0000000000
264878  -38.684  12.475  9.899 0.0000000000
265531  -24.388  4.140  12.971 0.0000000000
265882  -24.949  6.068  19.431 0.0000000000
265956  -33.950  10.425  11.060 0.0000000000
266336  -30.631  6.261  14.277 0.0000000000
266798  -34.840  10.962  6.037 0.0000000000
267232  -23.996  5.183  19.109 0.0000000000
267296  -23.282  1.982  25.608 0.0000000000
267620  -24.845  4.924  24.370 0.0000000000
267869  -34.213  6.036  15.214 0.0000000000
268260  -22.499  3.806  20.020 0.0000000000
268276  -23.176  -1.367  28.858 0.0000000000
268798  -35.339  11.223  10.754 0.0000000000
269608  -4.421  -10.431  37.349 0.0000000000
270451  -23.849  -3.362  27.832 0.0000000000
270932  -36.766  12.030  9.928 0.0000000000
271148  -35.294  11.314  4.468 0.0000000000
