#!ascii label  , from subject corrected_filled vox2ras=TkReg
1308
268410  -13.093  -14.790  38.112 0.0000000000
121407  -30.669  0.216  29.773 0.0000000000
232915  -37.826  2.848  25.157 0.0000000000
270967  -43.564  5.526  19.186 0.0000000000
112188  -30.109  -4.913  31.590 0.0000000000
125452  -42.939  2.290  22.917 0.0000000000
135760  -44.767  7.741  12.171 0.0000000000
135785  -50.543  8.386  11.453 0.0000000000
243506  -33.292  1.935  31.831 0.0000000000
126649  -37.665  3.125  29.274 0.0000000000
127935  -33.116  3.194  27.047 0.0000000000
96010  -16.668  -13.281  40.673 0.0000000000
91329  -19.945  -14.662  38.955 0.0000000000
90109  -24.123  -15.770  37.642 0.0000000000
246189  -28.738  -13.465  36.329 0.0000000000
98840  -32.846  -12.232  31.738 0.0000000000
104937  -35.067  -7.950  30.681 0.0000000000
114740  -33.910  -3.292  32.743 0.0000000000
121466  -41.846  0.074  25.029 0.0000000000
139855  -52.062  10.287  11.360 0.0000000000
123961  -31.670  2.091  32.000 0.0000000000
127869  -33.045  3.909  30.871 0.0000000000
250203  -31.647  2.128  28.612 0.0000000000
97497  -16.747  -12.623  38.248 0.0000000000
94517  -18.262  -13.671  39.530 0.0000000000
237070  -31.212  -10.511  30.845 0.0000000000
264935  -34.168  -9.974  30.910 0.0000000000
106281  -32.095  -7.746  30.568 0.0000000000
117427  -30.641  -2.354  30.516 0.0000000000
113445  -31.598  -3.841  33.031 0.0000000000
239856  -31.225  -0.904  33.024 0.0000000000
120009  -33.058  -0.605  32.916 0.0000000000
127927  -38.009  4.094  27.488 0.0000000000
239003  -39.429  1.491  27.072 0.0000000000
126693  -40.862  2.738  26.686 0.0000000000
128003  -44.996  3.300  20.977 0.0000000000
124090  -46.034  1.309  22.680 0.0000000000
126823  -46.826  2.972  19.390 0.0000000000
126838  -44.330  3.110  16.993 0.0000000000
135733  -48.021  7.510  15.098 0.0000000000
134310  -45.078  7.591  15.082 0.0000000000
109237  -29.761  -6.744  32.194 0.0000000000
125539  -42.753  2.591  17.872 0.0000000000
134363  -47.734  7.260  11.664 0.0000000000
236232  -50.204  7.021  12.986 0.0000000000
135811  -51.360  8.033  9.040 0.0000000000
123992  -33.447  1.156  29.805 0.0000000000
126622  -35.168  3.520  30.511 0.0000000000
129109  -35.351  4.521  28.875 0.0000000000
94512  -14.813  -14.194  39.498 0.0000000000
90137  -20.462  -15.994  36.088 0.0000000000
91344  -21.844  -15.277  38.663 0.0000000000
90157  -22.961  -16.026  35.507 0.0000000000
91408  -25.647  -15.727  35.622 0.0000000000
93028  -28.022  -14.948  34.543 0.0000000000
93050  -30.153  -14.601  34.253 0.0000000000
97534  -30.876  -13.045  34.410 0.0000000000
253418  -36.095  -12.507  32.200 0.0000000000
110809  -32.623  -5.624  31.730 0.0000000000
110812  -35.165  -5.428  31.767 0.0000000000
110823  -37.419  -5.501  30.691 0.0000000000
114761  -34.772  -3.499  31.011 0.0000000000
120039  -33.238  -0.961  31.075 0.0000000000
124061  -43.705  1.607  25.166 0.0000000000
131592  -42.941  6.599  15.813 0.0000000000
130372  -44.377  5.357  17.472 0.0000000000
257923  -13.232  -14.597  39.605 0.0000000000
123969  -31.170  1.267  30.766 0.0000000000
125300  -31.870  2.372  30.502 0.0000000000
124003  -31.130  1.399  28.955 0.0000000000
103574  -30.557  -8.987  31.315 0.0000000000
102343  -32.192  -9.465  30.145 0.0000000000
104933  -31.155  -8.171  31.071 0.0000000000
120038  -30.493  -0.655  30.401 0.0000000000
118698  -30.661  -1.589  32.125 0.0000000000
250310  -30.797  -0.117  31.848 0.0000000000
122655  -31.455  0.715  32.636 0.0000000000
127944  -39.310  3.609  26.846 0.0000000000
127974  -39.597  3.187  25.739 0.0000000000
129197  -44.639  5.076  20.577 0.0000000000
128005  -46.431  3.564  20.679 0.0000000000
129212  -45.580  4.786  19.630 0.0000000000
126831  -45.935  2.465  18.468 0.0000000000
128038  -44.937  3.936  18.381 0.0000000000
132949  -48.559  6.640  15.220 0.0000000000
260551  -47.157  7.263  15.770 0.0000000000
132998  -47.388  6.096  14.340 0.0000000000
134378  -47.751  7.080  10.565 0.0000000000
134364  -48.914  7.101  11.526 0.0000000000
134351  -49.098  7.119  12.902 0.0000000000
134365  -51.106  7.698  12.254 0.0000000000
133022  -51.045  6.820  12.308 0.0000000000
137118  -51.824  8.356  12.220 0.0000000000
138489  -52.352  9.626  11.043 0.0000000000
240020  -33.297  1.187  31.094 0.0000000000
125311  -34.131  1.867  29.881 0.0000000000
126620  -34.178  3.098  31.396 0.0000000000
129125  -33.402  3.807  28.459 0.0000000000
130271  -34.401  4.664  29.417 0.0000000000
129127  -34.453  4.176  28.238 0.0000000000
127924  -35.771  3.790  27.584 0.0000000000
127937  -34.285  3.380  27.002 0.0000000000
94524  -15.734  -14.238  38.944 0.0000000000
94515  -17.202  -13.716  40.006 0.0000000000
92925  -19.071  -14.091  39.150 0.0000000000
92958  -23.604  -14.605  38.192 0.0000000000
91359  -23.280  -15.418  38.309 0.0000000000
90122  -22.588  -15.988  37.248 0.0000000000
90124  -23.660  -16.082  37.128 0.0000000000
90158  -23.889  -16.075  35.573 0.0000000000
90144  -25.000  -15.917  36.571 0.0000000000
92995  -28.694  -14.474  35.938 0.0000000000
232924  -29.066  -14.674  34.936 0.0000000000
94619  -29.726  -14.116  35.282 0.0000000000
98837  -31.031  -11.854  32.217 0.0000000000
98821  -30.416  -11.857  33.345 0.0000000000
97552  -31.771  -12.695  32.818 0.0000000000
96186  -32.426  -13.663  33.681 0.0000000000
97555  -33.630  -13.301  32.733 0.0000000000
261943  -34.797  -13.229  32.506 0.0000000000
98841  -34.086  -12.295  31.834 0.0000000000
232855  -34.973  -8.645  30.674 0.0000000000
246851  -35.977  -10.249  30.901 0.0000000000
103576  -36.401  -9.075  30.875 0.0000000000
106271  -36.043  -7.558  30.913 0.0000000000
109239  -31.072  -6.413  32.097 0.0000000000
231508  -31.184  -5.291  32.330 0.0000000000
114738  -32.644  -3.471  33.090 0.0000000000
112189  -33.388  -4.710  32.336 0.0000000000
112191  -34.808  -4.663  32.156 0.0000000000
110814  -36.284  -5.374  31.563 0.0000000000
113463  -35.601  -4.180  31.702 0.0000000000
252990  -34.943  -3.461  31.930 0.0000000000
122657  -33.071  0.873  32.718 0.0000000000
118699  -33.465  -1.453  32.162 0.0000000000
244190  -33.044  0.248  31.730 0.0000000000
234916  -32.943  0.190  30.281 0.0000000000
97490  -15.256  -12.630  39.062 0.0000000000
97471  -15.381  -12.972  41.315 0.0000000000
94492  -14.733  -13.461  41.541 0.0000000000
126660  -36.493  2.480  28.576 0.0000000000
125347  -37.738  2.042  27.867 0.0000000000
122737  -40.714  1.030  26.380 0.0000000000
126774  -42.008  2.935  23.497 0.0000000000
126761  -42.010  2.955  24.588 0.0000000000
125428  -43.338  2.507  24.195 0.0000000000
121533  -46.260  0.393  21.179 0.0000000000
121523  -45.220  -0.020  22.426 0.0000000000
134276  -44.995  7.403  16.733 0.0000000000
134290  -43.673  7.363  15.308 0.0000000000
132880  -44.046  6.850  17.387 0.0000000000
131572  -43.481  6.460  17.202 0.0000000000
131573  -44.427  6.182  17.551 0.0000000000
230904  -44.388  4.637  16.809 0.0000000000
137137  -49.901  8.755  9.683 0.0000000000
137130  -50.868  9.341  11.375 0.0000000000
138488  -50.570  10.295  10.336 0.0000000000
141117  -51.256  11.164  9.939 0.0000000000
258061  -32.253  2.561  32.437 0.0000000000
126599  -32.925  3.602  32.094 0.0000000000
126609  -32.384  3.180  31.735 0.0000000000
126631  -32.270  3.024  29.358 0.0000000000
127919  -32.484  3.195  27.755 0.0000000000
97484  -16.604  -12.635  39.593 0.0000000000
94506  -17.438  -13.332  40.025 0.0000000000
96028  -19.428  -13.755  39.120 0.0000000000
100033  -32.406  -11.325  31.057 0.0000000000
100035  -33.913  -11.218  31.395 0.0000000000
101176  -33.104  -10.324  30.643 0.0000000000
103588  -33.658  -8.867  30.310 0.0000000000
106283  -33.778  -7.643  30.360 0.0000000000
116064  -30.513  -3.418  31.539 0.0000000000
112180  -31.082  -4.458  32.707 0.0000000000
114748  -30.697  -3.358  32.181 0.0000000000
232404  -31.601  -2.745  33.319 0.0000000000
253973  -32.430  -1.987  33.469 0.0000000000
260718  -33.337  -2.119  32.727 0.0000000000
119999  -32.265  -0.567  33.730 0.0000000000
244490  -32.290  0.922  33.142 0.0000000000
228902  -15.354  -12.709  38.304 0.0000000000
127898  -38.481  3.975  28.706 0.0000000000
125341  -38.545  2.567  28.285 0.0000000000
126671  -39.614  3.069  27.985 0.0000000000
238828  -40.464  2.154  27.272 0.0000000000
253536  -41.871  1.587  26.181 0.0000000000
124108  -44.306  1.882  21.808 0.0000000000
125454  -44.764  1.971  23.170 0.0000000000
126794  -46.093  2.209  21.782 0.0000000000
125499  -46.930  2.197  20.706 0.0000000000
135742  -46.463  8.024  13.708 0.0000000000
135728  -44.857  7.532  14.007 0.0000000000
135730  -46.084  7.993  15.096 0.0000000000
134293  -46.268  7.412  16.490 0.0000000000
120069  -30.608  -0.384  28.443 0.0000000000
118726  -30.558  -1.489  29.023 0.0000000000
126739  -39.490  2.846  24.582 0.0000000000
124105  -42.197  1.537  21.594 0.0000000000
124150  -43.477  1.521  20.438 0.0000000000
126813  -43.494  3.376  19.469 0.0000000000
126829  -42.971  3.959  18.496 0.0000000000
135762  -45.978  7.931  12.031 0.0000000000
135754  -47.886  7.743  13.516 0.0000000000
134323  -48.689  7.077  14.652 0.0000000000
131660  -49.546  5.815  13.541 0.0000000000
247828  -52.225  9.221  11.636 0.0000000000
135803  -51.672  7.941  9.960 0.0000000000
124005  -34.057  1.435  29.187 0.0000000000
125313  -35.110  2.421  29.582 0.0000000000
127882  -36.434  3.858  30.182 0.0000000000
129080  -34.454  4.269  30.869 0.0000000000
129081  -35.452  4.610  30.371 0.0000000000
258571  -37.250  4.655  29.677 0.0000000000
129142  -36.826  4.152  27.960 0.0000000000
127940  -36.660  3.577  27.049 0.0000000000
231192  -31.310  0.983  27.384 0.0000000000
270878  -32.136  2.220  27.026 0.0000000000
126685  -33.418  2.820  25.876 0.0000000000
92921  -14.238  -14.470  38.895 0.0000000000
94533  -15.285  -14.518  38.174 0.0000000000
240656  -20.707  -16.070  34.639 0.0000000000
96053  -19.146  -13.598  37.536 0.0000000000
94539  -20.322  -14.066  38.851 0.0000000000
91331  -20.861  -15.036  38.761 0.0000000000
90139  -21.514  -16.050  36.189 0.0000000000
91448  -26.398  -15.471  33.896 0.0000000000
91450  -27.226  -15.208  33.787 0.0000000000
97519  -28.633  -12.571  36.072 0.0000000000
98808  -29.761  -12.142  34.785 0.0000000000
96119  -29.689  -13.127  35.548 0.0000000000
93032  -30.956  -14.003  34.541 0.0000000000
94642  -32.338  -14.322  33.751 0.0000000000
100037  -35.353  -11.137  31.625 0.0000000000
107725  -31.399  -7.083  31.454 0.0000000000
261063  -32.594  -6.501  31.009 0.0000000000
107726  -33.587  -6.337  31.020 0.0000000000
110790  -32.562  -4.890  32.437 0.0000000000
110810  -33.426  -5.442  31.788 0.0000000000
226113  -35.396  -6.391  31.189 0.0000000000
229859  -36.223  -6.241  31.320 0.0000000000
109261  -37.708  -6.076  30.972 0.0000000000
113486  -34.574  -4.267  30.015 0.0000000000
117398  -33.812  -2.269  32.005 0.0000000000
116087  -34.050  -2.926  31.028 0.0000000000
114759  -33.690  -3.251  30.398 0.0000000000
235453  -33.118  -1.739  29.966 0.0000000000
269397  -14.231  -14.138  40.421 0.0000000000
228231  -40.641  2.957  25.367 0.0000000000
125370  -42.295  2.213  25.885 0.0000000000
122766  -42.826  0.597  25.277 0.0000000000
124068  -45.038  1.373  23.841 0.0000000000
121487  -44.095  0.188  24.193 0.0000000000
251637  -43.064  -0.478  23.781 0.0000000000
126846  -42.445  3.402  17.052 0.0000000000
129215  -42.771  5.249  18.478 0.0000000000
134308  -43.637  7.288  14.575 0.0000000000
132917  -42.829  6.550  14.398 0.0000000000
130384  -42.397  5.358  15.789 0.0000000000
130370  -43.008  5.581  17.287 0.0000000000
129223  -43.529  5.791  18.041 0.0000000000
128052  -44.173  4.044  17.089 0.0000000000
92919  -12.747  -14.825  38.360 0.0000000000
122680  -30.856  0.766  30.519 0.0000000000
123978  -30.999  1.145  29.997 0.0000000000
123990  -30.898  0.978  29.254 0.0000000000
103573  -30.119  -8.812  31.721 0.0000000000
103584  -30.894  -8.607  31.121 0.0000000000
104922  -30.254  -7.921  32.196 0.0000000000
242138  -30.588  -0.187  30.028 0.0000000000
120028  -30.591  -0.514  31.163 0.0000000000
261446  -30.597  -0.165  30.584 0.0000000000
121388  -30.749  0.253  31.082 0.0000000000
126691  -37.670  3.131  25.852 0.0000000000
127972  -38.348  3.260  25.793 0.0000000000
126712  -38.547  2.976  25.268 0.0000000000
129204  -44.310  5.179  19.956 0.0000000000
130348  -45.384  5.230  20.393 0.0000000000
129211  -44.691  5.213  19.338 0.0000000000
128029  -45.236  4.451  18.970 0.0000000000
129218  -44.460  5.092  18.745 0.0000000000
131658  -48.291  5.774  13.667 0.0000000000
233555  -47.953  6.338  14.950 0.0000000000
135784  -49.685  7.763  10.844 0.0000000000
134380  -49.372  7.289  11.158 0.0000000000
230426  -49.962  7.284  12.095 0.0000000000
135775  -50.307  7.746  11.742 0.0000000000
135786  -51.322  8.185  12.100 0.0000000000
123981  -33.576  1.835  31.039 0.0000000000
125291  -33.477  2.553  31.837 0.0000000000
127911  -33.556  3.674  28.030 0.0000000000
129126  -33.943  4.077  28.363 0.0000000000
127912  -34.022  3.863  27.993 0.0000000000
127922  -34.350  3.776  27.721 0.0000000000
127936  -33.632  3.220  26.887 0.0000000000
261951  -16.214  -13.414  40.832 0.0000000000
94505  -17.066  -13.460  40.375 0.0000000000
92926  -19.474  -14.422  39.049 0.0000000000
92940  -18.987  -14.628  38.634 0.0000000000
91360  -23.853  -15.166  38.138 0.0000000000
91347  -23.429  -15.010  38.453 0.0000000000
228285  -23.525  -15.835  37.804 0.0000000000
90125  -24.278  -16.021  36.879 0.0000000000
91376  -24.761  -15.654  37.404 0.0000000000
94590  -28.567  -13.965  36.373 0.0000000000
92994  -28.267  -14.511  36.338 0.0000000000
94591  -28.877  -13.942  36.146 0.0000000000
94605  -29.070  -14.199  35.775 0.0000000000
94606  -29.396  -13.959  35.670 0.0000000000
98839  -32.186  -12.169  31.798 0.0000000000
98829  -31.605  -12.347  32.457 0.0000000000
97570  -32.575  -12.595  32.235 0.0000000000
97554  -32.951  -13.090  32.716 0.0000000000
97571  -33.218  -12.705  32.280 0.0000000000
97572  -33.868  -12.774  32.255 0.0000000000
252228  -33.440  -12.280  31.771 0.0000000000
103590  -35.476  -9.157  30.809 0.0000000000
104924  -35.544  -8.470  30.823 0.0000000000
104926  -36.497  -8.273  30.805 0.0000000000
106270  -35.607  -7.719  30.833 0.0000000000
110787  -30.327  -5.686  32.031 0.0000000000
263109  -30.344  -5.089  32.051 0.0000000000
114739  -33.190  -3.145  33.027 0.0000000000
112184  -33.770  -4.277  32.502 0.0000000000
113456  -34.494  -4.228  32.357 0.0000000000
112192  -35.387  -4.449  32.030 0.0000000000
113462  -35.025  -4.095  32.168 0.0000000000
114750  -35.272  -3.789  31.793 0.0000000000
114741  -34.419  -3.388  32.457 0.0000000000
237861  -33.176  1.313  32.308 0.0000000000
122666  -33.050  0.754  32.246 0.0000000000
123971  -33.148  1.340  31.938 0.0000000000
122673  -33.084  0.705  31.471 0.0000000000
234125  -16.377  -12.766  40.371 0.0000000000
97482  -15.206  -12.556  39.981 0.0000000000
97472  -15.957  -12.956  41.011 0.0000000000
96003  -15.516  -13.053  41.197 0.0000000000
126648  -37.087  2.868  29.134 0.0000000000
125339  -37.388  2.308  28.245 0.0000000000
126661  -37.702  2.724  28.814 0.0000000000
121449  -41.462  0.376  25.495 0.0000000000
121448  -40.739  0.312  25.430 0.0000000000
121465  -41.053  0.054  24.959 0.0000000000
120120  -41.761  -0.485  23.939 0.0000000000
126785  -42.209  2.763  23.032 0.0000000000
126775  -42.703  2.783  23.697 0.0000000000
225115  -43.437  2.356  23.611 0.0000000000
135749  -44.511  7.522  12.707 0.0000000000
132896  -45.416  6.897  17.387 0.0000000000
132895  -44.307  7.185  16.959 0.0000000000
125271  -32.096  2.330  32.525 0.0000000000
126590  -32.256  2.726  32.298 0.0000000000
125290  -31.786  2.447  31.772 0.0000000000
125310  -31.620  2.099  29.655 0.0000000000
126630  -32.033  2.701  29.906 0.0000000000
126644  -31.851  2.489  29.037 0.0000000000
126645  -32.217  2.951  28.628 0.0000000000
126658  -31.986  2.560  28.384 0.0000000000
97491  -16.621  -12.557  38.803 0.0000000000
96052  -18.816  -13.356  38.110 0.0000000000
101158  -30.599  -10.013  31.357 0.0000000000
229243  -31.102  -10.965  31.046 0.0000000000
100032  -31.751  -11.384  31.229 0.0000000000
101160  -31.690  -10.949  30.831 0.0000000000
253487  -32.389  -10.724  30.678 0.0000000000
104935  -32.525  -8.375  30.205 0.0000000000
103587  -32.674  -9.128  30.073 0.0000000000
240330  -33.059  -8.834  30.133 0.0000000000
104936  -33.963  -8.286  30.320 0.0000000000
106282  -32.896  -7.661  30.351 0.0000000000
116076  -30.537  -2.840  31.037 0.0000000000
116065  -30.557  -2.788  31.766 0.0000000000
118688  -30.964  -1.465  32.751 0.0000000000
117396  -30.952  -2.039  32.667 0.0000000000
117385  -31.385  -1.666  33.221 0.0000000000
116041  -32.176  -2.624  33.430 0.0000000000
117375  -31.762  -1.549  33.540 0.0000000000
117376  -32.177  -1.481  33.585 0.0000000000
118677  -31.665  -0.984  33.502 0.0000000000
122656  -31.806  1.474  32.772 0.0000000000
122647  -31.843  0.883  33.031 0.0000000000
123946  -32.275  1.632  32.975 0.0000000000
97496  -16.054  -12.655  38.190 0.0000000000
229957  -15.932  -12.585  38.890 0.0000000000
129144  -38.392  4.155  28.099 0.0000000000
127914  -38.889  3.663  28.429 0.0000000000
127928  -38.714  3.927  27.680 0.0000000000
126692  -40.506  3.163  26.520 0.0000000000
126678  -40.525  2.755  27.204 0.0000000000
125358  -40.771  2.302  27.006 0.0000000000
124036  -40.946  1.986  26.811 0.0000000000
125363  -41.121  2.327  26.673 0.0000000000
125496  -44.443  2.046  21.273 0.0000000000
229533  -45.045  2.199  21.809 0.0000000000
126801  -45.603  3.141  21.192 0.0000000000
128014  -46.840  3.334  20.078 0.0000000000
126803  -46.682  3.070  20.847 0.0000000000
229967  -47.020  2.623  20.171 0.0000000000
122818  -46.953  1.415  20.591 0.0000000000
125534  -46.718  1.925  18.825 0.0000000000
230590  -47.090  7.982  14.340 0.0000000000
135731  -46.678  7.994  14.938 0.0000000000
135732  -47.467  7.853  15.189 0.0000000000
132921  -46.309  6.383  16.454 0.0000000000
118737  -30.641  -0.949  28.742 0.0000000000
124126  -43.201  1.400  21.106 0.0000000000
125532  -42.833  2.182  18.422 0.0000000000
125533  -43.265  2.782  18.846 0.0000000000
126820  -43.063  3.140  18.386 0.0000000000
236132  -48.092  7.099  11.239 0.0000000000
135773  -46.835  7.484  11.477 0.0000000000
135772  -46.287  7.660  11.474 0.0000000000
246548  -46.815  7.772  12.214 0.0000000000
264849  -47.340  7.768  12.815 0.0000000000
135763  -47.678  7.519  12.388 0.0000000000
233554  -49.910  6.938  13.195 0.0000000000
134337  -48.962  7.164  13.784 0.0000000000
260912  -49.438  6.937  13.713 0.0000000000
132975  -49.101  6.528  14.487 0.0000000000
132999  -50.035  6.387  13.465 0.0000000000
131661  -50.111  5.910  13.283 0.0000000000
131662  -50.531  6.123  12.894 0.0000000000
134366  -51.460  7.233  11.815 0.0000000000
139849  -51.757  10.200  11.575 0.0000000000
232219  -52.158  9.208  12.059 0.0000000000
138481  -52.193  9.865  11.681 0.0000000000
137145  -51.922  8.692  9.917 0.0000000000
124004  -33.594  1.087  29.200 0.0000000000
229571  -33.829  1.057  28.651 0.0000000000
126632  -34.909  2.824  30.237 0.0000000000
125312  -34.616  2.283  29.890 0.0000000000
126633  -35.457  3.020  29.931 0.0000000000
126634  -36.037  3.221  29.682 0.0000000000
127881  -35.767  3.700  30.272 0.0000000000
127857  -33.012  3.960  31.542 0.0000000000
127858  -33.557  3.970  31.851 0.0000000000
129068  -33.351  4.058  31.333 0.0000000000
130285  -35.042  4.739  29.274 0.0000000000
130259  -35.011  4.754  30.141 0.0000000000
130286  -35.638  4.765  29.445 0.0000000000
129083  -36.487  4.721  30.180 0.0000000000
250598  -36.853  4.759  29.246 0.0000000000
269798  -37.063  4.471  28.631 0.0000000000
129130  -36.421  4.396  28.504 0.0000000000
127939  -36.019  3.534  27.095 0.0000000000
127925  -36.405  3.812  27.522 0.0000000000
92922  -14.596  -14.574  38.293 0.0000000000
94523  -15.005  -14.375  38.856 0.0000000000
94525  -16.410  -14.134  38.889 0.0000000000
96018  -17.820  -13.324  39.666 0.0000000000
94527  -18.019  -14.013  39.135 0.0000000000
91389  -19.308  -15.598  35.594 0.0000000000
90136  -19.885  -15.848  35.389 0.0000000000
268416  -20.169  -15.956  34.854 0.0000000000
90153  -20.542  -16.039  35.355 0.0000000000
94546  -19.799  -13.736  37.806 0.0000000000
94538  -19.895  -13.770  38.787 0.0000000000
91343  -21.280  -15.309  38.617 0.0000000000
90096  -21.012  -15.638  38.162 0.0000000000
90097  -21.588  -15.604  38.238 0.0000000000
226080  -22.858  -16.004  36.660 0.0000000000
91375  -22.078  -15.916  36.792 0.0000000000
90140  -22.579  -15.958  35.952 0.0000000000
224552  -21.940  -16.067  34.867 0.0000000000
90156  -22.454  -16.014  35.152 0.0000000000
229162  -22.766  -15.892  34.020 0.0000000000
258066  -24.987  -15.923  35.728 0.0000000000
90175  -24.600  -15.831  34.399 0.0000000000
90160  -25.117  -15.811  34.953 0.0000000000
90176  -25.251  -15.662  34.176 0.0000000000
91427  -25.738  -15.656  34.748 0.0000000000
225163  -27.919  -14.926  35.889 0.0000000000
91394  -27.334  -15.221  35.649 0.0000000000
91411  -27.161  -15.303  34.990 0.0000000000
91430  -27.196  -15.264  34.367 0.0000000000
93027  -27.544  -15.111  34.277 0.0000000000
256318  -28.267  -14.794  34.059 0.0000000000
266108  -29.656  -14.639  34.472 0.0000000000
93049  -29.389  -14.691  34.003 0.0000000000
93068  -30.034  -14.669  33.567 0.0000000000
93069  -30.926  -14.666  33.368 0.0000000000
97533  -30.673  -12.440  33.875 0.0000000000
98814  -30.106  -11.908  34.090 0.0000000000
231553  -30.357  -12.543  34.540 0.0000000000
97526  -29.412  -12.519  35.347 0.0000000000
97528  -30.505  -13.054  34.845 0.0000000000
96140  -30.218  -13.386  35.178 0.0000000000
96162  -31.433  -13.588  34.327 0.0000000000
96188  -33.158  -13.961  33.221 0.0000000000
94632  -32.501  -14.076  33.753 0.0000000000
94643  -33.010  -14.240  33.366 0.0000000000
93096  -32.614  -14.701  32.901 0.0000000000
97574  -35.795  -12.972  32.451 0.0000000000
267057  -35.670  -13.406  32.467 0.0000000000
97575  -36.384  -12.848  32.218 0.0000000000
101161  -33.793  -10.670  31.080 0.0000000000
100036  -34.517  -10.995  31.496 0.0000000000
101163  -34.983  -10.541  31.354 0.0000000000
106269  -30.870  -7.311  31.850 0.0000000000
109253  -30.942  -6.889  32.028 0.0000000000
109240  -31.844  -5.949  31.850 0.0000000000
230623  -31.716  -6.551  31.578 0.0000000000
109254  -32.334  -6.077  31.433 0.0000000000
107745  -33.262  -6.988  30.634 0.0000000000
109255  -33.051  -5.899  31.304 0.0000000000
267802  -31.320  -4.123  32.878 0.0000000000
112181  -31.391  -4.812  32.647 0.0000000000
112182  -32.085  -4.596  32.742 0.0000000000
110802  -34.378  -4.954  32.130 0.0000000000
110801  -33.789  -5.022  32.138 0.0000000000
239171  -34.612  -5.607  31.678 0.0000000000
107727  -34.410  -6.174  31.249 0.0000000000
109257  -35.020  -5.969  31.397 0.0000000000
107729  -35.839  -6.279  31.281 0.0000000000
109258  -35.582  -5.743  31.531 0.0000000000
112199  -36.567  -5.218  31.378 0.0000000000
110815  -36.837  -5.596  31.361 0.0000000000
110824  -37.846  -5.841  30.705 0.0000000000
113477  -35.463  -3.966  30.873 0.0000000000
113476  -34.934  -3.896  30.617 0.0000000000
117387  -33.149  -1.556  32.870 0.0000000000
117397  -33.487  -1.910  32.377 0.0000000000
118689  -33.379  -1.283  32.609 0.0000000000
118708  -33.442  -1.549  31.537 0.0000000000
117408  -33.704  -2.023  31.850 0.0000000000
117419  -33.594  -2.122  31.294 0.0000000000
116077  -33.800  -2.554  31.167 0.0000000000
117428  -33.343  -2.143  30.542 0.0000000000
118720  -33.251  -1.554  30.619 0.0000000000
122693  -33.165  0.790  30.160 0.0000000000
121409  -32.886  -0.365  29.735 0.0000000000
230477  -33.017  0.275  29.537 0.0000000000
94502  -15.226  -13.736  40.828 0.0000000000
94501  -14.639  -13.895  40.943 0.0000000000
257180  -14.754  -14.066  40.248 0.0000000000
94511  -14.216  -14.256  39.700 0.0000000000
124024  -39.043  1.831  27.420 0.0000000000
124023  -38.586  1.944  27.582 0.0000000000
126758  -40.153  2.818  24.255 0.0000000000
126740  -40.227  2.897  24.942 0.0000000000
125384  -42.891  2.511  25.191 0.0000000000
126743  -42.281  2.834  25.133 0.0000000000
125371  -42.828  2.124  25.637 0.0000000000
124054  -42.664  1.745  25.874 0.0000000000
124060  -43.337  1.016  25.265 0.0000000000
125456  -45.897  1.733  22.726 0.0000000000
125430  -45.124  1.763  23.530 0.0000000000
124079  -45.768  1.326  22.997 0.0000000000
121503  -44.762  0.345  23.414 0.0000000000
121511  -44.030  -0.212  23.446 0.0000000000
121501  -43.850  -0.224  23.832 0.0000000000
120136  -43.608  -0.446  23.367 0.0000000000
128043  -42.741  4.484  17.944 0.0000000000
128050  -42.594  4.218  17.317 0.0000000000
134309  -44.326  7.310  14.356 0.0000000000
132918  -43.499  7.082  15.799 0.0000000000
255086  -42.906  6.640  15.053 0.0000000000
270567  -42.596  6.259  15.167 0.0000000000
131605  -42.253  5.680  14.117 0.0000000000
131590  -42.304  5.777  14.812 0.0000000000
130389  -42.206  5.258  15.069 0.0000000000
130390  -42.559  5.972  15.635 0.0000000000
130378  -43.992  6.243  17.390 0.0000000000
130377  -43.099  5.921  17.010 0.0000000000
130371  -43.642  5.757  17.572 0.0000000000
130364  -43.138  5.720  17.733 0.0000000000
130365  -43.859  5.668  17.764 0.0000000000
249166  -44.231  4.907  18.125 0.0000000000
129224  -44.194  5.181  17.589 0.0000000000
123960  -31.376  1.462  31.538 0.0000000000
256036  -31.711  2.217  31.035 0.0000000000
123979  -31.452  1.734  30.334 0.0000000000
123991  -31.229  1.505  29.487 0.0000000000
125324  -31.394  1.880  29.012 0.0000000000
101173  -31.122  -9.830  30.826 0.0000000000
102342  -31.660  -9.688  30.379 0.0000000000
232712  -31.714  -9.164  30.416 0.0000000000
103585  -31.452  -8.689  30.692 0.0000000000
104934  -31.732  -8.256  30.572 0.0000000000
239665  -30.466  -1.744  30.681 0.0000000000
243591  -30.486  -1.669  31.398 0.0000000000
118719  -30.461  -1.155  30.875 0.0000000000
118707  -30.547  -1.103  31.614 0.0000000000
120018  -30.916  -0.469  32.454 0.0000000000
120006  -31.291  -0.278  32.983 0.0000000000
121365  -31.148  0.101  32.549 0.0000000000
122664  -31.372  1.104  32.038 0.0000000000
127942  -37.981  3.737  26.924 0.0000000000
127943  -38.627  3.719  26.937 0.0000000000
127961  -38.789  3.573  26.272 0.0000000000
127962  -39.452  3.506  26.219 0.0000000000
127963  -39.980  3.366  26.203 0.0000000000
128010  -44.526  4.103  20.710 0.0000000000
128004  -45.252  3.969  21.031 0.0000000000
129192  -45.596  4.658  20.747 0.0000000000
129200  -46.130  4.339  20.167 0.0000000000
128031  -46.637  3.576  19.559 0.0000000000
126822  -46.436  3.149  19.100 0.0000000000
128030  -46.091  3.991  19.281 0.0000000000
128045  -44.672  3.469  17.718 0.0000000000
134311  -48.207  6.976  15.258 0.0000000000
134295  -47.589  7.367  15.442 0.0000000000
132948  -48.126  6.594  15.235 0.0000000000
132947  -47.423  6.412  15.252 0.0000000000
134379  -48.476  7.112  10.787 0.0000000000
134350  -48.450  7.186  12.091 0.0000000000
263387  -49.261  7.114  12.269 0.0000000000
134352  -49.890  7.043  12.855 0.0000000000
134353  -50.607  7.198  12.605 0.0000000000
134354  -50.633  7.071  12.616 0.0000000000
135764  -51.185  7.691  12.152 0.0000000000
134367  -51.990  8.017  12.208 0.0000000000
139856  -52.111  10.342  10.852 0.0000000000
138482  -52.338  10.122  11.305 0.0000000000
138490  -52.309  10.151  10.663 0.0000000000
138497  -52.171  9.452  9.790 0.0000000000
137157  -51.804  8.416  7.782 0.0000000000
123980  -33.408  1.300  30.451 0.0000000000
123993  -33.694  1.575  30.218 0.0000000000
239906  -33.878  2.051  30.576 0.0000000000
125302  -34.301  2.541  30.581 0.0000000000
126621  -34.641  3.280  30.890 0.0000000000
129092  -33.367  3.981  29.490 0.0000000000
129093  -34.009  4.366  29.866 0.0000000000
129106  -33.803  4.236  28.961 0.0000000000
129107  -34.340  4.439  28.772 0.0000000000
129128  -35.064  4.276  28.341 0.0000000000
129129  -35.730  4.333  28.453 0.0000000000
129139  -34.865  4.004  27.879 0.0000000000
254432  -35.418  3.542  27.212 0.0000000000
127938  -34.989  3.335  26.772 0.0000000000
238956  -15.363  -14.021  40.070 0.0000000000
255952  -15.380  -14.170  39.415 0.0000000000
94513  -15.988  -14.028  39.797 0.0000000000
94514  -16.632  -13.969  39.636 0.0000000000
94526  -17.131  -14.030  39.094 0.0000000000
90119  -20.559  -15.980  36.905 0.0000000000
90108  -22.424  -15.834  37.899 0.0000000000
230280  -22.956  -15.845  37.897 0.0000000000
90123  -23.130  -16.052  37.252 0.0000000000
90141  -23.300  -16.150  36.611 0.0000000000
228159  -23.398  -16.105  35.914 0.0000000000
90142  -23.782  -16.131  36.372 0.0000000000
90143  -24.375  -16.066  36.053 0.0000000000
265701  -25.340  -15.845  36.094 0.0000000000
93011  -28.368  -14.870  35.377 0.0000000000
93029  -28.623  -14.781  34.794 0.0000000000
93012  -28.926  -14.643  35.387 0.0000000000
93013  -29.362  -14.434  35.266 0.0000000000
229589  -29.897  -14.429  34.861 0.0000000000
270472  -30.622  -11.564  32.279 0.0000000000
263610  -30.225  -11.412  32.954 0.0000000000
98827  -30.672  -11.794  32.695 0.0000000000
97541  -30.971  -12.364  33.215 0.0000000000
97542  -31.529  -12.844  33.181 0.0000000000
96185  -31.865  -13.402  33.772 0.0000000000
96212  -33.608  -13.886  32.996 0.0000000000
254324  -34.492  -12.800  32.278 0.0000000000
98843  -35.471  -12.377  32.094 0.0000000000
102346  -34.847  -9.302  30.745 0.0000000000
270209  -35.427  -10.250  31.040 0.0000000000
102331  -35.449  -9.784  30.874 0.0000000000
247164  -35.882  -9.641  30.830 0.0000000000
104938  -36.867  -7.825  30.779 0.0000000000
106273  -36.971  -7.133  30.878 0.0000000000
225970  -29.970  -6.244  31.590 0.0000000000
109238  -30.297  -6.750  32.283 0.0000000000
109220  -30.254  -6.348  32.103 0.0000000000
110799  -31.326  -5.752  32.183 0.0000000000
113454  -32.287  -3.975  32.976 0.0000000000
112183  -32.909  -4.377  32.636 0.0000000000
112190  -34.146  -4.650  32.272 0.0000000000
253224  -34.766  -5.164  32.006 0.0000000000
110813  -35.582  -5.221  31.810 0.0000000000
110803  -35.080  -5.024  31.999 0.0000000000
247062  -35.923  -4.999  31.740 0.0000000000
112198  -36.196  -4.856  31.466 0.0000000000
113478  -35.881  -4.265  31.095 0.0000000000
113470  -35.517  -3.897  31.354 0.0000000000
114755  -34.937  -3.400  31.498 0.0000000000
247393  -33.060  -0.078  32.768 0.0000000000
120019  -33.327  -0.727  32.496 0.0000000000
121377  -33.147  -0.079  32.321 0.0000000000
240826  -33.056  -0.312  31.481 0.0000000000
121396  -32.886  -0.395  30.626 0.0000000000
243425  -32.950  0.177  31.055 0.0000000000
122681  -33.054  0.621  30.793 0.0000000000
230837  -14.639  -12.666  39.259 0.0000000000
263445  -14.605  -12.603  40.032 0.0000000000
97470  -14.670  -12.925  41.555 0.0000000000
94493  -15.554  -13.269  41.105 0.0000000000
124046  -40.356  1.345  26.775 0.0000000000
124045  -39.760  1.152  26.733 0.0000000000
122736  -40.065  0.809  26.351 0.0000000000
126760  -41.297  2.898  23.989 0.0000000000
256872  -41.616  2.959  24.470 0.0000000000
227566  -41.757  2.942  24.007 0.0000000000
267637  -42.764  2.789  24.319 0.0000000000
125406  -43.759  2.171  24.509 0.0000000000
122800  -46.361  0.784  21.684 0.0000000000
122790  -45.860  0.896  22.800 0.0000000000
134292  -45.498  7.553  16.285 0.0000000000
134291  -44.440  7.480  15.505 0.0000000000
132919  -44.148  7.392  16.108 0.0000000000
132879  -43.530  6.845  16.676 0.0000000000
131579  -43.008  6.430  16.408 0.0000000000
135794  -49.868  8.132  10.494 0.0000000000
268722  -50.794  8.876  11.435 0.0000000000
137129  -50.271  8.655  10.609 0.0000000000
138480  -50.888  9.935  11.032 0.0000000000
139854  -51.358  10.430  10.987 0.0000000000
139863  -50.848  10.783  10.265 0.0000000000
141110  -51.632  10.662  10.604 0.0000000000
141118  -51.650  11.061  9.980 0.0000000000
125272  -32.616  2.524  32.500 0.0000000000
125281  -33.061  2.626  32.263 0.0000000000
240746  -32.747  3.117  32.147 0.0000000000
127848  -32.804  3.610  31.945 0.0000000000
127856  -32.559  3.495  31.253 0.0000000000
126619  -32.364  3.245  30.274 0.0000000000
127879  -32.593  3.446  29.688 0.0000000000
127893  -32.537  3.312  28.914 0.0000000000
127910  -32.921  3.494  28.130 0.0000000000
127920  -33.041  3.362  27.605 0.0000000000
253746  -16.954  -12.923  40.372 0.0000000000
96011  -17.152  -13.173  40.364 0.0000000000
97485  -17.326  -12.802  39.710 0.0000000000
97493  -17.686  -12.923  39.433 0.0000000000
96026  -18.503  -13.537  39.236 0.0000000000
96027  -19.011  -13.770  39.205 0.0000000000
263063  -19.804  -14.246  39.137 0.0000000000
96097  -28.300  -13.322  36.547 0.0000000000
266043  -31.050  -11.668  31.829 0.0000000000
98851  -31.816  -11.738  31.555 0.0000000000
98852  -32.372  -11.750  31.392 0.0000000000
98854  -33.662  -11.701  31.524 0.0000000000
100034  -33.211  -11.119  31.051 0.0000000000
101177  -33.782  -10.111  30.799 0.0000000000
102344  -32.842  -9.713  30.204 0.0000000000
239593  -33.401  -9.805  30.443 0.0000000000
102345  -33.999  -9.524  30.579 0.0000000000
103589  -34.296  -8.827  30.526 0.0000000000
259999  -34.500  -8.215  30.467 0.0000000000
106284  -34.517  -7.596  30.522 0.0000000000
114753  -30.383  -4.041  31.390 0.0000000000
113451  -30.403  -4.412  32.045 0.0000000000
114747  -30.523  -3.980  31.914 0.0000000000
114737  -30.780  -3.945  32.348 0.0000000000
116039  -31.080  -3.225  32.833 0.0000000000
117407  -30.622  -2.183  31.957 0.0000000000
116052  -30.866  -2.690  32.447 0.0000000000
114724  -31.451  -3.396  33.074 0.0000000000
114725  -32.005  -3.312  33.257 0.0000000000
114726  -32.538  -3.038  33.251 0.0000000000
116042  -32.867  -2.509  33.112 0.0000000000
116053  -33.605  -2.742  32.730 0.0000000000
259620  -32.903  -1.887  33.129 0.0000000000
117386  -32.694  -1.446  33.386 0.0000000000
120008  -32.700  -0.516  33.465 0.0000000000
264077  -31.844  0.012  33.609 0.0000000000
121355  -32.308  0.050  33.540 0.0000000000
249812  -32.829  -0.081  33.167 0.0000000000
122649  -32.597  1.254  33.069 0.0000000000
123947  -32.660  1.795  32.837 0.0000000000
126650  -38.091  3.177  29.088 0.0000000000
126662  -38.287  2.827  28.702 0.0000000000
257052  -38.762  2.994  28.541 0.0000000000
125342  -38.955  2.689  28.247 0.0000000000
125356  -39.669  1.991  27.523 0.0000000000
127930  -39.745  3.377  27.467 0.0000000000
125357  -40.193  2.288  27.589 0.0000000000
124034  -40.074  1.725  27.190 0.0000000000
122738  -41.400  1.249  26.275 0.0000000000
122754  -41.773  0.791  25.893 0.0000000000
124088  -43.321  1.794  22.287 0.0000000000
125453  -43.839  2.109  23.068 0.0000000000
125477  -44.996  2.040  22.485 0.0000000000
125478  -45.746  2.087  22.338 0.0000000000
125479  -46.056  1.906  22.257 0.0000000000
126802  -46.123  2.801  21.266 0.0000000000
126795  -46.421  2.556  21.312 0.0000000000
124109  -46.474  1.552  21.758 0.0000000000
124152  -46.873  1.037  20.887 0.0000000000
135751  -45.440  7.940  13.059 0.0000000000
255293  -44.772  7.596  13.262 0.0000000000
135741  -45.857  8.006  13.988 0.0000000000
135729  -45.487  7.820  14.577 0.0000000000
135720  -45.881  7.825  15.713 0.0000000000
135722  -47.073  7.661  15.724 0.0000000000
135721  -46.498  7.780  15.848 0.0000000000
132897  -45.900  7.189  17.096 0.0000000000
243481  -30.585  -0.114  29.423 0.0000000000
242782  -30.687  0.412  29.288 0.0000000000
225091  -30.652  0.137  28.333 0.0000000000
113474  -30.369  -4.380  30.633 0.0000000000
116084  -30.567  -3.216  29.988 0.0000000000
260099  -30.658  -2.559  29.821 0.0000000000
228845  -30.557  -1.892  30.001 0.0000000000
231532  -30.443  -1.232  30.079 0.0000000000
120052  -30.506  -0.631  29.717 0.0000000000
126737  -37.735  2.652  24.411 0.0000000000
260644  -38.218  2.766  24.743 0.0000000000
126756  -38.788  2.765  23.994 0.0000000000
126757  -39.398  2.757  23.725 0.0000000000
126784  -41.275  2.685  22.582 0.0000000000
229673  -42.290  2.261  22.531 0.0000000000
125476  -42.591  1.809  22.162 0.0000000000
124107  -43.586  1.618  21.730 0.0000000000
124127  -43.886  1.644  21.143 0.0000000000
124151  -44.110  2.090  20.591 0.0000000000
125514  -43.722  1.951  19.971 0.0000000000
126807  -44.454  2.883  20.532 0.0000000000
126814  -43.942  3.586  20.130 0.0000000000
254416  -43.544  4.936  19.733 0.0000000000
129209  -43.190  5.329  19.351 0.0000000000
135771  -45.551  7.784  11.398 0.0000000000
135761  -45.339  7.918  12.002 0.0000000000
135752  -46.298  7.992  12.767 0.0000000000
135753  -47.081  7.945  13.353 0.0000000000
135743  -47.710  7.860  14.454 0.0000000000
134336  -48.442  7.374  13.065 0.0000000000
135745  -48.497  7.426  13.967 0.0000000000
134322  -48.387  7.168  15.007 0.0000000000
134312  -48.637  6.816  15.114 0.0000000000
131630  -48.917  6.112  14.200 0.0000000000
131659  -48.862  5.685  13.392 0.0000000000
131696  -50.792  6.145  12.493 0.0000000000
137123  -51.528  8.879  11.909 0.0000000000
137124  -52.142  8.482  12.176 0.0000000000
137131  -52.151  8.463  11.653 0.0000000000
237354  -51.861  7.978  10.782 0.0000000000
125325  -34.595  1.912  29.200 0.0000000000
125326  -35.228  2.150  28.893 0.0000000000
126646  -35.656  2.640  29.279 0.0000000000
126647  -36.284  2.800  29.109 0.0000000000
127895  -37.337  3.508  29.625 0.0000000000
126611  -33.860  3.573  31.882 0.0000000000
126612  -34.300  3.637  31.393 0.0000000000
127870  -34.729  4.005  30.992 0.0000000000
129094  -34.583  4.670  30.210 0.0000000000
236019  -34.981  4.453  30.715 0.0000000000
127871  -35.362  4.219  30.598 0.0000000000
127872  -36.047  4.374  30.468 0.0000000000
127883  -36.999  3.932  30.040 0.0000000000
127896  -37.867  3.755  29.441 0.0000000000
252315  -37.536  4.436  29.230 0.0000000000
129131  -37.579  4.374  28.388 0.0000000000
254071  -37.425  4.149  27.666 0.0000000000
129141  -36.083  4.077  27.962 0.0000000000
127926  -36.968  3.876  27.458 0.0000000000
127941  -37.377  3.760  27.089 0.0000000000
126711  -37.072  2.843  25.281 0.0000000000
229893  -30.985  1.034  28.607 0.0000000000
124010  -31.570  1.539  27.800 0.0000000000
124017  -31.823  1.542  27.027 0.0000000000
125345  -31.994  2.128  27.559 0.0000000000
126669  -32.277  2.790  27.361 0.0000000000
126675  -32.453  2.848  26.828 0.0000000000
126676  -32.815  3.011  26.688 0.0000000000
126677  -33.214  2.980  26.483 0.0000000000
127954  -33.861  2.998  26.385 0.0000000000
126736  -37.141  2.639  24.637 0.0000000000
92920  -13.435  -14.702  38.535 0.0000000000
247217  -14.005  -14.650  38.269 0.0000000000
92935  -14.779  -14.636  37.803 0.0000000000
94537  -19.387  -13.516  38.498 0.0000000000
94530  -19.836  -14.022  39.055 0.0000000000
92927  -20.287  -14.331  39.079 0.0000000000
91330  -20.322  -14.959  38.722 0.0000000000
261284  -21.054  -16.037  37.249 0.0000000000
226436  -22.130  -16.000  37.428 0.0000000000
90138  -20.938  -16.074  35.913 0.0000000000
90154  -21.137  -16.110  35.346 0.0000000000
90174  -23.956  -15.971  34.720 0.0000000000
91391  -25.684  -15.683  36.495 0.0000000000
91409  -26.185  -15.556  35.286 0.0000000000
91428  -26.310  -15.502  34.608 0.0000000000
93048  -28.879  -14.718  34.342 0.0000000000
93066  -28.580  -14.730  33.455 0.0000000000
97513  -28.327  -12.781  36.448 0.0000000000
97514  -28.851  -12.997  36.245 0.0000000000
98813  -29.489  -11.446  34.368 0.0000000000
98801  -28.873  -12.299  35.524 0.0000000000
96117  -29.123  -12.875  35.913 0.0000000000
96118  -29.364  -13.437  35.857 0.0000000000
94607  -29.808  -13.716  35.496 0.0000000000
94620  -30.290  -13.968  35.007 0.0000000000
93031  -30.523  -14.347  34.647 0.0000000000
94630  -31.488  -14.083  34.221 0.0000000000
93052  -31.700  -14.417  33.923 0.0000000000
93070  -31.929  -14.660  33.251 0.0000000000
100023  -34.323  -11.657  31.673 0.0000000000
100024  -35.041  -11.688  31.786 0.0000000000
100025  -35.883  -11.871  31.882 0.0000000000
101164  -35.702  -10.692  31.354 0.0000000000
100038  -36.085  -11.244  31.611 0.0000000000
100026  -36.489  -11.769  31.818 0.0000000000
106268  -30.362  -7.576  32.230 0.0000000000
269729  -31.245  -7.448  31.334 0.0000000000
107743  -31.726  -7.341  30.983 0.0000000000
249460  -31.973  -6.904  31.123 0.0000000000
107744  -32.425  -7.154  30.722 0.0000000000
107746  -34.252  -6.895  30.798 0.0000000000
230729  -30.775  -5.084  32.310 0.0000000000
110789  -31.784  -5.113  32.446 0.0000000000
110800  -32.177  -5.400  32.146 0.0000000000
233047  -33.000  -5.163  32.117 0.0000000000
107728  -34.920  -6.510  31.081 0.0000000000
106285  -35.107  -7.118  30.836 0.0000000000
225105  -35.695  -6.946  31.005 0.0000000000
262668  -36.110  -6.797  31.087 0.0000000000
107747  -37.607  -6.985  30.787 0.0000000000
109259  -35.919  -5.868  31.487 0.0000000000
258325  -37.516  -6.360  30.998 0.0000000000
116054  -34.205  -2.961  32.387 0.0000000000
116066  -34.284  -2.740  31.938 0.0000000000
114754  -34.553  -3.166  31.319 0.0000000000
118690  -33.538  -1.842  32.181 0.0000000000
117420  -33.974  -2.483  31.674 0.0000000000
118728  -32.961  -1.635  29.338 0.0000000000
120053  -33.038  -0.960  30.233 0.0000000000
261348  -32.911  -0.867  29.598 0.0000000000
92914  -13.697  -14.403  40.050 0.0000000000
92915  -13.626  -14.564  39.276 0.0000000000
125348  -38.344  2.192  27.930 0.0000000000
126713  -39.163  2.990  25.249 0.0000000000
268529  -40.277  2.996  25.333 0.0000000000
126715  -40.897  2.909  25.982 0.0000000000
126742  -41.705  2.951  25.077 0.0000000000
126716  -41.470  2.768  25.728 0.0000000000
126695  -41.739  2.459  26.037 0.0000000000
270537  -42.238  1.805  26.046 0.0000000000
122755  -42.338  0.917  25.754 0.0000000000
121467  -42.477  0.170  25.069 0.0000000000
125429  -44.246  2.051  23.906 0.0000000000
125408  -44.792  1.731  24.056 0.0000000000
124067  -44.666  1.347  24.305 0.0000000000
122775  -44.819  0.947  24.083 0.0000000000
122774  -44.336  0.745  24.441 0.0000000000
122773  -43.908  0.346  24.617 0.0000000000
121485  -43.361  -0.037  24.579 0.0000000000
121484  -42.293  -0.190  24.520 0.0000000000
125547  -42.639  2.922  17.513 0.0000000000
126828  -42.863  3.570  17.966 0.0000000000
128035  -42.775  4.537  18.357 0.0000000000
129216  -43.226  5.608  18.834 0.0000000000
134321  -44.314  7.258  13.392 0.0000000000
225039  -43.770  7.074  13.738 0.0000000000
132969  -43.242  6.941  13.869 0.0000000000
132943  -43.214  7.031  14.662 0.0000000000
132967  -42.532  6.215  13.361 0.0000000000
130383  -42.190  4.673  15.313 0.0000000000
129241  -42.331  4.834  15.969 0.0000000000
131571  -42.836  5.959  16.419 0.0000000000
129233  -42.544  5.102  16.707 0.0000000000
129227  -42.714  5.098  17.311 0.0000000000
233209  -43.051  5.753  18.434 0.0000000000
129217  -43.815  5.726  18.479 0.0000000000
128037  -44.542  4.659  18.196 0.0000000000
128044  -44.363  4.054  17.505 0.0000000000
129228  -44.225  4.309  16.958 0.0000000000
126847  -44.009  3.150  16.316 0.0000000000
90098  -22.148  -15.568  38.313 0.0000000000
90104  -20.178  -15.780  37.318 0.0000000000
90107  -21.877  -15.861  37.814 0.0000000000
90120  -21.017  -16.067  36.606 0.0000000000
90155  -21.699  -16.092  35.408 0.0000000000
90159  -24.479  -15.969  35.221 0.0000000000
91332  -21.526  -15.026  38.882 0.0000000000
91390  -22.091  -15.888  36.066 0.0000000000
91407  -22.149  -16.023  35.462 0.0000000000
91429  -26.794  -15.384  34.491 0.0000000000
92934  -14.238  -14.646  37.784 0.0000000000
93010  -27.668  -15.146  35.000 0.0000000000
93030  -29.370  -14.652  34.685 0.0000000000
93051  -30.964  -14.442  34.216 0.0000000000
93071  -32.711  -14.436  33.465 0.0000000000
94494  -15.997  -13.152  40.981 0.0000000000
94529  -19.446  -13.986  39.160 0.0000000000
94573  -28.096  -13.998  36.654 0.0000000000
94592  -29.096  -13.618  36.114 0.0000000000
94631  -32.054  -13.943  34.031 0.0000000000
96141  -30.781  -13.537  34.786 0.0000000000
96187  -32.823  -13.964  33.489 0.0000000000
96214  -34.752  -13.711  32.639 0.0000000000
97476  -15.011  -12.696  40.826 0.0000000000
97477  -15.780  -12.774  40.748 0.0000000000
97478  -16.323  -12.990  40.832 0.0000000000
97479  -17.350  -13.001  40.101 0.0000000000
97483  -15.859  -12.595  39.765 0.0000000000
97486  -17.479  -12.931  39.821 0.0000000000
97502  -16.246  -12.792  37.631 0.0000000000
97527  -30.030  -12.772  35.095 0.0000000000
97553  -32.258  -12.834  32.692 0.0000000000
97557  -35.188  -13.283  32.548 0.0000000000
97569  -32.000  -12.419  32.246 0.0000000000
97573  -35.128  -12.848  32.371 0.0000000000
98807  -29.168  -11.850  34.956 0.0000000000
98828  -31.273  -12.291  32.733 0.0000000000
98838  -31.533  -11.955  31.932 0.0000000000
98842  -34.761  -12.292  31.963 0.0000000000
98853  -33.029  -11.723  31.368 0.0000000000
99993  -28.865  -11.251  34.446 0.0000000000
100021  -30.694  -11.325  31.905 0.0000000000
100022  -31.141  -11.456  31.472 0.0000000000
101159  -30.832  -10.268  31.127 0.0000000000
101162  -34.293  -10.350  31.144 0.0000000000
101174  -31.658  -10.353  30.501 0.0000000000
101175  -32.290  -10.093  30.286 0.0000000000
102330  -34.736  -9.925  31.033 0.0000000000
102332  -36.306  -9.737  30.893 0.0000000000
103566  -29.671  -8.730  32.002 0.0000000000
103575  -35.970  -9.067  30.879 0.0000000000
103586  -32.041  -8.848  30.322 0.0000000000
104923  -30.702  -8.070  31.792 0.0000000000
104925  -36.009  -8.356  30.864 0.0000000000
106272  -36.464  -7.345  30.896 0.0000000000
106279  -30.964  -7.748  31.606 0.0000000000
106280  -31.440  -7.784  30.967 0.0000000000
107730  -37.078  -6.448  31.106 0.0000000000
109252  -30.290  -7.109  32.305 0.0000000000
109256  -33.889  -5.781  31.502 0.0000000000
109260  -37.237  -5.977  31.309 0.0000000000
109278  -38.168  -6.268  30.571 0.0000000000
110788  -30.717  -5.795  32.178 0.0000000000
110798  -30.673  -6.310  32.167 0.0000000000
110804  -35.597  -4.846  31.891 0.0000000000
110811  -34.157  -5.282  31.984 0.0000000000
110816  -37.371  -5.695  31.123 0.0000000000
110822  -36.962  -5.181  30.511 0.0000000000
112193  -35.826  -4.585  31.795 0.0000000000
112200  -37.057  -5.369  30.948 0.0000000000
112204  -35.751  -4.353  30.535 0.0000000000
112206  -36.586  -4.988  30.970 0.0000000000
112211  -34.783  -4.705  29.708 0.0000000000
113444  -31.088  -3.931  32.800 0.0000000000
113452  -30.601  -4.536  32.339 0.0000000000
113453  -31.601  -4.305  32.889 0.0000000000
113455  -33.286  -3.796  32.804 0.0000000000
113461  -30.160  -4.495  31.726 0.0000000000
113468  -30.145  -4.497  31.308 0.0000000000
113469  -35.230  -3.623  31.198 0.0000000000
114749  -34.767  -3.688  32.289 0.0000000000
116040  -31.921  -2.081  33.560 0.0000000000
116067  -34.628  -3.198  32.125 0.0000000000
116075  -30.504  -3.454  30.772 0.0000000000
116078  -34.257  -2.789  31.532 0.0000000000
116079  -34.671  -3.083  31.726 0.0000000000
116085  -30.638  -2.877  30.410 0.0000000000
116086  -33.399  -2.763  30.318 0.0000000000
117418  -30.523  -2.250  31.225 0.0000000000
118671  -31.990  -1.018  33.652 0.0000000000
118678  -32.461  -0.975  33.559 0.0000000000
118679  -32.942  -1.024  33.154 0.0000000000
118727  -30.514  -1.040  29.347 0.0000000000
118729  -32.997  -1.307  29.777 0.0000000000
119998  -31.934  -0.457  33.776 0.0000000000
120007  -31.583  -0.370  33.500 0.0000000000
120029  -33.359  -0.875  31.939 0.0000000000
120062  -30.530  -0.503  29.064 0.0000000000
120121  -43.009  -0.280  24.372 0.0000000000
121353  -31.596  0.249  33.221 0.0000000000
121354  -31.959  0.576  33.276 0.0000000000
121356  -32.758  0.539  33.096 0.0000000000
121366  -33.014  0.454  32.674 0.0000000000
121376  -31.040  0.476  31.911 0.0000000000
121395  -30.667  0.274  30.298 0.0000000000
121414  -30.604  0.016  28.858 0.0000000000
121450  -42.174  0.467  25.467 0.0000000000
121468  -42.883  0.117  24.888 0.0000000000
121469  -43.477  0.339  24.899 0.0000000000
121483  -41.398  -0.216  24.416 0.0000000000
121486  -43.707  0.016  24.439 0.0000000000
121500  -43.442  -0.237  24.251 0.0000000000
121502  -44.272  0.059  23.699 0.0000000000
121512  -44.438  -0.068  23.207 0.0000000000
121513  -45.008  0.144  22.950 0.0000000000
121514  -45.595  0.408  22.674 0.0000000000
122648  -32.078  1.310  33.028 0.0000000000
122665  -31.599  1.686  32.212 0.0000000000
122672  -31.021  0.879  31.277 0.0000000000
122692  -30.758  0.676  29.840 0.0000000000
122701  -30.741  0.547  28.734 0.0000000000
122739  -41.957  1.170  26.043 0.0000000000
122752  -40.384  0.552  25.865 0.0000000000
122753  -41.080  0.711  25.924 0.0000000000
122756  -42.807  1.222  25.647 0.0000000000
122767  -43.862  0.833  24.894 0.0000000000
122782  -44.565  0.499  23.922 0.0000000000
122784  -45.575  0.989  23.212 0.0000000000
122791  -46.200  1.070  22.478 0.0000000000
122801  -46.387  1.107  22.067 0.0000000000
123945  -31.771  1.828  33.038 0.0000000000
123953  -31.905  2.111  32.566 0.0000000000
123962  -33.180  2.051  32.200 0.0000000000
123970  -31.508  1.860  31.222 0.0000000000
124035  -40.581  1.840  26.995 0.0000000000
124047  -40.911  1.555  26.685 0.0000000000
124048  -41.390  1.867  26.509 0.0000000000
124049  -42.333  1.409  25.953 0.0000000000
124055  -43.164  1.643  25.585 0.0000000000
124062  -44.205  1.391  24.712 0.0000000000
124078  -45.425  1.352  23.397 0.0000000000
124089  -44.118  1.922  22.417 0.0000000000
124091  -46.217  1.517  22.311 0.0000000000
124106  -42.887  1.519  21.645 0.0000000000
124125  -42.532  1.313  21.070 0.0000000000
124128  -46.727  1.575  21.185 0.0000000000
124177  -46.983  1.380  19.782 0.0000000000
125264  -32.255  2.172  32.688 0.0000000000
125280  -31.964  2.495  32.305 0.0000000000
125292  -33.776  2.980  31.822 0.0000000000
125301  -33.841  2.502  31.234 0.0000000000
125336  -31.777  2.096  28.141 0.0000000000
125340  -38.028  2.461  28.330 0.0000000000
125349  -38.891  2.301  27.896 0.0000000000
125350  -39.804  2.482  27.886 0.0000000000
125351  -40.106  2.911  27.644 0.0000000000
125364  -41.868  2.030  26.185 0.0000000000
125372  -43.258  2.047  25.366 0.0000000000
125385  -43.499  2.194  24.979 0.0000000000
125386  -43.973  1.895  24.791 0.0000000000
125405  -43.134  2.558  24.676 0.0000000000
125407  -44.368  1.840  24.426 0.0000000000
125431  -45.562  1.638  23.110 0.0000000000
125451  -41.763  2.556  22.549 0.0000000000
125455  -45.440  1.865  22.919 0.0000000000
125480  -46.147  2.161  22.039 0.0000000000
125497  -45.758  2.424  21.612 0.0000000000
125498  -46.611  2.095  21.348 0.0000000000
125524  -43.972  2.551  19.903 0.0000000000
125525  -47.045  2.047  20.057 0.0000000000
125531  -42.206  1.619  18.492 0.0000000000
125535  -46.982  2.658  19.703 0.0000000000
126591  -32.394  2.865  32.235 0.0000000000
126598  -32.535  3.192  32.099 0.0000000000
126600  -33.252  3.834  32.090 0.0000000000
126608  -32.131  2.872  31.955 0.0000000000
126610  -33.313  3.291  32.199 0.0000000000
126618  -31.988  2.710  31.409 0.0000000000
126635  -36.711  3.318  29.640 0.0000000000
126659  -32.232  2.936  28.034 0.0000000000
126663  -39.202  3.076  28.328 0.0000000000
126664  -39.183  3.483  28.053 0.0000000000
126668  -32.092  2.574  27.907 0.0000000000
126670  -32.575  3.114  27.172 0.0000000000
126694  -41.266  2.620  26.300 0.0000000000
126705  -33.012  2.728  25.417 0.0000000000
126714  -40.281  3.142  25.770 0.0000000000
126717  -42.014  2.693  25.599 0.0000000000
126718  -42.485  2.526  25.528 0.0000000000
126738  -38.731  2.826  24.667 0.0000000000
126741  -41.151  2.898  25.282 0.0000000000
126759  -41.252  2.922  24.630 0.0000000000
126762  -42.548  2.847  24.690 0.0000000000
126773  -41.409  2.860  23.270 0.0000000000
126800  -44.957  2.469  21.132 0.0000000000
126808  -46.740  3.344  20.470 0.0000000000
126809  -46.907  2.943  20.465 0.0000000000
126815  -47.010  3.001  19.988 0.0000000000
126821  -43.106  3.791  18.944 0.0000000000
126832  -46.604  2.455  18.932 0.0000000000
126837  -42.655  3.543  17.459 0.0000000000
127849  -33.168  4.002  31.861 0.0000000000
127859  -34.085  4.011  31.515 0.0000000000
127868  -32.732  3.628  30.636 0.0000000000
127880  -33.024  3.804  29.957 0.0000000000
127884  -37.358  4.313  29.931 0.0000000000
127894  -32.851  3.569  28.615 0.0000000000
127897  -38.311  3.687  29.125 0.0000000000
127909  -32.472  3.266  28.322 0.0000000000
127913  -38.527  3.348  28.847 0.0000000000
127921  -33.725  3.496  27.485 0.0000000000
127923  -34.849  3.640  27.410 0.0000000000
127929  -39.265  3.602  27.533 0.0000000000
127945  -40.052  3.386  26.935 0.0000000000
127973  -38.957  3.290  25.765 0.0000000000
128011  -44.877  4.640  20.777 0.0000000000
128012  -46.045  4.200  20.475 0.0000000000
128013  -46.441  3.710  20.256 0.0000000000
128019  -43.520  4.224  19.814 0.0000000000
128020  -43.979  4.599  20.227 0.0000000000
128021  -46.233  4.279  19.802 0.0000000000
128022  -46.571  3.741  19.904 0.0000000000
128023  -46.882  3.257  19.749 0.0000000000
128028  -43.135  4.512  19.442 0.0000000000
128036  -42.873  4.851  18.918 0.0000000000
128039  -45.531  3.386  18.742 0.0000000000
129069  -33.714  4.051  31.469 0.0000000000
129078  -33.454  4.050  30.392 0.0000000000
129079  -34.016  4.245  30.772 0.0000000000
129082  -36.168  4.602  30.326 0.0000000000
129095  -36.745  4.483  30.359 0.0000000000
129105  -33.247  3.814  28.881 0.0000000000
129108  -34.774  4.514  28.754 0.0000000000
129110  -36.050  4.694  28.999 0.0000000000
129111  -38.033  4.170  28.934 0.0000000000
129132  -38.112  4.299  28.412 0.0000000000
129140  -35.442  4.066  27.959 0.0000000000
129143  -37.911  4.284  27.973 0.0000000000
129198  -45.267  5.240  20.644 0.0000000000
129199  -45.664  4.926  20.436 0.0000000000
129205  -45.017  5.275  19.984 0.0000000000
129206  -45.875  4.963  19.956 0.0000000000
129210  -43.897  5.557  18.985 0.0000000000
129222  -42.879  5.240  18.043 0.0000000000
129232  -42.272  4.286  16.145 0.0000000000
130260  -35.890  4.769  30.027 0.0000000000
130272  -34.841  4.826  29.712 0.0000000000
130273  -35.281  4.784  29.852 0.0000000000
130274  -36.333  4.861  29.676 0.0000000000
130284  -34.649  4.746  29.147 0.0000000000
130287  -36.940  4.720  29.978 0.0000000000
130347  -44.998  5.214  20.371 0.0000000000
130355  -43.694  5.334  19.505 0.0000000000
130356  -44.146  5.320  19.467 0.0000000000
131591  -42.532  6.188  14.582 0.0000000000
131629  -47.926  6.067  14.270 0.0000000000
131631  -49.406  6.095  13.995 0.0000000000
131632  -49.731  5.985  13.642 0.0000000000
131694  -49.766  5.577  12.682 0.0000000000
132924  -47.580  6.889  15.482 0.0000000000
132950  -48.899  6.712  14.757 0.0000000000
132968  -42.899  6.613  13.775 0.0000000000
132973  -48.498  6.347  14.829 0.0000000000
132974  -48.757  6.635  14.921 0.0000000000
132976  -49.524  6.425  14.007 0.0000000000
133000  -50.439  6.698  13.143 0.0000000000
133013  -50.816  6.607  12.862 0.0000000000
134324  -49.277  6.688  14.224 0.0000000000
134325  -49.814  6.779  13.543 0.0000000000
134335  -43.989  7.148  12.669 0.0000000000
134338  -49.524  6.985  13.502 0.0000000000
134362  -47.314  7.272  11.122 0.0000000000
135740  -45.180  7.836  13.590 0.0000000000
135744  -48.276  7.513  14.595 0.0000000000
135750  -44.944  7.779  12.857 0.0000000000
135774  -47.248  7.447  11.734 0.0000000000
135787  -52.162  8.023  11.986 0.0000000000
137138  -51.912  8.711  10.922 0.0000000000
138474  -51.659  9.675  11.759 0.0000000000
138479  -50.317  9.308  10.536 0.0000000000
138487  -50.030  9.665  9.845 0.0000000000
141111  -51.622  10.735  10.190 0.0000000000
224690  -39.856  2.987  25.267 0.0000000000
225068  -25.864  -15.551  34.012 0.0000000000
225444  -34.917  4.625  30.489 0.0000000000
225749  -13.024  -14.715  39.000 0.0000000000
226748  -45.921  8.032  13.151 0.0000000000
226751  -45.685  8.011  12.534 0.0000000000
226779  -41.736  2.854  22.971 0.0000000000
227410  -46.406  3.144  21.015 0.0000000000
228115  -36.636  -5.965  31.448 0.0000000000
228511  -31.248  -12.966  33.786 0.0000000000
228797  -33.785  1.411  29.634 0.0000000000
229172  -31.296  -2.435  33.036 0.0000000000
229391  -46.083  0.699  22.291 0.0000000000
230005  -49.090  6.917  14.261 0.0000000000
230326  -33.304  -9.364  30.134 0.0000000000
231307  -43.447  6.902  13.051 0.0000000000
231447  -39.347  2.620  28.074 0.0000000000
232261  -46.560  1.173  21.492 0.0000000000
232640  -31.596  -2.102  33.388 0.0000000000
235576  -33.244  -13.553  33.036 0.0000000000
236484  -33.794  -2.451  32.285 0.0000000000
237350  -30.861  -9.202  30.979 0.0000000000
240167  -42.606  5.449  16.358 0.0000000000
240478  -32.877  3.635  29.206 0.0000000000
244929  -31.294  -9.152  30.706 0.0000000000
246096  -45.923  3.673  20.886 0.0000000000
246492  -33.247  0.728  29.349 0.0000000000
246904  -46.825  2.409  19.264 0.0000000000
247519  -33.305  -8.265  30.185 0.0000000000
248040  -46.744  2.618  20.973 0.0000000000
248813  -34.181  -3.803  32.595 0.0000000000
252265  -30.755  -1.028  32.341 0.0000000000
252280  -30.202  -4.796  31.906 0.0000000000
253261  -30.658  -0.161  28.016 0.0000000000
253504  -31.333  1.586  28.474 0.0000000000
253944  -22.318  -15.245  38.634 0.0000000000
254440  -35.590  3.299  26.603 0.0000000000
255146  -42.268  2.954  24.144 0.0000000000
255794  -43.865  7.072  13.200 0.0000000000
257493  -45.217  7.908  12.495 0.0000000000
257952  -30.668  -0.648  31.870 0.0000000000
258400  -20.147  -15.917  34.384 0.0000000000
258439  -39.374  2.229  27.789 0.0000000000
258640  -32.141  2.911  30.918 0.0000000000
259735  -33.014  3.843  31.996 0.0000000000
259798  -23.038  -16.053  36.165 0.0000000000
261175  -32.713  -14.253  33.595 0.0000000000
261575  -36.552  -6.610  31.126 0.0000000000
261884  -17.022  -12.629  39.261 0.0000000000
261950  -46.671  0.872  20.982 0.0000000000
262743  -35.053  -3.744  32.074 0.0000000000
263229  -35.895  -5.404  31.687 0.0000000000
264407  -28.574  -13.104  36.419 0.0000000000
265251  -29.086  -13.238  36.101 0.0000000000
266928  -37.077  2.519  28.559 0.0000000000
267623  -35.252  3.808  27.641 0.0000000000
267628  -42.524  -0.458  24.036 0.0000000000
267806  -51.662  8.078  12.225 0.0000000000
267852  -16.158  -14.101  39.295 0.0000000000
267884  -22.448  -15.924  36.561 0.0000000000
268583  -30.528  -14.621  33.875 0.0000000000
269381  -35.754  -13.656  32.356 0.0000000000
269852  -30.517  -1.522  29.561 0.0000000000
269890  -38.291  3.895  27.236 0.0000000000
270396  -41.478  2.279  26.369 0.0000000000
271142  -34.200  -7.935  30.356 0.0000000000
