#!ascii label  , from subject corrected_filled vox2ras=TkReg
1515
110966  -28.773  -5.876  20.153 0.0000000000
100118  -15.576  -10.712  25.263 0.0000000000
100210  -22.925  -11.119  21.885 0.0000000000
145103  -36.562  12.525  2.719 0.0000000000
143849  -44.395  12.287  -1.694 0.0000000000
103611  -9.617  -9.409  28.636 0.0000000000
228941  -33.152  10.352  6.016 0.0000000000
116192  -28.067  -2.564  18.541 0.0000000000
103750  -25.879  -8.951  20.949 0.0000000000
101229  -12.656  -9.996  26.611 0.0000000000
97645  -12.169  -12.520  28.875 0.0000000000
110981  -25.020  -5.297  19.257 0.0000000000
116197  -22.968  -2.449  18.184 0.0000000000
99016  -18.802  -11.717  23.317 0.0000000000
228948  -22.371  -7.523  19.939 0.0000000000
125706  -30.450  2.206  8.208 0.0000000000
254070  -33.240  5.758  6.455 0.0000000000
134508  -36.519  7.217  3.865 0.0000000000
94674  -6.127  -13.468  31.507 0.0000000000
94611  -4.241  -14.015  34.339 0.0000000000
231393  -23.402  0.246  16.369 0.0000000000
122968  -25.174  0.351  13.316 0.0000000000
123030  -27.869  1.067  10.950 0.0000000000
96301  -9.209  -12.951  29.775 0.0000000000
98935  -15.618  -11.515  26.795 0.0000000000
97720  -17.091  -11.998  26.571 0.0000000000
106414  -27.560  -7.726  20.422 0.0000000000
244673  -14.773  -8.809  25.221 0.0000000000
101240  -14.273  -10.246  25.867 0.0000000000
98933  -13.991  -11.385  26.781 0.0000000000
114838  -24.292  -3.652  20.713 0.0000000000
109542  -23.766  -6.416  19.600 0.0000000000
130524  -30.299  4.832  7.806 0.0000000000
261254  -31.847  3.352  7.112 0.0000000000
133099  -31.257  6.061  6.754 0.0000000000
137202  -34.691  8.628  4.404 0.0000000000
234800  -36.107  9.794  3.292 0.0000000000
137228  -38.512  8.808  3.118 0.0000000000
237133  -38.173  10.897  1.863 0.0000000000
142491  -40.082  11.176  0.933 0.0000000000
122821  -21.498  0.526  19.286 0.0000000000
118909  -23.159  -0.977  17.024 0.0000000000
124249  -22.005  1.740  17.152 0.0000000000
126887  -23.599  2.441  13.290 0.0000000000
126917  -25.033  2.933  12.256 0.0000000000
123003  -26.687  0.539  11.893 0.0000000000
126932  -27.045  2.816  11.266 0.0000000000
126943  -28.216  2.769  10.524 0.0000000000
99037  -20.963  -11.703  22.538 0.0000000000
100053  -8.180  -11.325  29.952 0.0000000000
100065  -9.292  -11.263  28.783 0.0000000000
88991  -3.899  -16.467  35.304 0.0000000000
88982  -2.723  -16.171  36.990 0.0000000000
138510  -31.792  9.133  7.311 0.0000000000
259105  -27.257  -1.045  17.777 0.0000000000
102494  -24.529  -9.864  21.547 0.0000000000
102392  -11.382  -9.704  27.164 0.0000000000
98911  -10.905  -11.221  27.802 0.0000000000
98931  -12.540  -11.436  27.212 0.0000000000
143851  -45.987  12.019  -1.948 0.0000000000
109561  -26.815  -6.457  18.190 0.0000000000
112313  -26.168  -5.037  17.377 0.0000000000
113591  -24.600  -3.369  19.043 0.0000000000
102443  -16.009  -9.345  24.215 0.0000000000
98996  -17.194  -11.312  24.405 0.0000000000
101306  -17.102  -10.191  22.854 0.0000000000
101341  -19.001  -10.100  21.473 0.0000000000
102511  -20.913  -9.810  20.888 0.0000000000
230989  -21.250  -8.093  20.499 0.0000000000
102531  -22.445  -9.494  20.689 0.0000000000
252327  -23.888  -8.213  19.979 0.0000000000
106442  -25.377  -7.428  19.224 0.0000000000
121763  -31.452  0.384  9.414 0.0000000000
243805  -33.110  7.523  5.916 0.0000000000
133129  -34.924  6.332  5.171 0.0000000000
141236  -41.527  10.903  -0.536 0.0000000000
96190  -5.215  -13.452  32.631 0.0000000000
89008  -5.242  -16.178  34.163 0.0000000000
114889  -25.705  -3.019  16.641 0.0000000000
270568  -25.272  -1.140  17.562 0.0000000000
120295  -25.442  0.197  16.822 0.0000000000
125579  -22.354  2.249  15.283 0.0000000000
260145  -24.257  0.428  14.856 0.0000000000
234305  -26.304  0.284  15.309 0.0000000000
120322  -27.870  -0.793  14.219 0.0000000000
120352  -28.746  -0.822  12.533 0.0000000000
121720  -29.990  -0.193  10.990 0.0000000000
124376  -29.428  1.579  9.371 0.0000000000
128159  -29.273  3.592  8.821 0.0000000000
97712  -19.068  -12.525  26.267 0.0000000000
100029  -7.001  -11.191  31.179 0.0000000000
96272  -7.760  -13.256  30.471 0.0000000000
96323  -10.577  -12.585  29.094 0.0000000000
88973  -1.206  -16.684  36.656 0.0000000000
98944  -15.630  -11.306  26.370 0.0000000000
98936  -16.105  -11.568  26.466 0.0000000000
98945  -16.024  -11.323  25.886 0.0000000000
107959  -28.230  -6.729  20.174 0.0000000000
102424  -15.080  -9.768  25.397 0.0000000000
102414  -14.580  -9.806  25.674 0.0000000000
101241  -14.809  -10.307  25.639 0.0000000000
235249  -14.536  -11.055  26.299 0.0000000000
131759  -30.236  5.733  8.252 0.0000000000
131773  -30.568  5.771  7.334 0.0000000000
134427  -30.652  6.877  7.767 0.0000000000
143819  -35.044  12.102  2.957 0.0000000000
141198  -35.418  10.793  3.626 0.0000000000
226891  -36.129  11.566  2.512 0.0000000000
141208  -37.218  10.475  2.423 0.0000000000
143829  -37.328  11.882  1.881 0.0000000000
143830  -38.030  12.101  1.495 0.0000000000
122855  -21.783  1.050  17.865 0.0000000000
128092  -24.563  3.551  12.639 0.0000000000
126930  -25.955  2.836  11.835 0.0000000000
129290  -26.260  3.794  11.781 0.0000000000
128125  -27.160  3.556  11.156 0.0000000000
232906  -21.926  -11.488  22.228 0.0000000000
255529  -22.350  -11.832  23.496 0.0000000000
99021  -22.772  -11.521  23.031 0.0000000000
261233  -8.888  -10.596  29.161 0.0000000000
101204  -9.557  -10.439  28.429 0.0000000000
142515  -43.891  11.241  -1.573 0.0000000000
88983  -3.246  -16.291  36.490 0.0000000000
239121  -28.519  -3.007  19.722 0.0000000000
270972  -27.562  -1.695  18.161 0.0000000000
102517  -25.189  -9.235  21.195 0.0000000000
103700  -26.173  -9.438  21.752 0.0000000000
105007  -13.094  -8.937  26.249 0.0000000000
253987  -12.513  -8.798  26.616 0.0000000000
104979  -11.425  -8.397  27.517 0.0000000000
102393  -12.013  -9.785  26.956 0.0000000000
100094  -11.817  -10.731  27.030 0.0000000000
270753  -12.290  -10.700  26.823 0.0000000000
98900  -14.805  -11.997  27.889 0.0000000000
245368  -13.593  -11.864  27.742 0.0000000000
109559  -25.652  -6.167  18.502 0.0000000000
110998  -25.112  -5.229  18.070 0.0000000000
243954  -25.502  -3.891  19.072 0.0000000000
103685  -15.983  -8.889  23.885 0.0000000000
270843  -16.493  -9.799  23.556 0.0000000000
103698  -16.928  -9.066  22.908 0.0000000000
103722  -18.407  -9.141  21.695 0.0000000000
103744  -18.891  -9.094  21.428 0.0000000000
101343  -20.127  -10.162  21.259 0.0000000000
103746  -19.854  -9.187  20.960 0.0000000000
109513  -21.899  -6.480  20.578 0.0000000000
106412  -21.732  -7.694  20.275 0.0000000000
103780  -21.878  -8.635  20.221 0.0000000000
105120  -22.234  -8.147  19.946 0.0000000000
103766  -23.312  -8.922  20.424 0.0000000000
244871  -23.267  -7.953  19.775 0.0000000000
244879  -24.775  -5.799  19.470 0.0000000000
107976  -24.401  -6.908  19.296 0.0000000000
109545  -25.400  -6.473  18.958 0.0000000000
264213  -26.275  -7.317  19.183 0.0000000000
123059  -30.763  1.228  8.608 0.0000000000
123052  -32.092  0.539  9.037 0.0000000000
244059  -31.378  1.727  7.860 0.0000000000
129368  -32.241  4.461  6.707 0.0000000000
126990  -33.270  3.089  7.297 0.0000000000
139892  -32.614  9.649  6.673 0.0000000000
137168  -32.285  8.558  6.569 0.0000000000
265555  -33.228  9.183  5.708 0.0000000000
135876  -35.373  7.928  4.237 0.0000000000
135865  -34.586  7.770  4.658 0.0000000000
134493  -35.657  6.915  4.305 0.0000000000
254235  -35.967  5.929  5.141 0.0000000000
142497  -40.814  11.294  0.136 0.0000000000
246926  -40.833  12.112  -0.205 0.0000000000
143843  -41.722  11.862  -0.872 0.0000000000
268001  -5.687  -12.244  31.801 0.0000000000
97545  -5.226  -12.573  32.476 0.0000000000
94662  -5.754  -13.537  31.900 0.0000000000
89009  -5.813  -16.269  34.029 0.0000000000
87872  -5.319  -17.584  35.893 0.0000000000
113611  -24.669  -3.887  17.353 0.0000000000
113613  -25.695  -4.074  16.888 0.0000000000
114879  -24.475  -2.940  17.020 0.0000000000
120291  -23.445  -0.043  16.770 0.0000000000
118911  -24.300  -1.195  17.053 0.0000000000
120293  -24.425  -0.079  16.927 0.0000000000
120294  -25.134  -0.122  17.042 0.0000000000
268408  -24.590  0.616  16.254 0.0000000000
128072  -22.777  3.632  14.637 0.0000000000
124316  -24.225  1.643  13.135 0.0000000000
124297  -23.512  1.591  13.828 0.0000000000
122967  -24.753  0.548  13.605 0.0000000000
121628  -25.078  0.476  15.248 0.0000000000
121650  -25.872  -0.011  14.423 0.0000000000
121652  -26.893  -0.288  14.629 0.0000000000
224605  -26.515  -0.168  13.280 0.0000000000
123020  -27.453  0.732  11.381 0.0000000000
121698  -27.599  -0.130  12.001 0.0000000000
120377  -27.975  0.001  11.618 0.0000000000
120365  -29.417  -0.612  11.885 0.0000000000
268033  -28.692  0.387  10.963 0.0000000000
121751  -29.395  0.633  10.321 0.0000000000
124368  -28.735  1.465  10.165 0.0000000000
128141  -28.471  3.632  10.377 0.0000000000
258499  -28.743  3.133  9.799 0.0000000000
129308  -28.947  4.112  9.977 0.0000000000
99014  -17.762  -11.492  23.685 0.0000000000
98960  -18.062  -11.984  24.957 0.0000000000
97761  -19.331  -12.343  24.824 0.0000000000
98869  -8.517  -12.005  29.650 0.0000000000
97613  -7.744  -12.334  30.163 0.0000000000
96273  -8.333  -13.212  30.272 0.0000000000
97672  -11.515  -12.114  28.420 0.0000000000
97671  -10.964  -12.150  28.591 0.0000000000
97617  -11.194  -12.668  29.194 0.0000000000
98901  -15.386  -12.005  27.977 0.0000000000
97676  -16.314  -12.049  27.726 0.0000000000
97694  -17.423  -12.296  27.435 0.0000000000
270599  -18.617  -12.584  27.684 0.0000000000
105092  -26.803  -8.466  20.822 0.0000000000
103726  -26.984  -9.088  21.718 0.0000000000
105008  -13.892  -8.385  25.738 0.0000000000
102412  -13.801  -9.380  25.970 0.0000000000
101231  -13.456  -10.411  26.263 0.0000000000
100106  -13.016  -10.636  26.428 0.0000000000
100108  -14.050  -10.952  26.247 0.0000000000
98934  -14.507  -11.526  26.936 0.0000000000
112289  -25.045  -4.723  20.028 0.0000000000
113583  -24.630  -3.584  19.641 0.0000000000
109514  -22.555  -6.147  20.449 0.0000000000
229485  -23.241  -6.790  19.703 0.0000000000
110965  -24.503  -5.284  20.435 0.0000000000
128169  -30.203  3.502  7.956 0.0000000000
126978  -31.104  2.671  7.623 0.0000000000
129347  -30.813  4.233  7.350 0.0000000000
129366  -31.455  4.718  6.846 0.0000000000
131807  -32.386  5.961  6.357 0.0000000000
139926  -34.095  9.391  5.097 0.0000000000
141183  -35.146  10.051  4.542 0.0000000000
138565  -35.355  9.257  4.053 0.0000000000
137224  -36.174  8.672  3.632 0.0000000000
135896  -37.723  8.161  3.439 0.0000000000
256118  -37.237  9.464  2.865 0.0000000000
139955  -38.022  10.029  2.410 0.0000000000
139967  -39.195  10.403  2.061 0.0000000000
142483  -39.059  11.120  1.513 0.0000000000
145113  -39.228  12.394  0.953 0.0000000000
93104  -7.184  -14.456  31.853 0.0000000000
93077  -6.351  -14.437  32.103 0.0000000000
270710  -7.282  -15.432  33.072 0.0000000000
120255  -21.965  -0.697  18.729 0.0000000000
117565  -22.977  -1.461  17.401 0.0000000000
251519  -22.211  -0.001  18.016 0.0000000000
121575  -22.311  0.405  17.332 0.0000000000
122901  -22.360  0.926  16.478 0.0000000000
129248  -23.159  3.872  14.215 0.0000000000
249163  -23.773  3.641  13.276 0.0000000000
125624  -24.304  2.643  12.742 0.0000000000
124337  -25.044  1.729  12.362 0.0000000000
122984  -25.861  0.445  12.486 0.0000000000
124339  -25.946  1.324  11.956 0.0000000000
124350  -26.798  1.519  11.521 0.0000000000
124358  -27.145  1.794  11.275 0.0000000000
255905  -28.096  1.921  10.579 0.0000000000
126942  -27.718  2.869  10.856 0.0000000000
99017  -19.824  -11.900  23.156 0.0000000000
268204  -20.079  -12.315  24.460 0.0000000000
99001  -21.242  -12.055  23.701 0.0000000000
100064  -8.803  -11.184  29.280 0.0000000000
97640  -8.876  -12.111  29.405 0.0000000000
91415  -4.198  -15.016  34.739 0.0000000000
240562  -3.861  -14.155  34.918 0.0000000000
90146  -3.632  -15.587  35.373 0.0000000000
91396  -2.939  -15.207  36.092 0.0000000000
91381  -2.425  -14.999  36.423 0.0000000000
120272  -26.953  -0.404  17.597 0.0000000000
101330  -23.692  -10.462  21.579 0.0000000000
100195  -23.659  -11.047  22.773 0.0000000000
104967  -10.976  -8.448  27.955 0.0000000000
103625  -10.300  -9.232  27.830 0.0000000000
100084  -10.071  -10.574  28.021 0.0000000000
100086  -10.927  -10.703  27.470 0.0000000000
98912  -11.393  -11.352  27.619 0.0000000000
98897  -12.438  -12.037  27.985 0.0000000000
98932  -13.025  -11.446  27.104 0.0000000000
234367  -13.009  -12.028  28.026 0.0000000000
97675  -13.029  -12.381  28.742 0.0000000000
268350  -44.739  12.053  -1.782 0.0000000000
107999  -27.712  -6.384  18.603 0.0000000000
229219  -27.887  -5.402  18.419 0.0000000000
111000  -26.313  -5.525  17.659 0.0000000000
112311  -24.692  -4.070  17.953 0.0000000000
116190  -23.312  -2.965  18.538 0.0000000000
114846  -23.097  -3.242  19.738 0.0000000000
116177  -22.785  -2.867  19.420 0.0000000000
117535  -22.236  -1.875  19.349 0.0000000000
121543  -21.634  -0.461  19.882 0.0000000000
101249  -15.762  -10.245  24.803 0.0000000000
98976  -16.408  -11.148  24.938 0.0000000000
101265  -16.388  -10.345  24.156 0.0000000000
100173  -17.088  -10.828  23.626 0.0000000000
100187  -17.738  -10.963  22.844 0.0000000000
103720  -17.607  -9.054  22.260 0.0000000000
101321  -17.875  -10.169  22.045 0.0000000000
99034  -18.948  -11.355  22.691 0.0000000000
100205  -19.693  -10.922  21.961 0.0000000000
100207  -20.967  -10.977  21.736 0.0000000000
101328  -22.052  -10.836  21.257 0.0000000000
105091  -20.267  -8.144  20.923 0.0000000000
103763  -20.970  -9.052  20.550 0.0000000000
102530  -21.823  -9.460  20.647 0.0000000000
262175  -22.463  -9.921  21.011 0.0000000000
261234  -23.293  -9.534  20.901 0.0000000000
103747  -24.184  -9.146  20.860 0.0000000000
103769  -25.078  -8.742  20.443 0.0000000000
106440  -23.924  -7.293  19.515 0.0000000000
105124  -24.833  -8.164  19.773 0.0000000000
105111  -25.946  -8.324  20.094 0.0000000000
106428  -26.502  -7.903  19.829 0.0000000000
107957  -27.460  -7.158  19.530 0.0000000000
103674  -15.222  -8.879  24.875 0.0000000000
125717  -32.322  2.413  7.500 0.0000000000
137166  -31.579  8.012  7.166 0.0000000000
261668  -32.135  7.014  6.529 0.0000000000
133111  -32.847  6.565  6.234 0.0000000000
249408  -33.845  8.595  5.065 0.0000000000
134479  -33.829  7.248  5.362 0.0000000000
131810  -34.268  6.011  6.055 0.0000000000
131811  -35.458  5.665  5.772 0.0000000000
139999  -42.787  10.048  -0.966 0.0000000000
142508  -42.645  11.490  -1.359 0.0000000000
145130  -42.992  12.273  -1.529 0.0000000000
234357  -5.004  -12.547  33.060 0.0000000000
94635  -4.672  -13.680  33.464 0.0000000000
91454  -5.834  -15.061  32.993 0.0000000000
91453  -5.318  -14.879  33.231 0.0000000000
91433  -4.912  -15.072  33.813 0.0000000000
88992  -4.504  -16.772  35.073 0.0000000000
112316  -27.839  -4.556  17.871 0.0000000000
114871  -27.499  -3.646  17.278 0.0000000000
114883  -27.121  -3.090  17.164 0.0000000000
117568  -24.411  -1.763  17.140 0.0000000000
117586  -25.327  -1.972  17.093 0.0000000000
248492  -26.388  -1.865  17.296 0.0000000000
118916  -26.506  -1.133  17.522 0.0000000000
120283  -26.166  -0.224  17.402 0.0000000000
121577  -26.341  0.306  17.193 0.0000000000
125562  -22.088  2.122  16.367 0.0000000000
122918  -22.865  0.880  15.603 0.0000000000
125606  -22.926  2.498  14.053 0.0000000000
124281  -22.885  1.583  14.560 0.0000000000
122920  -23.970  0.411  15.579 0.0000000000
231150  -24.809  0.736  15.602 0.0000000000
121610  -25.698  0.720  15.686 0.0000000000
121680  -27.078  -0.348  13.108 0.0000000000
120335  -28.031  -0.961  13.463 0.0000000000
121741  -30.774  0.029  10.495 0.0000000000
123050  -30.153  0.846  9.322 0.0000000000
124386  -29.756  1.773  8.928 0.0000000000
125684  -28.778  2.270  9.866 0.0000000000
269430  -29.256  2.602  9.045 0.0000000000
126969  -29.626  2.716  8.672 0.0000000000
233263  -29.533  4.067  8.548 0.0000000000
131758  -29.960  5.204  8.740 0.0000000000
98959  -16.933  -11.716  25.484 0.0000000000
97722  -18.277  -12.339  26.068 0.0000000000
97725  -20.098  -12.564  25.761 0.0000000000
97580  -6.281  -12.420  31.103 0.0000000000
100044  -7.316  -11.527  30.624 0.0000000000
98861  -7.051  -12.014  30.616 0.0000000000
94676  -6.958  -13.555  31.049 0.0000000000
94677  -7.770  -13.941  31.201 0.0000000000
98893  -10.054  -11.543  28.429 0.0000000000
97670  -9.839  -12.078  28.726 0.0000000000
96302  -9.859  -13.047  29.782 0.0000000000
87855  -1.982  -17.152  37.556 0.0000000000
90111  -1.867  -15.877  36.899 0.0000000000
91364  -1.397  -15.088  36.340 0.0000000000
110976  -28.419  -5.772  19.587 0.0000000000
100110  -15.541  -11.037  25.802 0.0000000000
100119  -15.977  -11.084  25.327 0.0000000000
109530  -28.363  -6.307  19.851 0.0000000000
101248  -15.313  -10.270  25.290 0.0000000000
100117  -15.109  -10.696  25.724 0.0000000000
134413  -30.449  6.844  8.290 0.0000000000
133068  -30.392  6.367  7.960 0.0000000000
135814  -30.701  7.295  8.123 0.0000000000
145098  -35.729  12.423  2.814 0.0000000000
143818  -34.941  11.859  2.906 0.0000000000
143824  -35.501  12.019  2.519 0.0000000000
142476  -36.865  11.598  2.218 0.0000000000
143826  -37.006  12.073  2.103 0.0000000000
145106  -37.363  12.369  1.830 0.0000000000
128109  -25.827  3.694  12.021 0.0000000000
100209  -22.316  -11.202  21.740 0.0000000000
100193  -22.532  -11.396  22.378 0.0000000000
100194  -23.158  -11.238  22.554 0.0000000000
102358  -9.278  -9.754  28.893 0.0000000000
102369  -9.498  -9.835  28.532 0.0000000000
143848  -43.787  11.808  -1.622 0.0000000000
141249  -44.364  11.005  -1.640 0.0000000000
142516  -44.367  11.599  -1.717 0.0000000000
117545  -28.161  -2.000  18.656 0.0000000000
117544  -27.772  -2.173  18.260 0.0000000000
103723  -25.600  -9.117  21.163 0.0000000000
102496  -25.661  -9.400  21.501 0.0000000000
103724  -26.028  -9.121  21.323 0.0000000000
102402  -12.964  -9.691  26.422 0.0000000000
103645  -12.738  -9.228  26.540 0.0000000000
103637  -12.185  -9.240  26.938 0.0000000000
102401  -12.457  -9.692  26.750 0.0000000000
101220  -12.144  -10.258  26.819 0.0000000000
101221  -12.612  -10.455  26.633 0.0000000000
109558  -25.288  -6.064  18.766 0.0000000000
112298  -25.170  -4.633  18.820 0.0000000000
103686  -16.691  -8.983  23.172 0.0000000000
262954  -19.080  -7.799  21.817 0.0000000000
103745  -19.356  -9.008  21.205 0.0000000000
105090  -19.711  -8.501  21.178 0.0000000000
107939  -22.023  -7.074  20.245 0.0000000000
105121  -22.876  -8.281  19.878 0.0000000000
106425  -22.881  -7.805  19.767 0.0000000000
228401  -24.801  -6.331  19.218 0.0000000000
109544  -25.081  -5.992  19.030 0.0000000000
124387  -30.305  1.757  8.560 0.0000000000
231780  -31.187  1.331  8.192 0.0000000000
124388  -30.824  1.735  8.198 0.0000000000
130558  -32.513  5.047  6.583 0.0000000000
129369  -32.845  4.630  6.763 0.0000000000
130560  -33.750  5.360  6.762 0.0000000000
257338  -32.950  9.590  6.153 0.0000000000
141158  -33.298  9.902  5.721 0.0000000000
135877  -35.875  7.811  3.958 0.0000000000
134506  -35.547  7.450  4.200 0.0000000000
134507  -36.006  7.308  3.995 0.0000000000
248771  -36.384  6.489  4.382 0.0000000000
254095  -40.774  13.039  -0.472 0.0000000000
97561  -5.842  -12.578  31.512 0.0000000000
96219  -5.681  -13.071  31.687 0.0000000000
114877  -23.630  -2.879  17.970 0.0000000000
114878  -23.939  -3.079  17.588 0.0000000000
116204  -23.593  -2.487  17.711 0.0000000000
120292  -23.985  -0.115  16.889 0.0000000000
121588  -23.849  0.173  16.540 0.0000000000
121589  -24.227  0.332  16.448 0.0000000000
260236  -24.060  0.374  16.011 0.0000000000
122982  -24.908  0.805  13.001 0.0000000000
124299  -24.410  1.032  13.257 0.0000000000
121648  -24.987  0.244  13.976 0.0000000000
121666  -25.430  0.110  13.640 0.0000000000
121667  -25.932  -0.051  13.613 0.0000000000
121679  -25.621  0.173  13.064 0.0000000000
123021  -27.914  0.484  11.308 0.0000000000
121717  -28.338  0.172  11.243 0.0000000000
121737  -28.356  0.660  10.939 0.0000000000
121738  -28.864  0.714  10.633 0.0000000000
123031  -28.501  1.092  10.570 0.0000000000
99015  -18.249  -11.642  23.523 0.0000000000
98978  -18.442  -11.956  24.436 0.0000000000
98979  -19.048  -12.057  24.348 0.0000000000
97615  -8.636  -12.311  29.627 0.0000000000
97614  -8.247  -12.313  29.853 0.0000000000
96300  -8.619  -12.732  29.880 0.0000000000
94690  -8.610  -13.589  30.601 0.0000000000
96274  -8.939  -13.229  30.168 0.0000000000
97673  -12.025  -12.303  28.460 0.0000000000
97644  -11.680  -12.473  28.769 0.0000000000
97618  -11.813  -12.643  29.108 0.0000000000
96143  -4.298  -13.085  33.940 0.0000000000
94622  -4.129  -13.465  34.255 0.0000000000
260633  -28.524  -3.543  19.002 0.0000000000
98918  -15.709  -11.826  27.376 0.0000000000
98902  -15.908  -12.034  28.010 0.0000000000
224799  -16.623  -11.792  26.371 0.0000000000
98920  -16.539  -11.874  26.873 0.0000000000
97709  -17.101  -12.061  27.057 0.0000000000
97695  -18.062  -12.484  27.635 0.0000000000
97710  -17.593  -12.239  26.852 0.0000000000
106413  -27.044  -8.075  20.504 0.0000000000
105093  -27.170  -8.492  21.130 0.0000000000
105020  -14.385  -8.259  25.327 0.0000000000
102413  -14.175  -9.764  25.870 0.0000000000
103655  -14.312  -9.231  25.685 0.0000000000
102404  -13.862  -9.914  26.017 0.0000000000
101232  -13.903  -10.623  26.119 0.0000000000
270681  -15.275  -11.352  26.645 0.0000000000
100099  -14.860  -11.310  26.628 0.0000000000
238486  -15.111  -11.562  27.032 0.0000000000
98917  -15.109  -11.863  27.475 0.0000000000
269252  -24.536  -3.993  20.405 0.0000000000
113560  -24.256  -3.603  20.140 0.0000000000
110973  -23.231  -5.911  20.240 0.0000000000
113551  -24.400  -4.124  21.192 0.0000000000
112282  -24.677  -4.593  20.439 0.0000000000
129336  -30.321  4.181  7.761 0.0000000000
128177  -30.678  3.671  7.554 0.0000000000
133083  -30.855  6.058  7.041 0.0000000000
131774  -30.962  5.554  6.977 0.0000000000
131789  -31.454  5.697  6.662 0.0000000000
131790  -31.865  5.549  6.497 0.0000000000
133100  -31.803  6.104  6.479 0.0000000000
228764  -34.728  10.272  5.050 0.0000000000
141184  -35.111  10.581  4.641 0.0000000000
141199  -35.981  10.445  3.145 0.0000000000
139946  -35.777  10.007  3.610 0.0000000000
139940  -35.737  9.463  3.677 0.0000000000
138566  -35.664  8.904  3.912 0.0000000000
138582  -36.138  9.226  3.477 0.0000000000
228848  -36.975  8.976  3.079 0.0000000000
138583  -36.646  9.539  3.037 0.0000000000
141215  -37.662  10.844  2.104 0.0000000000
229666  -37.685  10.351  2.316 0.0000000000
141209  -38.135  10.502  2.115 0.0000000000
141216  -38.712  10.731  1.867 0.0000000000
233974  -39.391  10.769  1.698 0.0000000000
224875  -38.481  11.200  1.624 0.0000000000
145109  -38.311  12.544  1.382 0.0000000000
143832  -38.655  12.120  1.294 0.0000000000
121551  -21.692  0.065  18.936 0.0000000000
253591  -22.226  -0.507  18.156 0.0000000000
121558  -21.891  0.267  18.362 0.0000000000
124240  -21.932  1.644  17.672 0.0000000000
122856  -22.009  0.768  17.552 0.0000000000
122879  -21.999  1.173  17.284 0.0000000000
121586  -22.468  0.497  16.789 0.0000000000
124250  -22.151  1.273  16.754 0.0000000000
128107  -24.897  3.356  12.422 0.0000000000
126899  -24.556  3.059  12.504 0.0000000000
125625  -24.747  2.466  12.414 0.0000000000
228348  -24.511  2.019  12.733 0.0000000000
258141  -25.470  1.317  12.198 0.0000000000
124338  -25.571  1.819  12.047 0.0000000000
126931  -26.453  2.830  11.576 0.0000000000
245663  -26.239  2.408  11.728 0.0000000000
258000  -26.674  2.444  11.512 0.0000000000
266178  -26.879  1.885  11.478 0.0000000000
125657  -27.023  2.217  11.338 0.0000000000
230008  -27.390  2.126  11.105 0.0000000000
125666  -27.361  2.546  11.101 0.0000000000
129298  -27.686  3.774  10.930 0.0000000000
99036  -20.339  -11.767  22.699 0.0000000000
99000  -20.628  -12.150  23.678 0.0000000000
99019  -20.965  -11.941  23.091 0.0000000000
262353  -22.758  -11.884  23.939 0.0000000000
98981  -22.160  -11.987  24.172 0.0000000000
100075  -9.252  -10.791  28.756 0.0000000000
98879  -8.761  -11.814  29.423 0.0000000000
98880  -9.054  -11.702  29.086 0.0000000000
88998  -3.861  -15.983  35.185 0.0000000000
91414  -3.844  -15.162  35.134 0.0000000000
88989  -3.002  -15.824  36.549 0.0000000000
90145  -3.172  -15.505  36.014 0.0000000000
90130  -2.507  -15.431  36.580 0.0000000000
118854  -28.102  -0.974  18.577 0.0000000000
120273  -27.718  -0.996  18.202 0.0000000000
120256  -27.523  -0.336  17.952 0.0000000000
102493  -24.008  -10.046  21.291 0.0000000000
101331  -24.208  -10.395  21.951 0.0000000000
102466  -24.757  -10.056  22.043 0.0000000000
103635  -11.115  -9.252  27.389 0.0000000000
103627  -11.014  -8.772  27.739 0.0000000000
103626  -10.757  -8.976  27.707 0.0000000000
102384  -10.582  -9.446  27.457 0.0000000000
101217  -10.551  -9.938  27.449 0.0000000000
101218  -10.977  -10.133  27.258 0.0000000000
98930  -11.920  -11.308  27.328 0.0000000000
98929  -11.346  -10.974  27.379 0.0000000000
244921  -11.700  -11.569  27.614 0.0000000000
98913  -12.155  -11.681  27.509 0.0000000000
250326  -13.293  -11.146  26.705 0.0000000000
254292  -13.503  -11.438  26.972 0.0000000000
98881  -13.845  -12.131  28.330 0.0000000000
98898  -13.305  -12.165  28.307 0.0000000000
261228  -12.866  -12.210  28.330 0.0000000000
257744  -27.477  -6.705  18.641 0.0000000000
109578  -27.003  -6.060  17.891 0.0000000000
109577  -26.543  -6.040  17.906 0.0000000000
112305  -25.128  -4.053  18.656 0.0000000000
228894  -24.993  -4.638  18.133 0.0000000000
113601  -24.510  -3.680  18.363 0.0000000000
114862  -23.953  -3.259  18.877 0.0000000000
114836  -23.150  -3.257  20.377 0.0000000000
114847  -23.703  -3.465  19.787 0.0000000000
118826  -22.056  -1.551  20.330 0.0000000000
117530  -22.291  -1.865  19.894 0.0000000000
117536  -22.497  -2.312  19.126 0.0000000000
118840  -21.971  -1.476  19.535 0.0000000000
120219  -21.720  -1.048  19.700 0.0000000000
102433  -15.903  -9.761  24.536 0.0000000000
101264  -15.934  -10.014  24.518 0.0000000000
102434  -16.249  -9.876  24.053 0.0000000000
102445  -16.835  -10.072  23.145 0.0000000000
101286  -16.878  -10.432  23.389 0.0000000000
100174  -17.555  -11.145  23.331 0.0000000000
101307  -17.547  -10.453  22.584 0.0000000000
102507  -18.683  -9.630  21.499 0.0000000000
102492  -18.151  -9.633  21.780 0.0000000000
101340  -18.425  -10.110  21.626 0.0000000000
100203  -18.563  -10.898  22.276 0.0000000000
101323  -18.786  -10.535  21.805 0.0000000000
100189  -19.478  -11.272  22.285 0.0000000000
101324  -19.340  -10.551  21.671 0.0000000000
101326  -20.466  -10.565  21.506 0.0000000000
270612  -20.933  -10.563  21.371 0.0000000000
101327  -21.463  -10.754  21.310 0.0000000000
101344  -21.192  -10.215  21.146 0.0000000000
107919  -21.079  -6.954  20.847 0.0000000000
263731  -21.109  -6.459  21.244 0.0000000000
106393  -20.818  -7.363  20.855 0.0000000000
106392  -20.380  -7.516  21.052 0.0000000000
106410  -20.779  -7.860  20.730 0.0000000000
105109  -20.733  -8.535  20.632 0.0000000000
103764  -22.150  -9.071  20.393 0.0000000000
237758  -21.536  -9.043  20.438 0.0000000000
102513  -22.044  -9.876  20.934 0.0000000000
102514  -22.867  -9.759  20.938 0.0000000000
102532  -23.030  -9.324  20.664 0.0000000000
103783  -23.637  -8.529  20.215 0.0000000000
103767  -23.891  -8.793  20.476 0.0000000000
103768  -24.492  -8.727  20.464 0.0000000000
103784  -24.274  -8.406  20.124 0.0000000000
109528  -23.491  -6.169  19.823 0.0000000000
106426  -23.413  -7.406  19.715 0.0000000000
107975  -23.806  -6.826  19.488 0.0000000000
106441  -24.893  -7.254  19.203 0.0000000000
105136  -24.847  -7.764  19.449 0.0000000000
105137  -25.357  -7.870  19.546 0.0000000000
105125  -25.354  -8.217  19.871 0.0000000000
105126  -25.904  -7.945  19.690 0.0000000000
269759  -26.654  -6.781  18.563 0.0000000000
107980  -26.755  -7.127  19.050 0.0000000000
107998  -27.088  -6.785  18.554 0.0000000000
107982  -27.711  -6.777  19.010 0.0000000000
103675  -15.652  -8.899  24.289 0.0000000000
105034  -15.393  -8.420  24.455 0.0000000000
103665  -15.623  -9.292  24.683 0.0000000000
121742  -31.422  0.058  10.633 0.0000000000
123062  -32.618  1.000  8.408 0.0000000000
241161  -33.033  0.401  9.286 0.0000000000
126987  -31.521  3.033  7.294 0.0000000000
125716  -31.690  2.532  7.509 0.0000000000
126988  -32.044  2.952  7.258 0.0000000000
138501  -31.666  9.170  7.963 0.0000000000
137154  -31.381  8.140  7.566 0.0000000000
137155  -31.643  8.543  7.229 0.0000000000
135847  -32.814  7.976  5.942 0.0000000000
135838  -32.270  8.011  6.437 0.0000000000
135846  -32.553  7.417  6.325 0.0000000000
134461  -32.453  6.864  6.349 0.0000000000
138548  -34.380  9.044  4.689 0.0000000000
138537  -33.690  9.066  5.271 0.0000000000
242864  -34.219  8.594  4.781 0.0000000000
134491  -34.620  7.309  4.678 0.0000000000
134490  -34.187  7.500  4.968 0.0000000000
257008  -34.006  6.791  5.504 0.0000000000
133113  -34.003  6.428  5.791 0.0000000000
131825  -34.581  6.184  5.629 0.0000000000
228977  -34.848  5.845  5.898 0.0000000000
131826  -35.172  5.944  5.543 0.0000000000
259816  -36.380  5.347  5.728 0.0000000000
135897  -38.333  8.301  3.388 0.0000000000
141228  -40.248  11.010  0.929 0.0000000000
141235  -41.157  10.911  -0.005 0.0000000000
139983  -41.594  9.985  0.032 0.0000000000
139998  -42.225  10.159  -0.822 0.0000000000
145122  -41.972  12.300  -0.979 0.0000000000
142507  -42.017  11.449  -1.087 0.0000000000
145129  -42.471  12.296  -1.296 0.0000000000
143846  -42.733  11.964  -1.394 0.0000000000
241522  -5.102  -12.964  32.731 0.0000000000
96165  -4.902  -13.187  33.135 0.0000000000
94636  -5.007  -13.827  33.007 0.0000000000
244212  -6.626  -15.066  32.574 0.0000000000
91477  -6.207  -14.787  32.524 0.0000000000
91455  -6.269  -15.195  32.861 0.0000000000
89001  -5.571  -16.626  34.498 0.0000000000
244515  -5.583  -15.854  33.732 0.0000000000
90180  -5.087  -15.648  33.984 0.0000000000
90163  -4.712  -15.929  34.447 0.0000000000
89000  -4.913  -16.474  34.645 0.0000000000
251978  -4.755  -17.626  35.900 0.0000000000
112314  -26.801  -5.121  17.510 0.0000000000
112306  -27.669  -5.164  18.047 0.0000000000
112315  -27.407  -4.865  17.659 0.0000000000
114881  -26.008  -3.453  16.725 0.0000000000
113614  -26.453  -3.972  16.913 0.0000000000
233626  -27.004  -3.617  16.959 0.0000000000
114890  -26.227  -2.810  16.725 0.0000000000
118891  -22.674  -1.096  17.381 0.0000000000
117566  -23.354  -1.554  17.214 0.0000000000
117567  -23.837  -1.654  17.121 0.0000000000
118912  -24.785  -1.104  17.281 0.0000000000
117585  -24.907  -1.872  17.203 0.0000000000
117569  -25.124  -1.422  17.405 0.0000000000
117588  -26.203  -2.273  16.911 0.0000000000
117571  -25.992  -1.806  17.251 0.0000000000
117572  -26.776  -1.850  17.545 0.0000000000
118915  -25.975  -1.088  17.546 0.0000000000
231807  -25.796  -0.511  17.488 0.0000000000
121576  -25.869  0.051  17.110 0.0000000000
270963  -22.314  2.591  15.636 0.0000000000
126857  -22.272  2.658  16.068 0.0000000000
125569  -22.220  1.974  15.827 0.0000000000
124259  -22.456  1.367  15.678 0.0000000000
125570  -22.369  1.737  15.338 0.0000000000
128082  -23.428  3.494  13.756 0.0000000000
128073  -23.065  3.298  14.162 0.0000000000
267701  -23.340  2.664  13.579 0.0000000000
124283  -23.717  1.149  14.055 0.0000000000
124282  -23.311  1.359  14.295 0.0000000000
264957  -23.583  1.009  14.526 0.0000000000
122934  -23.206  1.058  14.925 0.0000000000
122935  -23.811  0.641  15.017 0.0000000000
121627  -24.325  0.381  15.345 0.0000000000
121629  -25.776  0.250  15.083 0.0000000000
230481  -25.404  0.598  15.360 0.0000000000
235025  -26.377  0.598  15.866 0.0000000000
120321  -27.324  -0.551  14.442 0.0000000000
121696  -26.369  0.244  12.272 0.0000000000
236231  -26.708  -0.054  12.640 0.0000000000
120362  -27.826  -0.526  12.345 0.0000000000
120351  -28.195  -0.849  12.751 0.0000000000
120336  -28.739  -1.001  13.232 0.0000000000
120380  -29.687  -0.467  11.414 0.0000000000
120353  -30.153  -0.718  12.373 0.0000000000
120367  -30.569  -0.510  11.983 0.0000000000
120381  -30.375  -0.317  11.386 0.0000000000
121721  -30.921  -0.073  11.049 0.0000000000
262476  -30.463  -0.095  10.873 0.0000000000
123039  -29.374  0.962  10.000 0.0000000000
123040  -29.736  0.770  9.820 0.0000000000
123049  -29.571  1.164  9.581 0.0000000000
123057  -29.767  1.359  9.222 0.0000000000
235023  -28.379  2.291  10.384 0.0000000000
125668  -28.529  1.855  10.197 0.0000000000
128150  -28.962  3.455  9.320 0.0000000000
126953  -28.925  2.776  9.462 0.0000000000
126968  -29.239  3.078  8.928 0.0000000000
128168  -29.675  3.379  8.441 0.0000000000
130491  -29.550  4.786  9.153 0.0000000000
100135  -16.785  -11.109  24.556 0.0000000000
228925  -16.971  -11.426  24.932 0.0000000000
97743  -18.459  -12.325  25.445 0.0000000000
97742  -17.875  -12.096  25.584 0.0000000000
229714  -18.643  -12.472  26.488 0.0000000000
227700  -19.068  -12.538  26.923 0.0000000000
230704  -20.770  -12.525  25.047 0.0000000000
97746  -20.240  -12.502  25.164 0.0000000000
226256  -20.691  -12.579  25.554 0.0000000000
266532  -23.994  -11.136  23.745 0.0000000000
98848  -6.416  -11.838  31.345 0.0000000000
101171  -8.013  -10.672  30.342 0.0000000000
100045  -7.872  -11.152  30.261 0.0000000000
96298  -7.492  -12.870  30.420 0.0000000000
97595  -7.247  -12.447  30.463 0.0000000000
250127  -7.045  -12.828  30.696 0.0000000000
96271  -7.204  -13.231  30.743 0.0000000000
264887  -7.320  -13.916  31.210 0.0000000000
94688  -7.476  -13.633  30.870 0.0000000000
100085  -10.565  -10.889  27.783 0.0000000000
100077  -10.135  -10.995  28.174 0.0000000000
98910  -10.497  -11.250  28.080 0.0000000000
97642  -10.296  -12.378  28.822 0.0000000000
96322  -10.062  -12.661  29.258 0.0000000000
244145  -9.777  -12.423  29.004 0.0000000000
239218  -45.220  12.107  -1.780 0.0000000000
243550  -1.317  -16.894  37.073 0.0000000000
88974  -1.582  -16.384  37.107 0.0000000000
241549  -1.467  -16.132  36.730 0.0000000000
224554  -16.513  -11.614  25.934 0.0000000000
270332  -27.816  -7.394  20.215 0.0000000000
103664  -15.210  -9.272  25.126 0.0000000000
269107  -14.595  -9.024  25.439 0.0000000000
103656  -14.799  -9.293  25.443 0.0000000000
101233  -14.476  -10.760  26.016 0.0000000000
100109  -15.048  -11.062  26.251 0.0000000000
114821  -24.138  -3.293  21.470 0.0000000000
131766  -30.350  5.428  7.778 0.0000000000
235957  -30.408  5.945  7.714 0.0000000000
133082  -30.677  6.372  7.401 0.0000000000
243618  -31.031  7.046  7.272 0.0000000000
142459  -34.571  11.445  3.685 0.0000000000
142465  -34.620  11.505  3.140 0.0000000000
142466  -35.646  10.971  3.080 0.0000000000
266484  -36.311  10.542  2.856 0.0000000000
139954  -36.877  10.086  2.728 0.0000000000
141207  -36.661  10.617  2.619 0.0000000000
142477  -37.066  11.010  2.280 0.0000000000
142481  -37.434  11.391  1.972 0.0000000000
229021  -37.951  11.281  1.774 0.0000000000
224565  -37.751  11.734  1.689 0.0000000000
145107  -37.831  12.452  1.580 0.0000000000
122827  -21.663  0.677  18.766 0.0000000000
124205  -21.755  1.656  18.568 0.0000000000
125537  -21.856  2.100  18.149 0.0000000000
125544  -21.931  2.078  17.894 0.0000000000
128108  -25.350  3.426  12.183 0.0000000000
126918  -25.505  2.860  12.026 0.0000000000
260166  -25.754  3.231  11.929 0.0000000000
128123  -26.136  3.276  11.749 0.0000000000
128124  -26.635  3.275  11.427 0.0000000000
100192  -21.297  -11.450  22.152 0.0000000000
99020  -21.667  -11.884  23.251 0.0000000000
99039  -22.130  -11.673  22.833 0.0000000000
99022  -23.069  -11.671  23.591 0.0000000000
101191  -9.211  -10.264  28.796 0.0000000000
265946  -43.605  10.452  -1.435 0.0000000000
227205  -44.375  10.531  -1.591 0.0000000000
87871  -3.755  -17.225  36.053 0.0000000000
87876  -3.630  -16.654  35.898 0.0000000000
87870  -3.341  -16.851  36.485 0.0000000000
87862  -2.978  -16.959  36.973 0.0000000000
87869  -2.972  -16.540  36.923 0.0000000000
118871  -27.837  -1.487  18.368 0.0000000000
118893  -27.392  -1.347  17.994 0.0000000000
102516  -24.671  -9.386  21.187 0.0000000000
102495  -25.119  -9.696  21.713 0.0000000000
102468  -25.748  -9.763  22.195 0.0000000000
102469  -26.308  -9.653  22.385 0.0000000000
106337  -13.326  -8.505  26.087 0.0000000000
104994  -12.780  -8.391  26.473 0.0000000000
104993  -12.272  -8.370  26.764 0.0000000000
106323  -11.840  -7.977  27.049 0.0000000000
254210  -12.176  -8.824  26.839 0.0000000000
246549  -11.667  -9.366  27.175 0.0000000000
101219  -11.637  -10.147  26.951 0.0000000000
100095  -12.205  -10.992  26.976 0.0000000000
98916  -14.046  -11.723  27.313 0.0000000000
259141  -13.653  -11.643  27.238 0.0000000000
98899  -14.197  -11.941  27.799 0.0000000000
109560  -26.268  -6.465  18.362 0.0000000000
109576  -26.078  -5.904  17.982 0.0000000000
110989  -25.159  -5.648  18.461 0.0000000000
110997  -24.921  -5.078  18.507 0.0000000000
113592  -25.060  -3.600  18.968 0.0000000000
102444  -16.335  -9.390  23.683 0.0000000000
102463  -16.658  -9.463  23.167 0.0000000000
102464  -17.023  -9.571  22.731 0.0000000000
238240  -18.236  -8.759  21.886 0.0000000000
105088  -18.632  -8.665  21.692 0.0000000000
101342  -19.579  -10.114  21.355 0.0000000000
102508  -19.295  -9.560  21.223 0.0000000000
102509  -19.880  -9.716  21.041 0.0000000000
102527  -20.214  -9.469  20.805 0.0000000000
109503  -21.712  -6.214  21.108 0.0000000000
107938  -21.516  -7.084  20.541 0.0000000000
106411  -21.210  -7.533  20.634 0.0000000000
262406  -21.694  -8.285  20.235 0.0000000000
103781  -22.482  -8.655  20.136 0.0000000000
103765  -22.746  -9.040  20.383 0.0000000000
103782  -23.073  -8.625  20.176 0.0000000000
105122  -23.416  -8.252  19.967 0.0000000000
109543  -24.256  -6.370  19.442 0.0000000000
107977  -24.995  -6.800  19.145 0.0000000000
107978  -25.439  -6.967  19.085 0.0000000000
106443  -25.883  -7.574  19.354 0.0000000000
107979  -25.856  -7.122  19.079 0.0000000000
107996  -25.857  -6.718  18.833 0.0000000000
230865  -31.085  0.740  8.983 0.0000000000
271174  -31.794  0.480  9.211 0.0000000000
123060  -31.394  0.970  8.521 0.0000000000
123061  -32.054  0.855  8.532 0.0000000000
124390  -32.294  1.154  8.045 0.0000000000
128187  -31.946  3.881  6.977 0.0000000000
128179  -32.325  3.459  7.086 0.0000000000
128188  -32.579  4.010  6.876 0.0000000000
139879  -32.410  9.795  7.212 0.0000000000
138521  -31.999  8.898  6.959 0.0000000000
138522  -32.547  9.070  6.481 0.0000000000
138528  -32.891  8.979  6.032 0.0000000000
137177  -32.993  8.555  5.802 0.0000000000
137203  -35.254  8.465  4.197 0.0000000000
137192  -34.428  8.186  4.697 0.0000000000
137193  -34.895  8.109  4.451 0.0000000000
134492  -35.132  7.154  4.441 0.0000000000
133144  -35.266  6.550  4.669 0.0000000000
131846  -35.477  6.108  5.110 0.0000000000
133145  -35.884  6.387  4.618 0.0000000000
131847  -36.426  6.042  4.846 0.0000000000
142495  -40.061  11.566  0.595 0.0000000000
142496  -40.441  11.240  0.536 0.0000000000
143838  -40.456  11.646  0.236 0.0000000000
143840  -40.829  11.717  -0.102 0.0000000000
142500  -41.170  11.360  -0.317 0.0000000000
142501  -41.549  11.414  -0.735 0.0000000000
143842  -41.219  11.887  -0.503 0.0000000000
145121  -41.497  12.363  -0.740 0.0000000000
98832  -5.486  -12.161  32.212 0.0000000000
96218  -5.372  -13.125  32.213 0.0000000000
94661  -5.523  -13.603  32.276 0.0000000000
88993  -5.290  -17.039  35.040 0.0000000000
112322  -25.394  -4.567  17.177 0.0000000000
112323  -25.980  -4.598  17.070 0.0000000000
113612  -25.100  -4.056  17.038 0.0000000000
241063  -24.795  -3.527  16.909 0.0000000000
114888  -25.063  -3.040  16.731 0.0000000000
120281  -23.245  -0.320  16.947 0.0000000000
118910  -23.811  -1.180  16.981 0.0000000000
118929  -23.641  -0.469  16.998 0.0000000000
118931  -24.593  -0.610  17.164 0.0000000000
118913  -25.148  -0.840  17.433 0.0000000000
239553  -24.851  -0.192  17.053 0.0000000000
121590  -24.686  0.378  16.627 0.0000000000
252023  -25.076  0.380  16.681 0.0000000000
126865  -22.362  2.858  15.193 0.0000000000
264201  -24.058  2.224  13.053 0.0000000000
125607  -23.360  2.150  13.667 0.0000000000
124298  -23.930  1.333  13.567 0.0000000000
122966  -24.203  0.842  13.857 0.0000000000
122951  -24.525  0.375  14.340 0.0000000000
122936  -24.729  0.264  14.947 0.0000000000
226098  -25.014  0.187  14.639 0.0000000000
226902  -25.404  0.211  14.858 0.0000000000
121630  -26.734  -0.029  15.001 0.0000000000
121651  -26.387  -0.074  14.661 0.0000000000
120320  -26.882  -0.403  14.146 0.0000000000
120349  -26.860  -0.373  13.631 0.0000000000
256817  -27.112  0.514  11.699 0.0000000000
121697  -27.015  0.143  12.073 0.0000000000
121716  -27.520  0.298  11.693 0.0000000000
262811  -28.023  -0.341  11.922 0.0000000000
120363  -28.329  -0.627  12.161 0.0000000000
238222  -29.261  -0.760  12.356 0.0000000000
120378  -28.458  -0.311  11.625 0.0000000000
120379  -29.085  -0.409  11.505 0.0000000000
121719  -29.378  -0.136  11.068 0.0000000000
252702  -29.664  0.151  10.599 0.0000000000
121739  -29.137  0.312  10.796 0.0000000000
123038  -29.026  1.049  10.270 0.0000000000
123048  -29.192  1.348  9.826 0.0000000000
237357  -28.527  3.149  10.239 0.0000000000
128142  -28.742  3.637  9.927 0.0000000000
129318  -29.039  4.001  9.531 0.0000000000
128151  -29.224  3.971  9.043 0.0000000000
226981  -17.646  -11.618  24.215 0.0000000000
98977  -17.510  -11.672  24.679 0.0000000000
264903  -18.077  -11.877  24.556 0.0000000000
97760  -18.739  -12.209  24.898 0.0000000000
97744  -19.006  -12.469  25.343 0.0000000000
98868  -8.081  -11.856  29.951 0.0000000000
96299  -8.030  -12.769  30.141 0.0000000000
94689  -8.019  -13.632  30.705 0.0000000000
98895  -11.292  -11.681  28.042 0.0000000000
98894  -10.666  -11.614  28.263 0.0000000000
97643  -11.060  -12.416  28.777 0.0000000000
114855  -28.353  -3.089  19.268 0.0000000000
116191  -27.895  -2.927  18.218 0.0000000000
98884  -15.688  -12.146  28.567 0.0000000000
97651  -16.347  -12.191  28.392 0.0000000000
97652  -16.931  -12.416  28.471 0.0000000000
98919  -16.263  -11.900  27.266 0.0000000000
97677  -16.871  -12.240  27.919 0.0000000000
103771  -26.255  -8.674  20.574 0.0000000000
103751  -26.394  -8.877  21.070 0.0000000000
106338  -13.612  -8.020  25.963 0.0000000000
234880  -14.281  -8.728  25.513 0.0000000000
103654  -13.793  -8.861  25.829 0.0000000000
103646  -13.279  -9.145  26.185 0.0000000000
102403  -13.404  -9.816  26.240 0.0000000000
101230  -13.001  -10.173  26.445 0.0000000000
100107  -13.553  -10.848  26.291 0.0000000000
100097  -13.794  -11.313  26.727 0.0000000000
100098  -14.268  -11.274  26.581 0.0000000000
254067  -14.612  -11.789  27.364 0.0000000000
112297  -25.366  -4.566  19.408 0.0000000000
113584  -25.350  -3.835  19.509 0.0000000000
113573  -24.825  -4.048  19.987 0.0000000000
114837  -23.761  -3.435  20.494 0.0000000000
109504  -22.322  -5.962  20.989 0.0000000000
107955  -22.334  -6.607  20.234 0.0000000000
239112  -22.956  -7.320  19.813 0.0000000000
109527  -22.846  -6.391  19.998 0.0000000000
110974  -24.034  -5.749  20.182 0.0000000000
109529  -24.167  -5.954  19.839 0.0000000000
110975  -24.596  -5.440  20.228 0.0000000000
110980  -24.942  -5.286  19.804 0.0000000000
126976  -30.157  2.804  8.204 0.0000000000
255637  -30.649  2.571  7.927 0.0000000000
126977  -30.628  3.074  7.760 0.0000000000
126986  -31.058  3.279  7.382 0.0000000000
248143  -31.094  3.813  7.206 0.0000000000
255211  -30.592  4.650  7.486 0.0000000000
129348  -31.243  4.312  7.052 0.0000000000
129367  -31.711  4.369  6.834 0.0000000000
130557  -31.917  4.945  6.592 0.0000000000
226509  -32.271  5.420  6.495 0.0000000000
131791  -32.752  5.606  6.472 0.0000000000
141171  -33.851  9.853  5.475 0.0000000000
258261  -34.184  10.171  5.447 0.0000000000
141182  -34.431  9.819  5.046 0.0000000000
139927  -34.631  9.462  4.614 0.0000000000
141190  -35.539  10.033  4.041 0.0000000000
139938  -35.160  9.549  4.224 0.0000000000
242501  -35.150  8.878  4.177 0.0000000000
137204  -35.767  8.327  3.950 0.0000000000
137205  -36.243  8.156  3.695 0.0000000000
135879  -36.868  7.627  3.668 0.0000000000
137225  -36.696  8.471  3.403 0.0000000000
137226  -37.321  8.545  3.235 0.0000000000
227587  -37.565  9.039  2.967 0.0000000000
265089  -37.036  9.764  2.805 0.0000000000
138600  -37.819  9.552  2.722 0.0000000000
138584  -38.178  9.157  2.893 0.0000000000
265988  -39.801  10.772  1.544 0.0000000000
141217  -39.662  11.084  1.329 0.0000000000
142482  -38.259  11.664  1.517 0.0000000000
142489  -38.815  11.555  1.365 0.0000000000
142490  -39.662  11.484  0.967 0.0000000000
143836  -39.669  11.996  0.754 0.0000000000
94675  -6.558  -13.798  31.418 0.0000000000
93102  -6.171  -13.974  31.834 0.0000000000
93103  -6.659  -14.274  31.766 0.0000000000
91478  -7.007  -15.032  32.512 0.0000000000
117551  -22.377  -1.622  18.321 0.0000000000
117552  -23.160  -1.985  17.649 0.0000000000
118890  -22.402  -1.150  17.915 0.0000000000
120270  -22.436  -0.517  17.673 0.0000000000
121565  -21.983  0.528  17.947 0.0000000000
121566  -22.315  0.192  17.690 0.0000000000
120279  -22.461  -0.064  17.489 0.0000000000
260444  -22.569  0.132  16.998 0.0000000000
121587  -22.844  0.220  16.691 0.0000000000
122902  -22.691  0.689  16.174 0.0000000000
129252  -23.597  4.024  13.750 0.0000000000
238262  -23.569  3.036  13.353 0.0000000000
128091  -24.222  3.801  12.902 0.0000000000
126898  -24.088  3.243  12.828 0.0000000000
271473  -24.021  2.763  12.909 0.0000000000
124317  -24.696  1.347  12.794 0.0000000000
122983  -25.385  0.581  12.757 0.0000000000
123001  -25.653  0.885  12.303 0.0000000000
125645  -25.756  2.365  11.941 0.0000000000
124349  -26.402  1.623  11.715 0.0000000000
123018  -26.458  1.085  11.743 0.0000000000
123019  -26.929  0.927  11.545 0.0000000000
123029  -27.273  1.289  11.245 0.0000000000
124359  -28.212  1.532  10.562 0.0000000000
258160  -27.643  1.713  10.919 0.0000000000
125667  -27.845  2.321  10.810 0.0000000000
126941  -27.207  3.001  11.128 0.0000000000
258455  -27.564  3.294  10.925 0.0000000000
128132  -28.054  3.352  10.637 0.0000000000
129299  -28.208  3.907  10.675 0.0000000000
129300  -28.632  4.211  10.930 0.0000000000
241436  -19.295  -11.758  23.083 0.0000000000
230582  -19.333  -11.952  23.688 0.0000000000
98999  -20.022  -12.083  23.713 0.0000000000
97771  -20.894  -12.249  24.170 0.0000000000
227257  -21.215  -12.382  24.673 0.0000000000
99002  -21.777  -11.965  23.768 0.0000000000
260534  -21.775  -12.146  24.565 0.0000000000
101182  -8.368  -10.803  29.940 0.0000000000
249110  -8.582  -10.326  29.574 0.0000000000
101183  -8.614  -10.831  29.531 0.0000000000
100054  -8.478  -11.120  29.702 0.0000000000
97616  -9.020  -12.487  29.498 0.0000000000
97646  -12.707  -12.506  29.032 0.0000000000
93017  -4.237  -14.518  34.625 0.0000000000
93016  -3.758  -14.664  35.147 0.0000000000
92998  -3.387  -14.250  35.451 0.0000000000
88990  -3.495  -16.026  35.836 0.0000000000
91397  -3.452  -15.144  35.550 0.0000000000
247172  -3.253  -14.789  35.647 0.0000000000
251925  -2.805  -14.849  36.138 0.0000000000
92981  -2.399  -14.559  36.506 0.0000000000
139867  -31.958  9.580  8.340 0.0000000000
141128  -32.782  10.229  7.558 0.0000000000
141148  -33.176  10.470  6.655 0.0000000000
141149  -33.476  10.679  6.338 0.0000000000
121567  -27.139  0.199  17.644 0.0000000000
233218  -23.128  -10.584  21.480 0.0000000000
101309  -23.568  -10.859  22.091 0.0000000000
101288  -24.086  -10.687  22.671 0.0000000000
103725  -26.496  -9.109  21.503 0.0000000000
104960  -10.628  -8.454  28.297 0.0000000000
103613  -10.535  -8.803  28.103 0.0000000000
102370  -9.856  -9.555  28.118 0.0000000000
102382  -9.850  -10.035  28.055 0.0000000000
262474  -10.190  -10.129  27.707 0.0000000000
101211  -10.560  -10.419  27.568 0.0000000000
257039  -11.315  -10.539  27.201 0.0000000000
98896  -11.861  -11.901  27.989 0.0000000000
100096  -12.846  -10.948  26.715 0.0000000000
98915  -13.264  -11.706  27.369 0.0000000000
98914  -12.734  -11.736  27.466 0.0000000000
97674  -12.525  -12.381  28.583 0.0000000000
109546  -28.042  -6.288  19.174 0.0000000000
110982  -28.170  -5.669  19.144 0.0000000000
110990  -27.549  -5.842  18.215 0.0000000000
252258  -26.774  -5.675  17.697 0.0000000000
110999  -25.686  -5.289  17.695 0.0000000000
254422  -25.676  -4.898  17.350 0.0000000000
112321  -24.981  -4.386  17.536 0.0000000000
114870  -24.038  -3.342  17.906 0.0000000000
254685  -24.992  -3.495  19.228 0.0000000000
114854  -24.139  -3.418  19.134 0.0000000000
241961  -22.792  -2.941  20.048 0.0000000000
114853  -23.355  -3.228  19.217 0.0000000000
114861  -23.501  -3.175  19.147 0.0000000000
116183  -22.909  -2.781  18.874 0.0000000000
117543  -22.542  -2.170  18.517 0.0000000000
118853  -22.007  -1.353  18.971 0.0000000000
121544  -21.686  -0.495  19.310 0.0000000000
248891  -21.560  -0.020  19.435 0.0000000000
121537  -21.299  0.276  20.498 0.0000000000
100133  -15.952  -10.806  24.900 0.0000000000
101250  -16.170  -10.539  24.518 0.0000000000
100156  -16.574  -10.734  24.313 0.0000000000
101285  -16.607  -10.298  23.784 0.0000000000
101266  -16.702  -10.538  23.895 0.0000000000
100157  -17.001  -10.935  23.988 0.0000000000
100158  -17.340  -11.222  23.896 0.0000000000
100175  -17.998  -11.325  23.180 0.0000000000
100176  -18.460  -11.419  23.107 0.0000000000
105059  -17.146  -8.556  22.781 0.0000000000
103699  -17.262  -9.030  22.580 0.0000000000
102490  -17.363  -9.410  22.361 0.0000000000
103721  -17.985  -9.112  21.973 0.0000000000
102491  -17.851  -9.650  21.976 0.0000000000
102465  -17.418  -9.896  22.420 0.0000000000
101308  -18.029  -10.715  22.403 0.0000000000
100188  -18.280  -11.147  22.781 0.0000000000
99035  -19.641  -11.627  22.651 0.0000000000
100190  -20.016  -11.354  22.262 0.0000000000
100191  -20.649  -11.397  22.201 0.0000000000
101325  -19.906  -10.540  21.601 0.0000000000
100206  -20.288  -10.924  21.910 0.0000000000
100208  -21.689  -11.162  21.701 0.0000000000
106391  -19.860  -7.809  21.290 0.0000000000
258541  -20.208  -8.716  20.886 0.0000000000
105108  -20.430  -9.116  20.736 0.0000000000
102528  -20.629  -9.472  20.652 0.0000000000
105110  -21.310  -8.617  20.371 0.0000000000
102529  -21.212  -9.449  20.640 0.0000000000
102512  -21.482  -9.837  20.888 0.0000000000
101345  -21.765  -10.257  21.170 0.0000000000
101346  -22.277  -10.225  21.232 0.0000000000
101329  -22.604  -10.702  21.379 0.0000000000
101347  -22.725  -10.144  21.275 0.0000000000
101348  -23.341  -10.034  21.144 0.0000000000
102515  -23.748  -9.541  21.018 0.0000000000
102533  -23.561  -9.204  20.716 0.0000000000
226208  -24.226  -9.565  21.154 0.0000000000
103748  -24.800  -9.012  20.850 0.0000000000
106427  -23.792  -7.846  19.737 0.0000000000
105135  -24.349  -7.555  19.460 0.0000000000
105123  -24.327  -8.018  19.760 0.0000000000
103785  -24.890  -8.465  20.098 0.0000000000
103786  -25.369  -8.485  20.163 0.0000000000
103770  -25.658  -8.748  20.475 0.0000000000
105112  -26.607  -8.203  20.288 0.0000000000
106429  -27.130  -7.714  19.989 0.0000000000
232920  -26.411  -7.573  19.465 0.0000000000
106444  -27.038  -7.412  19.549 0.0000000000
106430  -27.664  -7.349  19.942 0.0000000000
107958  -27.929  -6.841  19.640 0.0000000000
105033  -14.931  -8.349  24.965 0.0000000000
102425  -15.525  -9.739  24.990 0.0000000000
123042  -32.503  0.276  9.359 0.0000000000
258076  -31.372  2.216  7.688 0.0000000000
125708  -31.822  2.025  7.590 0.0000000000
124399  -32.465  1.484  7.739 0.0000000000
126989  -32.638  2.998  7.263 0.0000000000
135815  -31.028  7.753  7.977 0.0000000000
135822  -31.196  7.630  7.444 0.0000000000
134451  -31.630  6.966  6.814 0.0000000000
137167  -31.912  8.322  6.872 0.0000000000
135837  -32.032  7.454  6.706 0.0000000000
134452  -31.957  6.639  6.496 0.0000000000
133110  -32.281  6.426  6.374 0.0000000000
131808  -33.058  6.085  6.284 0.0000000000
139911  -33.621  9.486  5.498 0.0000000000
138536  -33.418  8.616  5.423 0.0000000000
135848  -33.198  8.077  5.616 0.0000000000
268866  -34.154  7.867  4.915 0.0000000000
135857  -33.844  7.750  5.157 0.0000000000
134478  -33.491  7.684  5.503 0.0000000000
134463  -33.269  6.996  6.004 0.0000000000
133112  -33.440  6.514  6.052 0.0000000000
131809  -33.671  6.042  6.235 0.0000000000
130574  -34.497  5.685  6.284 0.0000000000
131827  -35.784  5.685  5.555 0.0000000000
140000  -43.457  10.032  -1.210 0.0000000000
141241  -41.808  11.134  -0.873 0.0000000000
141243  -42.556  10.562  -1.135 0.0000000000
140007  -43.127  10.504  -1.295 0.0000000000
226658  -43.310  11.373  -1.478 0.0000000000
143847  -43.153  11.826  -1.504 0.0000000000
254054  -43.866  12.372  -1.697 0.0000000000
146276  -43.452  12.767  -1.698 0.0000000000
98817  -4.820  -12.367  33.585 0.0000000000
96164  -4.594  -13.238  33.572 0.0000000000
246112  -4.521  -14.080  33.782 0.0000000000
93076  -5.920  -14.304  32.267 0.0000000000
93075  -5.478  -14.003  32.562 0.0000000000
90193  -5.910  -15.580  33.257 0.0000000000
93056  -5.154  -14.389  33.047 0.0000000000
93035  -4.925  -14.639  33.504 0.0000000000
93034  -4.553  -14.497  34.002 0.0000000000
90179  -4.618  -15.379  34.350 0.0000000000
88999  -4.309  -16.186  34.880 0.0000000000
87878  -4.797  -17.323  35.471 0.0000000000
245196  -4.309  -17.382  35.776 0.0000000000
87877  -4.085  -16.973  35.536 0.0000000000
112299  -28.166  -5.258  18.890 0.0000000000
112325  -27.137  -4.591  17.384 0.0000000000
113602  -27.553  -4.282  17.442 0.0000000000
114872  -27.782  -3.321  17.752 0.0000000000
116199  -27.568  -2.642  17.920 0.0000000000
241968  -23.448  -2.054  17.500 0.0000000000
116205  -24.118  -2.411  17.338 0.0000000000
116212  -24.888  -2.492  16.946 0.0000000000
116213  -25.468  -2.516  16.793 0.0000000000
116207  -26.584  -2.542  16.940 0.0000000000
116208  -26.844  -2.313  17.253 0.0000000000
236343  -27.261  -2.381  17.651 0.0000000000
117553  -27.099  -1.556  17.804 0.0000000000
118892  -26.914  -0.964  17.637 0.0000000000
118914  -25.481  -0.860  17.600 0.0000000000
249128  -26.148  -0.557  17.483 0.0000000000
120284  -26.443  -0.462  17.489 0.0000000000
120271  -26.610  0.073  17.444 0.0000000000
125561  -22.046  2.195  16.878 0.0000000000
128054  -22.441  3.349  16.324 0.0000000000
126851  -22.236  2.699  16.566 0.0000000000
261740  -22.021  1.831  16.778 0.0000000000
124258  -22.208  1.463  16.250 0.0000000000
122917  -22.500  1.026  16.021 0.0000000000
121606  -23.113  0.531  15.981 0.0000000000
267439  -22.769  3.147  14.475 0.0000000000
126866  -22.469  2.482  14.798 0.0000000000
125592  -23.105  1.859  14.068 0.0000000000
125591  -22.715  2.164  14.374 0.0000000000
125580  -22.519  1.901  14.874 0.0000000000
124270  -22.693  1.385  15.131 0.0000000000
122919  -23.409  0.595  15.470 0.0000000000
121607  -23.681  0.382  15.913 0.0000000000
121608  -24.398  0.562  15.901 0.0000000000
252090  -24.978  0.822  16.126 0.0000000000
121591  -25.332  0.751  16.197 0.0000000000
121609  -25.196  0.862  15.719 0.0000000000
121592  -25.855  0.575  16.404 0.0000000000
121593  -26.327  0.569  16.585 0.0000000000
122903  -26.700  0.639  16.692 0.0000000000
122881  -26.829  0.589  17.109 0.0000000000
121612  -27.608  0.216  15.464 0.0000000000
246121  -26.096  0.071  12.799 0.0000000000
120334  -27.368  -0.675  13.691 0.0000000000
121681  -27.304  -0.260  12.490 0.0000000000
120350  -27.612  -0.693  12.947 0.0000000000
121754  -31.107  0.147  9.986 0.0000000000
121752  -29.958  0.430  10.145 0.0000000000
121753  -30.493  0.261  10.017 0.0000000000
121762  -30.777  0.463  9.501 0.0000000000
123051  -30.459  0.846  9.135 0.0000000000
123058  -30.162  1.322  8.957 0.0000000000
257048  -28.843  1.962  9.730 0.0000000000
126952  -28.623  2.715  10.074 0.0000000000
124385  -29.390  2.023  9.198 0.0000000000
125695  -29.518  2.264  8.947 0.0000000000
125696  -29.956  2.243  8.571 0.0000000000
129335  -29.880  3.923  8.130 0.0000000000
130523  -29.932  4.463  8.162 0.0000000000
129327  -29.436  4.373  8.907 0.0000000000
130507  -29.702  4.670  8.602 0.0000000000
130508  -30.105  5.048  8.239 0.0000000000
133057  -30.271  6.333  8.555 0.0000000000
98958  -16.498  -11.401  25.427 0.0000000000
98946  -17.100  -11.929  25.936 0.0000000000
226061  -17.421  -11.812  25.177 0.0000000000
98947  -17.363  -11.962  25.670 0.0000000000
97721  -17.636  -12.131  26.206 0.0000000000
97711  -18.138  -12.386  26.631 0.0000000000
230070  -19.899  -12.380  24.760 0.0000000000
97745  -19.581  -12.509  25.349 0.0000000000
97724  -19.499  -12.562  25.983 0.0000000000
97713  -21.091  -12.625  26.545 0.0000000000
227658  -20.433  -12.638  26.734 0.0000000000
227638  -19.801  -12.634  26.882 0.0000000000
97681  -20.168  -12.654  27.946 0.0000000000
100177  -23.480  -11.305  23.270 0.0000000000
100159  -23.613  -11.417  23.768 0.0000000000
98834  -6.268  -11.631  31.780 0.0000000000
98847  -6.027  -12.089  31.552 0.0000000000
96244  -6.148  -12.986  31.254 0.0000000000
98867  -7.540  -11.962  30.291 0.0000000000
98860  -6.806  -11.658  31.089 0.0000000000
97581  -6.598  -12.071  30.940 0.0000000000
96245  -6.689  -12.976  30.950 0.0000000000
242809  -6.504  -13.354  31.192 0.0000000000
93126  -6.989  -14.070  31.479 0.0000000000
93127  -7.522  -14.243  31.585 0.0000000000
93128  -8.047  -14.229  31.545 0.0000000000
100076  -9.658  -10.904  28.466 0.0000000000
244009  -9.706  -11.272  28.524 0.0000000000
258214  -10.317  -11.969  28.543 0.0000000000
98892  -9.485  -11.685  28.719 0.0000000000
97641  -9.327  -12.192  29.057 0.0000000000
96321  -9.521  -12.669  29.349 0.0000000000
230708  -10.334  -13.136  30.048 0.0000000000
262817  -9.412  -13.251  30.069 0.0000000000
142517  -44.681  11.199  -1.775 0.0000000000
87861  -2.418  -16.619  37.344 0.0000000000
87854  -1.121  -17.352  37.323 0.0000000000
87860  -1.722  -16.741  37.321 0.0000000000
88975  -2.070  -16.245  37.195 0.0000000000
90129  -1.813  -15.310  36.613 0.0000000000
88981  -1.251  -16.283  36.370 0.0000000000
90128  -1.309  -15.807  36.352 0.0000000000
90110  -1.552  -15.623  36.558 0.0000000000
90112  -2.502  -15.895  36.955 0.0000000000
90162  -4.154  -15.603  34.849 0.0000000000
90192  -5.434  -15.372  33.472 0.0000000000
91432  -4.510  -14.887  34.328 0.0000000000
91479  -7.356  -15.147  32.656 0.0000000000
91499  -6.785  -14.736  32.204 0.0000000000
93055  -4.742  -14.217  33.521 0.0000000000
93057  -5.648  -14.588  32.745 0.0000000000
94623  -4.365  -13.590  33.863 0.0000000000
94647  -5.814  -13.916  32.114 0.0000000000
96122  -3.969  -12.984  34.480 0.0000000000
97535  -4.727  -12.759  33.535 0.0000000000
97560  -5.482  -12.625  31.951 0.0000000000
97594  -6.766  -12.463  30.776 0.0000000000
97693  -16.762  -12.062  27.395 0.0000000000
97723  -18.768  -12.480  25.896 0.0000000000
97762  -20.480  -12.432  24.615 0.0000000000
97769  -19.718  -12.173  24.298 0.0000000000
97770  -20.297  -12.243  24.166 0.0000000000
98878  -8.453  -11.543  29.642 0.0000000000
98980  -21.507  -12.098  24.188 0.0000000000
98982  -22.807  -11.960  24.420 0.0000000000
98997  -18.085  -11.755  24.045 0.0000000000
98998  -18.652  -11.866  23.890 0.0000000000
99003  -23.193  -11.775  24.033 0.0000000000
99018  -20.352  -11.999  23.250 0.0000000000
99038  -21.507  -11.734  22.663 0.0000000000
100052  -7.775  -11.563  30.165 0.0000000000
100134  -16.339  -10.984  24.735 0.0000000000
100178  -24.022  -10.940  23.292 0.0000000000
100204  -19.119  -10.966  22.050 0.0000000000
101287  -17.286  -10.683  23.089 0.0000000000
101322  -18.306  -10.507  21.993 0.0000000000
102357  -8.963  -10.073  29.188 0.0000000000
102383  -10.207  -9.729  27.656 0.0000000000
102391  -10.894  -9.702  27.316 0.0000000000
102510  -20.378  -9.787  20.957 0.0000000000
103636  -11.598  -8.823  27.296 0.0000000000
103701  -26.640  -9.370  22.036 0.0000000000
103749  -25.351  -8.979  20.854 0.0000000000
104980  -11.828  -8.380  27.124 0.0000000000
105089  -19.119  -8.585  21.462 0.0000000000
105094  -27.592  -8.288  21.258 0.0000000000
106339  -13.974  -7.999  25.670 0.0000000000
106348  -14.774  -7.901  25.082 0.0000000000
106394  -27.313  -8.136  20.901 0.0000000000
107920  -28.039  -7.370  20.523 0.0000000000
107940  -27.958  -7.106  20.080 0.0000000000
107956  -22.599  -6.975  19.970 0.0000000000
107981  -27.290  -6.986  19.050 0.0000000000
107997  -26.316  -6.972  18.858 0.0000000000
109512  -21.401  -6.587  20.803 0.0000000000
109515  -28.653  -6.347  20.431 0.0000000000
109562  -27.302  -6.399  18.301 0.0000000000
109575  -25.490  -5.650  18.138 0.0000000000
110988  -24.993  -5.423  18.799 0.0000000000
110991  -27.934  -5.830  18.703 0.0000000000
112277  -24.507  -4.375  20.835 0.0000000000
112312  -25.232  -4.889  17.620 0.0000000000
112324  -26.624  -4.602  17.185 0.0000000000
113600  -24.295  -3.351  18.762 0.0000000000
113610  -24.306  -3.581  17.732 0.0000000000
113615  -27.108  -4.129  17.097 0.0000000000
114825  -24.248  -3.548  21.164 0.0000000000
114864  -28.193  -3.177  18.686 0.0000000000
114869  -23.651  -3.058  18.450 0.0000000000
114880  -25.356  -3.554  16.740 0.0000000000
114882  -26.612  -3.206  16.813 0.0000000000
116198  -23.295  -2.560  17.995 0.0000000000
116206  -24.616  -2.261  17.081 0.0000000000
116214  -25.960  -2.571  16.764 0.0000000000
117531  -22.522  -2.361  19.835 0.0000000000
117542  -22.250  -1.780  18.798 0.0000000000
117554  -27.421  -1.959  17.975 0.0000000000
117570  -25.571  -1.461  17.414 0.0000000000
117587  -25.798  -2.106  16.997 0.0000000000
118870  -22.156  -1.181  18.479 0.0000000000
118930  -24.183  -0.448  17.079 0.0000000000
120237  -21.772  -0.953  19.150 0.0000000000
120280  -22.714  -0.500  17.194 0.0000000000
120282  -25.438  -0.377  17.340 0.0000000000
120290  -22.786  -0.223  17.059 0.0000000000
120364  -28.871  -0.617  11.991 0.0000000000
120366  -29.979  -0.589  11.867 0.0000000000
121552  -21.824  -0.419  18.936 0.0000000000
121559  -22.034  -0.232  18.449 0.0000000000
121631  -27.210  -0.175  14.991 0.0000000000
121649  -25.429  0.078  14.201 0.0000000000
121668  -26.433  -0.227  13.980 0.0000000000
121718  -28.829  -0.002  11.189 0.0000000000
121740  -30.221  0.084  10.500 0.0000000000
121761  -30.221  0.607  9.646 0.0000000000
122836  -21.782  0.701  18.326 0.0000000000
122880  -22.177  0.919  16.936 0.0000000000
122950  -24.005  0.759  14.447 0.0000000000
123002  -26.144  0.730  12.085 0.0000000000
123041  -31.972  0.299  9.484 0.0000000000
123053  -32.669  0.689  8.827 0.0000000000
124226  -21.823  1.578  18.091 0.0000000000
124318  -25.139  0.993  12.627 0.0000000000
124348  -25.987  1.964  11.887 0.0000000000
124389  -31.690  1.175  8.057 0.0000000000
124398  -31.968  1.513  7.711 0.0000000000
125552  -22.000  2.184  17.494 0.0000000000
125608  -23.756  1.838  13.466 0.0000000000
125644  -25.260  2.356  12.145 0.0000000000
125656  -26.588  2.010  11.615 0.0000000000
125685  -29.128  2.277  9.349 0.0000000000
125707  -30.950  2.178  7.906 0.0000000000
125709  -32.270  1.854  7.571 0.0000000000
126842  -22.157  2.686  17.061 0.0000000000
126875  -22.780  2.815  14.340 0.0000000000
126886  -23.321  3.056  13.766 0.0000000000
128178  -31.475  3.547  7.159 0.0000000000
128180  -32.925  3.559  7.056 0.0000000000
129349  -31.478  3.977  7.043 0.0000000000
129350  -33.194  4.155  6.922 0.0000000000
130540  -31.436  5.211  6.766 0.0000000000
130559  -33.168  5.305  6.719 0.0000000000
130575  -35.017  5.601  6.149 0.0000000000
131792  -33.569  5.657  6.548 0.0000000000
131828  -36.276  5.549  5.448 0.0000000000
133128  -34.415  6.591  5.348 0.0000000000
133143  -34.803  6.794  4.851 0.0000000000
133157  -36.174  6.835  4.159 0.0000000000
134428  -30.850  7.288  7.732 0.0000000000
134462  -32.908  7.072  6.156 0.0000000000
134464  -33.673  6.857  5.744 0.0000000000
134480  -34.279  7.034  5.102 0.0000000000
135836  -31.564  7.508  7.053 0.0000000000
135866  -34.966  7.652  4.448 0.0000000000
135878  -36.347  7.686  3.769 0.0000000000
135894  -36.647  8.009  3.605 0.0000000000
135895  -37.117  8.082  3.498 0.0000000000
137176  -32.641  8.517  6.172 0.0000000000
137184  -33.632  8.144  5.246 0.0000000000
137191  -34.003  8.181  4.959 0.0000000000
137227  -37.929  8.658  3.170 0.0000000000
138509  -31.502  8.665  7.666 0.0000000000
138547  -34.006  8.955  5.001 0.0000000000
138564  -34.863  9.133  4.334 0.0000000000
138599  -37.407  9.956  2.601 0.0000000000
138601  -38.515  9.720  2.602 0.0000000000
139872  -31.994  9.559  7.625 0.0000000000
139878  -32.220  9.347  6.917 0.0000000000
139893  -32.847  10.020  6.450 0.0000000000
139939  -35.539  9.624  3.912 0.0000000000
139975  -40.524  10.575  0.961 0.0000000000
139991  -41.762  10.317  -0.500 0.0000000000
141134  -32.836  10.152  6.945 0.0000000000
141135  -33.161  10.534  7.273 0.0000000000
141191  -35.147  10.726  4.228 0.0000000000
141200  -36.415  10.146  2.914 0.0000000000
141206  -36.130  10.997  2.803 0.0000000000
141242  -42.006  10.663  -0.874 0.0000000000
141248  -44.087  10.765  -1.575 0.0000000000
142475  -35.269  11.506  2.788 0.0000000000
142509  -42.358  11.035  -1.184 0.0000000000
142514  -42.909  10.981  -1.353 0.0000000000
143825  -36.394  12.079  2.376 0.0000000000
143833  -39.227  11.833  1.108 0.0000000000
143844  -42.230  11.872  -1.192 0.0000000000
143850  -44.868  11.658  -1.894 0.0000000000
145097  -35.801  12.316  2.542 0.0000000000
145120  -41.041  12.459  -0.467 0.0000000000
145131  -43.442  12.167  -1.624 0.0000000000
146265  -41.249  12.903  -0.698 0.0000000000
224693  -22.559  3.050  14.726 0.0000000000
225711  -19.971  -12.617  26.336 0.0000000000
225832  -20.579  -12.619  26.144 0.0000000000
228212  -30.982  4.832  7.104 0.0000000000
229028  -22.759  -2.721  20.594 0.0000000000
230681  -27.197  -5.473  17.800 0.0000000000
230720  -19.159  -12.541  25.747 0.0000000000
231158  -36.519  8.964  3.304 0.0000000000
231790  -4.909  -17.827  36.328 0.0000000000
231930  -33.615  10.305  5.701 0.0000000000
231937  -27.429  -3.023  17.565 0.0000000000
232029  -30.559  5.190  7.375 0.0000000000
232471  -32.788  1.827  7.602 0.0000000000
233594  -31.130  6.503  6.966 0.0000000000
238174  -17.993  -12.430  27.057 0.0000000000
238733  -15.921  -11.722  27.022 0.0000000000
238898  -43.465  10.888  -1.498 0.0000000000
239790  -29.697  -0.720  12.237 0.0000000000
242519  -28.735  -3.562  19.535 0.0000000000
244531  -39.288  11.410  1.248 0.0000000000
246636  -24.393  -3.430  17.255 0.0000000000
250317  -22.736  -1.732  17.867 0.0000000000
251285  -33.462  7.277  5.718 0.0000000000
251423  -23.809  -2.100  17.337 0.0000000000
252180  -31.544  6.457  6.676 0.0000000000
253417  -21.717  1.118  18.435 0.0000000000
255038  -36.592  11.150  2.478 0.0000000000
257745  -41.432  10.525  -0.197 0.0000000000
258629  -31.647  0.663  8.941 0.0000000000
262835  -35.260  12.265  2.610 0.0000000000
264357  -18.488  -12.481  26.883 0.0000000000
264370  -20.641  -10.198  21.177 0.0000000000
264756  -31.878  7.884  6.846 0.0000000000
265073  -23.056  -3.048  20.814 0.0000000000
265499  -35.250  7.564  4.326 0.0000000000
265502  -22.362  -0.196  17.791 0.0000000000
266209  -25.366  -3.653  19.200 0.0000000000
267010  -5.333  -17.380  35.461 0.0000000000
267195  -37.615  12.098  1.647 0.0000000000
268057  -28.155  -7.011  20.355 0.0000000000
269679  -19.429  -12.566  26.487 0.0000000000
270148  -32.071  9.467  7.196 0.0000000000
270842  -23.070  2.969  14.047 0.0000000000
