#!ascii label  , from subject corrected_filled vox2ras=TkReg
810
128896  -20.341  3.378  -45.200 0.0000000000
121177  -16.551  -0.497  -41.855 0.0000000000
121180  -22.007  -0.612  -42.199 0.0000000000
113269  -18.696  -4.983  -40.544 0.0000000000
151652  -22.671  15.641  -50.247 0.0000000000
145709  -24.055  12.444  -47.677 0.0000000000
135276  -17.478  7.065  -47.302 0.0000000000
107389  -16.943  -7.981  -37.901 0.0000000000
117223  -17.167  -2.917  -41.239 0.0000000000
115835  -15.557  -3.684  -39.199 0.0000000000
149255  -23.709  14.681  -49.160 0.0000000000
143127  -20.308  11.255  -48.411 0.0000000000
128878  -17.097  3.285  -44.264 0.0000000000
250826  -16.050  5.818  -44.793 0.0000000000
131309  -19.327  5.021  -47.021 0.0000000000
136616  -21.742  7.923  -46.383 0.0000000000
132512  -22.887  5.870  -44.716 0.0000000000
130039  -24.305  4.113  -43.591 0.0000000000
125053  -15.964  1.539  -42.094 0.0000000000
264259  -18.171  0.920  -44.263 0.0000000000
125086  -21.678  1.529  -43.074 0.0000000000
119872  -19.055  -1.294  -43.214 0.0000000000
117225  -20.497  -3.351  -41.467 0.0000000000
112026  -22.010  -5.257  -40.916 0.0000000000
139330  -16.883  9.509  -47.617 0.0000000000
250848  -20.849  9.196  -47.666 0.0000000000
141826  -24.876  10.803  -45.943 0.0000000000
113191  -15.212  -5.142  -37.977 0.0000000000
110586  -17.893  -6.645  -39.706 0.0000000000
115847  -15.698  -3.210  -39.619 0.0000000000
115816  -14.956  -3.610  -38.780 0.0000000000
145720  -20.439  12.360  -48.717 0.0000000000
226284  -18.976  11.182  -48.483 0.0000000000
126460  -18.627  2.742  -45.606 0.0000000000
130088  -17.879  4.154  -45.764 0.0000000000
130089  -20.164  4.182  -45.729 0.0000000000
132531  -20.980  5.527  -45.574 0.0000000000
131267  -21.653  4.938  -44.705 0.0000000000
132495  -23.413  5.229  -43.784 0.0000000000
128881  -22.134  4.022  -43.920 0.0000000000
244526  -16.092  0.369  -41.728 0.0000000000
123786  -16.909  1.053  -43.229 0.0000000000
122500  -17.362  -0.211  -42.988 0.0000000000
122516  -18.983  -0.169  -43.617 0.0000000000
121179  -17.416  -0.974  -42.440 0.0000000000
114574  -17.643  -3.902  -41.076 0.0000000000
115898  -18.636  -3.321  -41.914 0.0000000000
114576  -19.191  -4.140  -41.146 0.0000000000
114579  -21.313  -4.431  -40.962 0.0000000000
112023  -20.468  -5.226  -40.668 0.0000000000
150466  -20.985  15.521  -49.805 0.0000000000
151640  -20.651  16.030  -49.473 0.0000000000
152794  -22.136  16.434  -50.730 0.0000000000
155151  -22.249  17.707  -52.547 0.0000000000
152810  -23.753  16.671  -50.748 0.0000000000
148093  -23.760  13.651  -48.793 0.0000000000
133903  -16.325  6.618  -45.859 0.0000000000
136595  -16.034  7.482  -45.998 0.0000000000
137953  -16.896  8.081  -47.229 0.0000000000
139348  -18.873  9.168  -48.434 0.0000000000
137969  -19.481  8.175  -48.005 0.0000000000
137905  -23.582  8.253  -45.300 0.0000000000
139302  -23.023  9.285  -46.123 0.0000000000
140576  -25.294  9.491  -45.643 0.0000000000
122501  -21.803  0.287  -42.714 0.0000000000
263271  -23.181  1.716  -43.053 0.0000000000
108963  -15.697  -7.273  -37.435 0.0000000000
110571  -16.050  -6.550  -38.282 0.0000000000
111962  -16.429  -5.908  -39.005 0.0000000000
256314  -17.321  -7.332  -38.863 0.0000000000
119814  -15.876  -1.367  -40.616 0.0000000000
249935  -16.913  -1.795  -41.557 0.0000000000
118496  -15.986  -2.322  -40.386 0.0000000000
115859  -16.317  -3.352  -40.131 0.0000000000
113266  -17.194  -4.590  -40.377 0.0000000000
149252  -20.989  14.404  -49.740 0.0000000000
150469  -23.093  15.333  -49.821 0.0000000000
148105  -21.982  13.797  -49.328 0.0000000000
146905  -21.668  12.852  -48.774 0.0000000000
144448  -21.938  11.680  -48.102 0.0000000000
128858  -16.318  3.380  -43.489 0.0000000000
130069  -16.669  4.335  -44.596 0.0000000000
132529  -17.190  5.293  -45.990 0.0000000000
133922  -18.181  6.078  -47.322 0.0000000000
135295  -19.659  7.030  -47.720 0.0000000000
133925  -20.385  6.278  -46.912 0.0000000000
133888  -22.206  6.578  -45.358 0.0000000000
261730  -24.114  7.353  -44.525 0.0000000000
133856  -24.969  6.178  -44.325 0.0000000000
103410  -18.385  -9.595  -37.774 0.0000000000
104753  -19.076  -9.181  -38.819 0.0000000000
126409  -16.500  2.488  -43.212 0.0000000000
229324  -17.857  1.923  -44.396 0.0000000000
126447  -19.112  1.700  -45.438 0.0000000000
126433  -21.014  2.136  -44.086 0.0000000000
123810  -20.121  0.667  -44.389 0.0000000000
122519  -20.675  -0.118  -43.340 0.0000000000
232265  -21.060  -0.959  -42.646 0.0000000000
118539  -18.155  -2.377  -42.303 0.0000000000
118541  -19.919  -2.308  -42.358 0.0000000000
118544  -21.702  -1.951  -42.096 0.0000000000
117228  -22.418  -3.159  -41.665 0.0000000000
114582  -23.137  -4.393  -41.655 0.0000000000
151655  -24.644  16.486  -49.647 0.0000000000
140635  -18.844  10.164  -48.315 0.0000000000
140638  -20.700  10.187  -48.112 0.0000000000
141859  -22.294  10.731  -47.667 0.0000000000
139317  -21.754  8.775  -46.695 0.0000000000
140613  -22.767  9.905  -46.851 0.0000000000
144426  -24.656  11.807  -46.807 0.0000000000
127666  -22.980  2.885  -43.332 0.0000000000
127668  -24.430  2.574  -43.652 0.0000000000
114488  -14.645  -3.951  -38.059 0.0000000000
113238  -15.662  -4.717  -38.991 0.0000000000
113240  -16.556  -5.141  -39.467 0.0000000000
111987  -18.231  -5.658  -40.150 0.0000000000
106068  -19.487  -8.468  -39.357 0.0000000000
107442  -19.824  -7.580  -39.867 0.0000000000
109051  -19.920  -6.791  -40.585 0.0000000000
143124  -17.621  11.773  -48.157 0.0000000000
127705  -19.643  2.602  -45.713 0.0000000000
128909  -19.050  3.397  -45.865 0.0000000000
128911  -20.030  3.587  -45.509 0.0000000000
130090  -20.658  4.435  -45.303 0.0000000000
130072  -20.907  4.155  -44.845 0.0000000000
131247  -21.993  4.550  -44.264 0.0000000000
128879  -21.245  3.431  -44.174 0.0000000000
121165  -15.906  -0.468  -41.071 0.0000000000
122470  -16.059  -0.030  -41.458 0.0000000000
122483  -16.296  0.001  -41.816 0.0000000000
245636  -16.734  0.361  -42.500 0.0000000000
239848  -16.838  -0.415  -42.298 0.0000000000
121194  -17.161  -0.575  -42.610 0.0000000000
121178  -17.008  -0.873  -42.103 0.0000000000
113289  -18.404  -4.418  -40.744 0.0000000000
246441  -18.671  -4.093  -41.146 0.0000000000
113290  -18.946  -4.479  -40.739 0.0000000000
113291  -19.526  -4.524  -40.781 0.0000000000
113270  -19.208  -5.060  -40.682 0.0000000000
150467  -21.552  15.327  -49.929 0.0000000000
151650  -21.484  15.817  -50.002 0.0000000000
151663  -22.463  16.126  -50.575 0.0000000000
152818  -22.870  16.784  -51.383 0.0000000000
153981  -23.874  17.074  -51.122 0.0000000000
151653  -23.563  16.254  -50.411 0.0000000000
145725  -23.695  12.777  -48.233 0.0000000000
148094  -24.570  14.105  -48.348 0.0000000000
266293  -24.731  13.889  -48.037 0.0000000000
145711  -25.107  13.087  -47.385 0.0000000000
133905  -17.343  6.534  -46.861 0.0000000000
135263  -16.385  7.020  -46.242 0.0000000000
136614  -16.406  7.527  -46.493 0.0000000000
136625  -16.466  8.071  -46.701 0.0000000000
136638  -17.403  7.686  -47.505 0.0000000000
234858  -17.858  7.841  -47.839 0.0000000000
136639  -18.327  7.403  -47.858 0.0000000000
137929  -25.089  8.647  -45.238 0.0000000000
139284  -24.320  9.114  -45.496 0.0000000000
122485  -22.063  -0.122  -42.312 0.0000000000
254465  -22.754  0.667  -42.740 0.0000000000
247844  -22.850  0.066  -42.567 0.0000000000
106030  -16.766  -8.280  -37.593 0.0000000000
107373  -16.023  -7.830  -37.395 0.0000000000
108984  -16.197  -7.416  -37.802 0.0000000000
108999  -15.947  -6.933  -37.913 0.0000000000
234093  -16.608  -7.534  -38.024 0.0000000000
109000  -16.427  -7.074  -38.323 0.0000000000
107404  -17.013  -7.469  -38.400 0.0000000000
118512  -15.738  -1.775  -40.236 0.0000000000
244303  -16.082  -1.912  -40.783 0.0000000000
118495  -15.550  -2.222  -39.909 0.0000000000
115848  -16.092  -3.783  -39.676 0.0000000000
114544  -16.849  -4.268  -40.307 0.0000000000
114543  -16.421  -4.293  -39.822 0.0000000000
148103  -20.603  13.985  -49.674 0.0000000000
148104  -21.285  13.805  -49.687 0.0000000000
146915  -20.829  13.365  -49.749 0.0000000000
144462  -20.389  11.883  -48.533 0.0000000000
145721  -20.992  12.476  -48.708 0.0000000000
144463  -20.932  11.979  -48.457 0.0000000000
145722  -21.958  12.345  -48.285 0.0000000000
143128  -21.283  11.405  -48.216 0.0000000000
128877  -16.680  3.444  -43.919 0.0000000000
128893  -16.915  3.705  -44.461 0.0000000000
130102  -18.778  4.326  -46.332 0.0000000000
131280  -17.504  4.724  -45.700 0.0000000000
131294  -17.794  5.085  -46.287 0.0000000000
132549  -17.900  5.494  -46.670 0.0000000000
132564  -19.018  5.503  -47.252 0.0000000000
133923  -19.281  5.955  -47.504 0.0000000000
132565  -19.585  5.529  -47.202 0.0000000000
133870  -22.103  5.979  -45.254 0.0000000000
133887  -21.670  6.349  -45.610 0.0000000000
133871  -22.608  6.172  -45.041 0.0000000000
267854  -23.323  7.412  -44.871 0.0000000000
133873  -23.616  6.530  -44.683 0.0000000000
135216  -24.802  6.619  -44.428 0.0000000000
133854  -23.918  6.114  -44.384 0.0000000000
131234  -23.860  4.659  -43.610 0.0000000000
131250  -24.669  5.306  -43.876 0.0000000000
128882  -25.147  3.822  -43.963 0.0000000000
228100  -18.274  -10.050  -37.426 0.0000000000
102200  -19.327  -10.299  -37.649 0.0000000000
126376  -15.637  2.085  -42.008 0.0000000000
127649  -15.974  2.670  -42.699 0.0000000000
263503  -16.249  2.116  -42.822 0.0000000000
123807  -17.652  0.977  -43.906 0.0000000000
125085  -17.240  1.393  -43.684 0.0000000000
125102  -17.739  1.443  -44.154 0.0000000000
125120  -18.641  1.595  -45.030 0.0000000000
125104  -18.665  1.099  -44.774 0.0000000000
125122  -19.575  1.313  -45.138 0.0000000000
123808  -18.781  0.652  -44.418 0.0000000000
121213  -19.182  -0.773  -43.442 0.0000000000
122517  -19.579  -0.269  -43.657 0.0000000000
121214  -19.824  -0.744  -43.441 0.0000000000
121216  -20.859  -0.534  -42.924 0.0000000000
119874  -20.061  -1.115  -43.102 0.0000000000
118526  -17.168  -2.319  -41.482 0.0000000000
118537  -17.331  -1.825  -41.839 0.0000000000
118527  -17.610  -2.403  -41.966 0.0000000000
115899  -19.507  -3.363  -41.983 0.0000000000
117246  -19.062  -3.040  -42.172 0.0000000000
118542  -20.278  -2.547  -42.105 0.0000000000
118555  -20.451  -1.991  -42.426 0.0000000000
117249  -21.327  -2.586  -41.830 0.0000000000
117250  -22.057  -2.563  -41.779 0.0000000000
117226  -21.063  -3.151  -41.433 0.0000000000
113294  -21.635  -4.794  -40.954 0.0000000000
114580  -21.785  -4.215  -41.145 0.0000000000
232092  -22.227  -4.724  -41.106 0.0000000000
113295  -23.242  -4.882  -41.215 0.0000000000
149263  -23.122  14.904  -49.471 0.0000000000
236665  -23.905  16.075  -49.966 0.0000000000
150458  -23.999  15.231  -49.129 0.0000000000
131246  -15.889  5.087  -43.881 0.0000000000
140609  -15.945  10.269  -46.792 0.0000000000
232516  -16.835  10.396  -47.562 0.0000000000
271342  -17.605  10.550  -48.051 0.0000000000
140622  -17.850  9.814  -48.115 0.0000000000
270665  -19.648  9.045  -48.251 0.0000000000
139350  -19.904  9.446  -48.337 0.0000000000
140623  -20.496  9.582  -48.093 0.0000000000
141858  -21.771  10.503  -47.835 0.0000000000
140625  -21.611  9.941  -47.668 0.0000000000
136629  -20.692  7.497  -46.940 0.0000000000
136628  -20.340  7.856  -47.306 0.0000000000
137955  -21.506  8.272  -46.739 0.0000000000
140574  -23.985  9.878  -45.871 0.0000000000
140597  -23.168  9.819  -46.461 0.0000000000
141825  -23.519  10.366  -46.481 0.0000000000
143079  -23.449  10.753  -46.769 0.0000000000
143081  -24.656  11.288  -46.414 0.0000000000
144428  -25.628  11.621  -46.429 0.0000000000
126412  -21.269  1.837  -43.515 0.0000000000
127664  -21.946  2.712  -43.469 0.0000000000
126413  -21.832  2.116  -43.305 0.0000000000
248182  -23.770  2.342  -43.341 0.0000000000
111938  -15.048  -5.444  -37.634 0.0000000000
113190  -14.806  -5.044  -37.598 0.0000000000
113218  -14.894  -4.575  -38.011 0.0000000000
114511  -14.941  -4.091  -38.428 0.0000000000
113219  -15.357  -4.758  -38.494 0.0000000000
228868  -16.991  -6.320  -39.146 0.0000000000
111974  -16.231  -5.443  -39.106 0.0000000000
111976  -17.285  -5.890  -39.591 0.0000000000
111986  -17.626  -5.498  -39.930 0.0000000000
110598  -18.326  -6.250  -40.000 0.0000000000
104766  -18.967  -8.767  -39.175 0.0000000000
109033  -20.141  -7.269  -40.332 0.0000000000
117192  -15.353  -2.652  -39.560 0.0000000000
117174  -14.972  -2.508  -39.164 0.0000000000
115834  -15.058  -3.053  -39.109 0.0000000000
234347  -19.729  12.766  -48.955 0.0000000000
227049  -19.731  12.335  -48.665 0.0000000000
227315  -19.738  11.724  -48.577 0.0000000000
143126  -19.654  11.038  -48.421 0.0000000000
128895  -17.761  3.102  -45.253 0.0000000000
128907  -17.693  3.608  -45.438 0.0000000000
235419  -18.646  3.257  -45.807 0.0000000000
128920  -18.771  3.810  -46.067 0.0000000000
131297  -19.554  4.619  -46.650 0.0000000000
132550  -20.256  5.396  -46.408 0.0000000000
131282  -20.465  4.691  -45.731 0.0000000000
131284  -21.333  5.252  -45.141 0.0000000000
131248  -22.180  5.185  -44.472 0.0000000000
132496  -23.832  5.632  -44.030 0.0000000000
271237  -22.456  4.876  -44.145 0.0000000000
130057  -22.496  4.392  -43.937 0.0000000000
265915  -23.007  3.861  -43.692 0.0000000000
123734  -15.809  0.508  -41.369 0.0000000000
123753  -15.968  0.942  -41.763 0.0000000000
125069  -16.300  1.555  -42.646 0.0000000000
123767  -16.608  0.919  -42.683 0.0000000000
123768  -17.089  0.437  -42.957 0.0000000000
245638  -17.590  0.207  -43.338 0.0000000000
262069  -18.400  0.447  -44.037 0.0000000000
121211  -17.896  -0.290  -43.316 0.0000000000
239031  -18.151  -0.780  -43.190 0.0000000000
119853  -18.178  -1.231  -42.968 0.0000000000
115876  -17.476  -3.387  -41.284 0.0000000000
115896  -17.774  -3.227  -41.639 0.0000000000
115878  -18.497  -3.695  -41.584 0.0000000000
267821  -18.930  -3.847  -41.509 0.0000000000
115880  -19.899  -3.633  -41.631 0.0000000000
115881  -20.901  -3.705  -41.231 0.0000000000
242202  -20.844  -4.275  -41.044 0.0000000000
113293  -20.996  -4.855  -40.845 0.0000000000
112025  -21.432  -5.313  -40.872 0.0000000000
149251  -19.935  14.943  -49.666 0.0000000000
152792  -21.418  16.379  -49.939 0.0000000000
152817  -22.468  16.984  -51.412 0.0000000000
155143  -24.179  18.174  -51.099 0.0000000000
148107  -23.635  14.064  -49.097 0.0000000000
149256  -24.336  14.844  -48.876 0.0000000000
239170  -24.162  14.178  -48.787 0.0000000000
136594  -15.251  7.859  -45.042 0.0000000000
269263  -15.729  8.412  -46.120 0.0000000000
137952  -16.415  8.654  -47.033 0.0000000000
137965  -16.805  8.794  -47.574 0.0000000000
139331  -17.786  9.024  -48.109 0.0000000000
266393  -17.541  8.659  -47.972 0.0000000000
137983  -19.218  8.735  -48.332 0.0000000000
139332  -19.692  8.676  -48.005 0.0000000000
136603  -22.347  7.864  -45.741 0.0000000000
262314  -22.441  8.599  -46.044 0.0000000000
252191  -23.357  8.627  -45.566 0.0000000000
140575  -24.521  9.644  -45.634 0.0000000000
141810  -25.056  10.219  -45.706 0.0000000000
123770  -21.725  0.947  -42.918 0.0000000000
126397  -22.191  1.753  -42.905 0.0000000000
125072  -22.445  1.283  -42.779 0.0000000000
125073  -22.971  1.272  -42.915 0.0000000000
110538  -15.050  -6.390  -37.265 0.0000000000
108983  -15.549  -6.459  -37.717 0.0000000000
111939  -15.411  -5.714  -37.881 0.0000000000
111960  -15.592  -5.420  -38.362 0.0000000000
264654  -16.139  -6.156  -38.598 0.0000000000
110572  -16.476  -6.515  -38.701 0.0000000000
109015  -17.493  -6.918  -39.223 0.0000000000
121145  -15.700  -0.824  -40.521 0.0000000000
121146  -15.981  -1.007  -40.960 0.0000000000
119828  -16.574  -1.426  -41.472 0.0000000000
119827  -16.172  -1.465  -41.123 0.0000000000
118525  -16.552  -1.987  -41.210 0.0000000000
117210  -16.809  -2.882  -40.835 0.0000000000
117193  -15.887  -2.758  -40.004 0.0000000000
117209  -16.370  -2.828  -40.452 0.0000000000
115875  -17.061  -3.344  -40.937 0.0000000000
115861  -17.257  -3.756  -40.960 0.0000000000
114556  -17.284  -4.218  -40.735 0.0000000000
113267  -17.613  -4.657  -40.485 0.0000000000
148101  -19.084  14.406  -49.232 0.0000000000
150457  -21.306  14.899  -49.853 0.0000000000
149262  -22.009  14.897  -49.702 0.0000000000
150468  -22.606  15.147  -49.780 0.0000000000
270442  -22.184  14.353  -49.479 0.0000000000
248769  -22.649  14.091  -49.211 0.0000000000
265951  -20.858  12.941  -49.697 0.0000000000
148091  -22.076  13.263  -48.826 0.0000000000
148092  -22.669  13.557  -48.916 0.0000000000
146906  -22.689  13.043  -48.560 0.0000000000
145724  -23.108  12.631  -48.310 0.0000000000
145708  -23.071  12.104  -47.999 0.0000000000
131264  -16.263  4.927  -44.460 0.0000000000
130087  -17.484  4.200  -45.407 0.0000000000
131279  -16.932  5.067  -45.490 0.0000000000
132509  -16.594  5.365  -45.261 0.0000000000
132547  -17.056  5.899  -46.073 0.0000000000
227340  -17.315  6.122  -46.478 0.0000000000
133921  -17.832  6.465  -47.354 0.0000000000
135294  -18.663  6.878  -47.855 0.0000000000
133937  -18.939  6.403  -47.699 0.0000000000
133939  -20.063  6.633  -47.378 0.0000000000
262376  -20.817  6.638  -46.610 0.0000000000
132551  -20.656  5.739  -46.048 0.0000000000
133908  -21.252  6.691  -46.120 0.0000000000
135251  -21.815  6.994  -45.762 0.0000000000
136582  -23.221  7.822  -45.191 0.0000000000
136583  -23.768  7.738  -44.859 0.0000000000
137908  -25.420  8.154  -45.076 0.0000000000
237141  -25.628  7.198  -44.902 0.0000000000
135237  -25.786  6.625  -44.967 0.0000000000
132497  -24.320  5.722  -44.039 0.0000000000
119841  -22.725  -1.570  -42.134 0.0000000000
103409  -17.761  -9.188  -37.693 0.0000000000
106032  -17.682  -8.654  -38.032 0.0000000000
106049  -18.077  -8.547  -38.564 0.0000000000
127662  -16.623  3.009  -43.540 0.0000000000
127680  -16.983  2.970  -43.938 0.0000000000
126396  -16.565  1.844  -43.112 0.0000000000
126410  -16.920  2.039  -43.589 0.0000000000
126430  -17.669  2.414  -44.377 0.0000000000
126445  -18.037  2.401  -44.816 0.0000000000
126461  -19.148  2.293  -45.704 0.0000000000
255616  -20.114  2.459  -45.522 0.0000000000
127697  -20.893  2.984  -44.575 0.0000000000
126449  -20.360  2.145  -45.156 0.0000000000
125105  -20.443  1.225  -44.521 0.0000000000
123811  -20.725  0.841  -43.999 0.0000000000
122528  -19.354  0.088  -43.924 0.0000000000
123789  -20.433  0.286  -43.825 0.0000000000
123790  -21.001  0.410  -43.512 0.0000000000
256243  -21.247  -0.031  -42.967 0.0000000000
121198  -21.268  -0.521  -42.680 0.0000000000
119858  -21.536  -0.844  -42.441 0.0000000000
119838  -17.405  -1.347  -42.127 0.0000000000
118552  -18.202  -1.756  -42.658 0.0000000000
119854  -18.667  -1.566  -43.019 0.0000000000
117245  -18.432  -2.917  -42.094 0.0000000000
117262  -19.318  -2.337  -42.439 0.0000000000
119855  -19.265  -1.705  -42.897 0.0000000000
119856  -20.264  -1.492  -42.747 0.0000000000
119840  -21.348  -1.428  -42.433 0.0000000000
251168  -21.866  -1.236  -42.213 0.0000000000
118545  -22.407  -2.049  -41.945 0.0000000000
117251  -22.761  -2.625  -41.814 0.0000000000
115882  -21.461  -3.621  -41.258 0.0000000000
115884  -22.766  -3.780  -41.699 0.0000000000
242858  -23.415  15.753  -50.020 0.0000000000
152795  -24.175  16.507  -50.159 0.0000000000
151641  -24.592  16.016  -49.331 0.0000000000
141868  -17.665  11.073  -48.132 0.0000000000
141869  -18.414  10.969  -48.428 0.0000000000
141870  -19.212  10.595  -48.396 0.0000000000
233793  -19.064  9.577  -48.478 0.0000000000
140636  -19.501  9.898  -48.392 0.0000000000
265732  -20.859  10.879  -48.152 0.0000000000
238873  -21.820  11.125  -48.024 0.0000000000
230521  -22.265  11.293  -47.902 0.0000000000
144451  -23.573  11.918  -47.606 0.0000000000
136641  -19.811  7.655  -47.756 0.0000000000
137954  -20.468  8.233  -47.334 0.0000000000
139316  -21.249  8.807  -47.121 0.0000000000
139300  -22.118  8.721  -46.329 0.0000000000
139318  -22.158  9.210  -46.736 0.0000000000
140611  -21.901  9.595  -47.236 0.0000000000
141842  -22.524  10.286  -47.180 0.0000000000
144439  -23.781  11.599  -47.173 0.0000000000
145698  -24.145  11.935  -47.201 0.0000000000
145700  -25.133  12.676  -47.076 0.0000000000
127683  -21.546  3.060  -43.724 0.0000000000
128860  -22.292  3.576  -43.637 0.0000000000
257674  -23.336  3.272  -43.475 0.0000000000
126415  -23.192  2.268  -43.151 0.0000000000
245238  -23.510  2.820  -43.333 0.0000000000
245812  -24.527  3.067  -43.674 0.0000000000
260647  -14.640  -3.549  -38.387 0.0000000000
114512  -15.398  -4.198  -38.865 0.0000000000
113220  -15.741  -5.201  -38.881 0.0000000000
113239  -16.043  -4.942  -39.232 0.0000000000
113251  -16.364  -4.692  -39.550 0.0000000000
113252  -16.835  -4.766  -39.922 0.0000000000
113253  -17.383  -4.982  -40.131 0.0000000000
112002  -18.717  -5.568  -40.424 0.0000000000
107406  -17.985  -8.040  -38.923 0.0000000000
107423  -18.285  -7.756  -39.198 0.0000000000
109017  -18.662  -7.362  -39.535 0.0000000000
107424  -19.513  -7.924  -39.547 0.0000000000
109031  -19.008  -6.973  -39.896 0.0000000000
263946  -19.226  -6.736  -40.128 0.0000000000
110600  -19.414  -6.525  -40.383 0.0000000000
112003  -19.443  -5.625  -40.651 0.0000000000
112004  -20.067  -5.740  -40.668 0.0000000000
102189  -19.526  -10.589  -37.241 0.0000000000
103392  -17.865  -9.683  -37.369 0.0000000000
103393  -18.749  -10.191  -37.594 0.0000000000
104733  -17.142  -8.805  -37.563 0.0000000000
104734  -18.199  -9.041  -38.198 0.0000000000
104752  -18.558  -8.932  -38.766 0.0000000000
104767  -19.502  -8.957  -39.103 0.0000000000
106019  -16.325  -8.187  -37.356 0.0000000000
106031  -17.244  -8.279  -37.942 0.0000000000
106048  -17.621  -8.191  -38.413 0.0000000000
106067  -18.447  -8.377  -39.007 0.0000000000
106083  -20.054  -8.068  -39.501 0.0000000000
107374  -16.488  -7.845  -37.661 0.0000000000
107390  -17.275  -7.903  -38.262 0.0000000000
107405  -17.490  -7.732  -38.681 0.0000000000
107422  -17.733  -7.520  -39.081 0.0000000000
107441  -19.257  -7.472  -39.692 0.0000000000
109014  -16.948  -6.944  -38.779 0.0000000000
109016  -18.055  -7.180  -39.439 0.0000000000
109030  -18.459  -6.800  -39.778 0.0000000000
109032  -19.552  -7.045  -40.136 0.0000000000
110585  -17.501  -6.378  -39.508 0.0000000000
110597  -17.802  -6.073  -39.841 0.0000000000
110599  -18.898  -6.447  -40.132 0.0000000000
110617  -19.112  -5.983  -40.521 0.0000000000
110618  -19.701  -6.211  -40.623 0.0000000000
110619  -20.393  -6.426  -40.717 0.0000000000
111940  -15.796  -6.006  -38.256 0.0000000000
111961  -15.980  -5.701  -38.704 0.0000000000
111975  -16.748  -5.684  -39.344 0.0000000000
111985  -17.070  -5.332  -39.740 0.0000000000
111988  -18.670  -5.970  -40.283 0.0000000000
112001  -18.368  -5.199  -40.345 0.0000000000
112005  -21.222  -5.740  -40.830 0.0000000000
112007  -22.303  -5.706  -40.684 0.0000000000
112022  -19.822  -5.096  -40.658 0.0000000000
112024  -20.971  -5.383  -40.764 0.0000000000
113254  -17.932  -5.098  -40.218 0.0000000000
113268  -18.146  -4.776  -40.505 0.0000000000
113292  -20.248  -4.573  -40.877 0.0000000000
114532  -15.943  -4.325  -39.322 0.0000000000
114557  -17.844  -4.330  -40.786 0.0000000000
114575  -18.152  -4.008  -41.139 0.0000000000
114577  -19.755  -4.096  -41.241 0.0000000000
114578  -20.342  -3.961  -41.274 0.0000000000
114581  -22.469  -4.240  -41.382 0.0000000000
115849  -16.465  -3.920  -40.164 0.0000000000
115860  -16.815  -3.782  -40.619 0.0000000000
115877  -17.950  -3.588  -41.418 0.0000000000
115879  -19.364  -3.760  -41.600 0.0000000000
115883  -22.109  -3.672  -41.413 0.0000000000
115897  -18.175  -3.297  -41.785 0.0000000000
115900  -20.081  -3.123  -41.919 0.0000000000
117224  -17.509  -2.904  -41.643 0.0000000000
117227  -21.728  -3.103  -41.533 0.0000000000
117244  -17.876  -2.908  -41.959 0.0000000000
117247  -19.683  -2.842  -42.220 0.0000000000
117248  -20.672  -2.810  -41.721 0.0000000000
118513  -16.457  -2.409  -40.775 0.0000000000
118514  -16.874  -2.511  -41.074 0.0000000000
118538  -17.750  -1.834  -42.244 0.0000000000
118540  -18.738  -2.552  -42.332 0.0000000000
118543  -21.256  -2.201  -42.138 0.0000000000
118553  -18.715  -2.070  -42.629 0.0000000000
118554  -19.838  -1.865  -42.592 0.0000000000
119837  -16.997  -1.369  -41.786 0.0000000000
119839  -21.092  -1.913  -42.355 0.0000000000
119852  -17.768  -1.326  -42.566 0.0000000000
119857  -20.814  -1.485  -42.614 0.0000000000
119873  -19.534  -1.209  -43.216 0.0000000000
121166  -16.284  -0.887  -41.386 0.0000000000
121167  -16.723  -1.026  -41.702 0.0000000000
121181  -22.379  -1.049  -42.136 0.0000000000
121195  -17.673  -0.785  -42.908 0.0000000000
121196  -18.626  -1.060  -43.256 0.0000000000
121197  -20.568  -1.024  -42.856 0.0000000000
121199  -21.658  -0.290  -42.497 0.0000000000
121212  -18.534  -0.461  -43.378 0.0000000000
121215  -20.356  -0.637  -43.228 0.0000000000
122484  -16.621  -0.015  -42.193 0.0000000000
122486  -22.557  -0.376  -42.221 0.0000000000
122499  -16.955  -0.091  -42.610 0.0000000000
122502  -22.351  0.217  -42.551 0.0000000000
122515  -18.341  0.044  -43.637 0.0000000000
122518  -20.132  -0.235  -43.612 0.0000000000
122527  -18.883  0.244  -44.004 0.0000000000
122529  -19.861  0.159  -43.993 0.0000000000
123754  -16.365  0.524  -42.129 0.0000000000
123766  -16.273  1.107  -42.234 0.0000000000
123769  -21.425  0.513  -43.162 0.0000000000
123771  -22.146  0.812  -42.658 0.0000000000
123772  -23.321  0.770  -43.047 0.0000000000
123787  -17.385  0.753  -43.479 0.0000000000
123788  -17.899  0.475  -43.763 0.0000000000
123791  -21.234  1.100  -43.425 0.0000000000
123809  -19.426  0.464  -44.381 0.0000000000
123820  -19.194  0.908  -44.834 0.0000000000
123821  -19.676  0.881  -44.748 0.0000000000
123822  -20.012  1.105  -44.817 0.0000000000
125070  -16.628  1.374  -43.020 0.0000000000
125071  -22.008  1.294  -42.774 0.0000000000
125074  -23.440  1.312  -43.152 0.0000000000
125084  -16.830  1.533  -43.337 0.0000000000
125103  -18.212  1.485  -44.569 0.0000000000
125106  -20.881  1.491  -44.025 0.0000000000
125121  -19.046  1.295  -45.105 0.0000000000
125123  -20.149  1.564  -45.029 0.0000000000
126398  -22.741  1.805  -42.920 0.0000000000
126411  -17.421  1.960  -44.028 0.0000000000
126414  -22.489  2.372  -43.205 0.0000000000
126429  -17.200  2.493  -43.977 0.0000000000
126431  -18.194  1.968  -44.776 0.0000000000
126432  -20.608  1.822  -44.603 0.0000000000
126446  -18.544  2.188  -45.281 0.0000000000
126448  -19.766  1.960  -45.507 0.0000000000
126450  -20.793  2.425  -44.663 0.0000000000
127661  -16.185  3.060  -43.148 0.0000000000
127663  -21.455  2.434  -43.714 0.0000000000
127665  -22.421  3.052  -43.438 0.0000000000
127667  -24.043  2.848  -43.478 0.0000000000
127669  -24.788  2.581  -43.959 0.0000000000
127681  -17.363  2.904  -44.335 0.0000000000
127682  -21.147  2.761  -44.120 0.0000000000
127694  -17.703  2.810  -44.819 0.0000000000
127695  -18.133  2.738  -45.240 0.0000000000
127696  -20.494  2.812  -45.104 0.0000000000
127704  -19.114  2.908  -45.769 0.0000000000
127706  -20.026  3.003  -45.481 0.0000000000
128859  -21.958  3.222  -43.546 0.0000000000
128861  -22.897  3.500  -43.580 0.0000000000
128862  -23.741  3.253  -43.471 0.0000000000
128863  -24.177  3.474  -43.506 0.0000000000
128864  -24.708  3.662  -43.674 0.0000000000
128880  -21.766  3.586  -43.794 0.0000000000
128883  -25.302  3.491  -44.267 0.0000000000
128894  -17.377  3.326  -44.822 0.0000000000
128897  -20.774  3.518  -44.774 0.0000000000
128908  -18.150  3.161  -45.585 0.0000000000
128910  -19.540  3.297  -45.723 0.0000000000
128921  -19.283  3.790  -45.981 0.0000000000
128922  -19.711  3.822  -45.786 0.0000000000
130036  -22.640  3.922  -43.765 0.0000000000
130037  -22.951  4.202  -43.722 0.0000000000
130038  -23.522  3.873  -43.606 0.0000000000
130055  -21.169  3.915  -44.474 0.0000000000
130056  -21.609  4.006  -44.172 0.0000000000
130058  -22.883  4.789  -43.890 0.0000000000
130070  -17.208  3.952  -44.984 0.0000000000
130071  -20.423  3.897  -45.163 0.0000000000
130073  -21.420  4.385  -44.566 0.0000000000
130086  -17.090  4.548  -45.174 0.0000000000
130101  -18.356  4.193  -46.108 0.0000000000
130103  -19.188  4.229  -46.353 0.0000000000
130104  -19.679  4.205  -46.179 0.0000000000
131235  -24.478  4.745  -43.719 0.0000000000
131249  -24.096  5.269  -43.709 0.0000000000
131251  -25.003  4.821  -43.962 0.0000000000
131265  -16.656  4.945  -44.966 0.0000000000
131266  -21.133  4.701  -44.977 0.0000000000
131281  -18.004  4.594  -46.041 0.0000000000
131283  -20.853  4.973  -45.419 0.0000000000
131295  -18.428  4.732  -46.439 0.0000000000
131296  -19.034  4.644  -46.671 0.0000000000
131298  -20.104  4.714  -46.294 0.0000000000
131308  -18.753  5.092  -46.899 0.0000000000
131310  -19.813  5.120  -46.819 0.0000000000
132488  -15.992  5.504  -44.367 0.0000000000
132494  -22.782  5.383  -44.250 0.0000000000
132498  -24.847  5.782  -44.124 0.0000000000
132508  -16.305  5.393  -44.873 0.0000000000
132510  -21.869  5.487  -44.947 0.0000000000
132511  -22.421  5.685  -44.805 0.0000000000
132528  -16.779  5.597  -45.645 0.0000000000
132530  -20.502  5.215  -45.850 0.0000000000
132532  -21.529  5.783  -45.391 0.0000000000
132548  -17.491  5.640  -46.402 0.0000000000
132562  -17.742  5.971  -46.915 0.0000000000
132563  -18.346  5.603  -47.050 0.0000000000
132566  -20.068  5.694  -46.919 0.0000000000
133853  -23.371  5.814  -44.396 0.0000000000
133855  -24.501  6.199  -44.295 0.0000000000
133872  -23.146  6.299  -44.821 0.0000000000
133874  -25.343  6.367  -44.560 0.0000000000
133885  -16.613  6.138  -45.752 0.0000000000
133886  -21.120  6.077  -45.805 0.0000000000
133904  -16.834  6.489  -46.293 0.0000000000
133906  -20.423  5.877  -46.525 0.0000000000
133907  -20.787  6.223  -46.342 0.0000000000
133924  -19.849  6.069  -47.315 0.0000000000
133936  -18.369  6.421  -47.631 0.0000000000
133938  -19.513  6.475  -47.608 0.0000000000
135215  -24.178  6.742  -44.476 0.0000000000
135232  -22.721  6.768  -45.087 0.0000000000
135233  -23.229  6.890  -44.892 0.0000000000
135234  -23.689  7.116  -44.682 0.0000000000
135235  -24.638  7.187  -44.536 0.0000000000
135236  -25.246  6.943  -44.654 0.0000000000
135246  -16.092  7.049  -45.791 0.0000000000
135252  -22.347  7.314  -45.431 0.0000000000
135264  -16.869  7.097  -46.768 0.0000000000
135265  -21.034  7.123  -46.598 0.0000000000
135277  -20.176  7.250  -47.336 0.0000000000
135278  -20.548  6.877  -46.986 0.0000000000
135292  -17.825  7.372  -47.634 0.0000000000
135293  -18.065  6.899  -47.663 0.0000000000
136581  -22.878  7.370  -45.068 0.0000000000
136584  -24.430  7.755  -44.755 0.0000000000
136585  -25.153  7.605  -44.806 0.0000000000
136602  -21.976  7.633  -45.929 0.0000000000
136604  -22.736  7.821  -45.460 0.0000000000
136615  -21.294  7.699  -46.688 0.0000000000
136626  -16.741  7.646  -46.869 0.0000000000
136627  -17.074  7.505  -47.143 0.0000000000
136640  -19.097  7.479  -48.025 0.0000000000
137906  -24.155  8.272  -45.058 0.0000000000
137907  -24.792  8.229  -44.979 0.0000000000
137917  -15.255  8.288  -45.292 0.0000000000
137918  -15.598  7.997  -45.726 0.0000000000
137925  -22.598  8.251  -45.795 0.0000000000
137926  -23.067  8.257  -45.544 0.0000000000
137927  -23.900  8.753  -45.469 0.0000000000
137928  -24.512  8.699  -45.295 0.0000000000
137936  -15.391  8.702  -45.741 0.0000000000
137941  -21.857  8.372  -46.442 0.0000000000
137942  -22.143  8.199  -46.095 0.0000000000
137951  -16.057  8.531  -46.511 0.0000000000
137966  -17.346  8.328  -47.758 0.0000000000
137967  -17.903  8.391  -48.039 0.0000000000
137968  -18.452  7.984  -48.030 0.0000000000
137970  -20.072  8.327  -47.657 0.0000000000
137971  -20.607  8.617  -47.430 0.0000000000
137982  -18.510  8.645  -48.295 0.0000000000
139281  -22.895  8.753  -45.828 0.0000000000
139282  -23.394  9.087  -45.697 0.0000000000
139283  -23.910  9.348  -45.654 0.0000000000
139285  -24.829  9.106  -45.455 0.0000000000
139301  -22.537  9.015  -46.253 0.0000000000
139315  -16.500  9.438  -47.130 0.0000000000
139333  -20.152  9.004  -47.880 0.0000000000
139334  -21.415  9.409  -47.449 0.0000000000
139347  -18.325  9.235  -48.300 0.0000000000
139349  -19.373  9.290  -48.466 0.0000000000
140573  -23.498  9.564  -45.961 0.0000000000
140596  -22.708  9.459  -46.632 0.0000000000
140598  -23.622  9.984  -46.179 0.0000000000
140610  -16.450  10.313  -47.263 0.0000000000
140612  -22.367  9.748  -47.026 0.0000000000
140621  -17.179  10.477  -47.870 0.0000000000
140624  -21.080  9.760  -47.867 0.0000000000
140626  -22.097  10.116  -47.474 0.0000000000
140634  -18.544  9.683  -48.346 0.0000000000
140637  -20.131  9.995  -48.291 0.0000000000
141808  -23.959  10.389  -46.132 0.0000000000
141809  -24.461  10.330  -45.848 0.0000000000
141811  -25.706  10.080  -45.780 0.0000000000
141827  -25.477  10.677  -45.918 0.0000000000
141843  -23.035  10.419  -46.868 0.0000000000
141856  -18.179  10.344  -48.241 0.0000000000
141857  -21.261  10.340  -47.972 0.0000000000
143080  -23.848  10.794  -46.478 0.0000000000
143082  -25.268  11.201  -46.214 0.0000000000
143096  -22.709  10.734  -47.272 0.0000000000
143097  -23.141  10.971  -47.112 0.0000000000
143098  -23.693  11.177  -46.893 0.0000000000
143099  -24.177  11.508  -46.823 0.0000000000
143113  -21.417  10.839  -48.062 0.0000000000
143114  -22.767  11.207  -47.626 0.0000000000
144427  -25.094  11.613  -46.534 0.0000000000
144438  -23.340  11.417  -47.376 0.0000000000
144449  -22.527  11.790  -48.002 0.0000000000
144450  -23.058  11.685  -47.730 0.0000000000
144461  -18.884  12.352  -48.535 0.0000000000
144464  -21.449  12.013  -48.330 0.0000000000
145699  -24.628  12.313  -47.153 0.0000000000
145707  -22.608  12.388  -48.227 0.0000000000
145710  -24.638  12.835  -47.493 0.0000000000
145723  -22.246  12.826  -48.407 0.0000000000
146886  -25.667  13.006  -47.108 0.0000000000
146893  -24.216  13.043  -47.996 0.0000000000
146894  -24.758  13.433  -47.752 0.0000000000
146895  -25.422  13.445  -47.562 0.0000000000
146904  -21.131  12.771  -49.270 0.0000000000
146907  -23.325  13.196  -48.688 0.0000000000
146908  -23.855  13.245  -48.421 0.0000000000
146909  -24.285  13.660  -48.277 0.0000000000
146914  -20.187  13.496  -49.672 0.0000000000
146916  -21.385  13.159  -49.464 0.0000000000
148106  -23.203  14.308  -49.301 0.0000000000
149241  -24.697  14.521  -48.544 0.0000000000
149253  -21.652  14.325  -49.715 0.0000000000
149254  -22.632  14.619  -49.475 0.0000000000
150459  -24.549  15.472  -49.002 0.0000000000
150470  -23.558  15.272  -49.491 0.0000000000
150471  -24.052  15.697  -49.508 0.0000000000
151651  -21.922  16.059  -50.351 0.0000000000
151654  -24.284  16.156  -49.723 0.0000000000
151664  -22.957  16.103  -50.552 0.0000000000
152808  -22.583  16.466  -51.041 0.0000000000
152811  -24.302  16.991  -50.562 0.0000000000
152819  -23.373  16.801  -51.202 0.0000000000
153994  -22.644  17.179  -51.714 0.0000000000
225304  -20.775  11.476  -48.362 0.0000000000
226281  -19.157  11.602  -48.539 0.0000000000
228620  -20.540  12.798  -49.452 0.0000000000
230797  -24.188  2.342  -43.508 0.0000000000
230836  -20.251  10.627  -48.272 0.0000000000
232684  -18.681  5.967  -47.478 0.0000000000
232883  -17.213  8.968  -47.873 0.0000000000
234003  -20.845  -2.328  -42.091 0.0000000000
234136  -21.417  12.542  -48.623 0.0000000000
234904  -17.260  9.633  -47.915 0.0000000000
235470  -23.520  12.339  -48.012 0.0000000000
235778  -15.960  2.082  -42.395 0.0000000000
238400  -20.640  14.962  -49.744 0.0000000000
238819  -20.895  8.140  -47.041 0.0000000000
239149  -21.552  7.346  -46.282 0.0000000000
239854  -18.948  -8.012  -39.332 0.0000000000
240769  -16.847  2.605  -43.654 0.0000000000
243453  -24.331  10.823  -46.170 0.0000000000
244711  -24.147  11.135  -46.544 0.0000000000
245006  -15.226  -6.871  -37.213 0.0000000000
245138  -18.242  3.668  -45.831 0.0000000000
245846  -16.212  -0.364  -41.510 0.0000000000
246095  -16.053  7.991  -46.260 0.0000000000
247317  -16.704  -3.244  -40.603 0.0000000000
247621  -22.041  15.463  -50.033 0.0000000000
250503  -22.751  -4.677  -41.275 0.0000000000
252743  -21.260  -4.045  -41.084 0.0000000000
253381  -23.250  13.779  -49.072 0.0000000000
253567  -19.795  -1.475  -42.892 0.0000000000
254314  -19.000  -3.525  -41.841 0.0000000000
255439  -18.976  8.196  -48.141 0.0000000000
256686  -23.307  4.575  -43.653 0.0000000000
258540  -20.483  13.042  -49.757 0.0000000000
259661  -19.035  -5.475  -40.585 0.0000000000
262019  -18.230  5.195  -46.681 0.0000000000
264640  -17.924  2.188  -44.577 0.0000000000
264980  -21.629  11.550  -48.151 0.0000000000
266066  -23.516  6.191  -44.612 0.0000000000
267689  -21.112  16.050  -49.753 0.0000000000
268803  -21.697  9.164  -47.031 0.0000000000
269132  -19.179  6.836  -47.835 0.0000000000
269211  -17.910  0.103  -43.520 0.0000000000
269929  -22.199  -1.563  -42.075 0.0000000000
270581  -22.673  12.713  -48.372 0.0000000000
270631  -19.769  10.425  -48.341 0.0000000000
