#!ascii label  , from subject corrected_filled vox2ras=TkReg
2073
113238  -15.662  -4.717  -38.991 0.5555555820
113251  -16.364  -4.692  -39.550 0.6666666865
114544  -16.849  -4.268  -40.307 0.7777777910
114556  -17.284  -4.218  -40.735 0.7777777910
117223  -17.167  -2.917  -41.239 0.8888888955
115899  -19.507  -3.363  -41.983 0.8888888955
113218  -14.894  -4.575  -38.011 0.5555555820
114512  -15.398  -4.198  -38.865 0.5555555820
115847  -15.698  -3.210  -39.619 0.6666666865
115859  -16.317  -3.352  -40.131 0.8888888955
114574  -17.643  -3.902  -41.076 0.8888888955
115896  -17.774  -3.227  -41.639 0.8888888955
117262  -19.318  -2.337  -42.439 1.0000000000
118542  -20.278  -2.547  -42.105 0.8888888955
119856  -20.264  -1.492  -42.747 1.0000000000
117174  -14.972  -2.508  -39.164 0.7777777910
244303  -16.082  -1.912  -40.783 1.0000000000
121146  -15.981  -1.007  -40.960 1.0000000000
249935  -16.913  -1.795  -41.557 1.0000000000
121179  -17.416  -0.974  -42.440 1.0000000000
119828  -16.574  -1.426  -41.472 1.0000000000
119853  -18.178  -1.231  -42.968 1.0000000000
121194  -17.161  -0.575  -42.610 1.0000000000
239031  -18.151  -0.780  -43.190 1.0000000000
121213  -19.182  -0.773  -43.442 1.0000000000
121216  -20.859  -0.534  -42.924 1.0000000000
122516  -18.983  -0.169  -43.617 1.0000000000
122517  -19.579  -0.269  -43.657 1.0000000000
256243  -21.247  -0.031  -42.967 1.0000000000
123811  -20.725  0.841  -43.999 1.0000000000
125086  -21.678  1.529  -43.074 0.7777777910
122470  -16.059  -0.030  -41.458 0.8888888955
121177  -16.551  -0.497  -41.855 1.0000000000
121211  -17.896  -0.290  -43.316 1.0000000000
245636  -16.734  0.361  -42.500 1.0000000000
245638  -17.590  0.207  -43.338 1.0000000000
123808  -18.781  0.652  -44.418 1.0000000000
123810  -20.121  0.667  -44.389 1.0000000000
125105  -20.443  1.225  -44.521 1.0000000000
126412  -21.269  1.837  -43.515 1.0000000000
126413  -21.832  2.116  -43.305 0.8888888955
127664  -21.946  2.712  -43.469 1.0000000000
127666  -22.980  2.885  -43.332 0.7777777910
245238  -23.510  2.820  -43.333 0.7777777910
125053  -15.964  1.539  -42.094 0.5555555820
127680  -16.983  2.970  -43.938 0.7777777910
126396  -16.565  1.844  -43.112 0.8888888955
125102  -17.739  1.443  -44.154 1.0000000000
264259  -18.171  0.920  -44.263 1.0000000000
229324  -17.857  1.923  -44.396 0.8888888955
125120  -18.641  1.595  -45.030 1.0000000000
126447  -19.112  1.700  -45.438 1.0000000000
127697  -20.893  2.984  -44.575 1.0000000000
127683  -21.546  3.060  -43.724 0.8888888955
128879  -21.245  3.431  -44.174 1.0000000000
128881  -22.134  4.022  -43.920 0.8888888955
131234  -23.860  4.659  -43.610 0.7777777910
128882  -25.147  3.822  -43.963 0.6666666865
130040  -24.857  4.251  -43.787 0.6666666865
128857  -15.864  3.588  -43.150 0.4444444478
127662  -16.623  3.009  -43.540 0.7777777910
130054  -16.489  3.924  -44.142 0.6666666865
128907  -17.693  3.608  -45.438 0.7777777910
128895  -17.761  3.102  -45.253 0.8888888955
126460  -18.627  2.742  -45.606 0.8888888955
255616  -20.114  2.459  -45.522 1.0000000000
128909  -19.050  3.397  -45.865 1.0000000000
128911  -20.030  3.587  -45.509 1.0000000000
130072  -20.907  4.155  -44.845 1.0000000000
131267  -21.653  4.938  -44.705 0.8888888955
271237  -22.456  4.876  -44.145 0.7777777910
132495  -23.413  5.229  -43.784 0.7777777910
245929  -25.799  3.924  -44.914 0.5555555820
132497  -24.320  5.722  -44.039 0.7777777910
132499  -25.684  5.378  -44.474 0.6666666865
131264  -16.263  4.927  -44.460 0.6666666865
130053  -16.123  4.392  -43.948 0.6666666865
130087  -17.484  4.200  -45.407 0.7777777910
131279  -16.932  5.067  -45.490 0.7777777910
130088  -17.879  4.154  -45.764 0.8888888955
128920  -18.771  3.810  -46.067 0.8888888955
130102  -18.778  4.326  -46.332 1.0000000000
131297  -19.554  4.619  -46.650 1.0000000000
131282  -20.465  4.691  -45.731 1.0000000000
130090  -20.658  4.435  -45.303 0.8888888955
133870  -22.103  5.979  -45.254 0.8888888955
132512  -22.887  5.870  -44.716 0.8888888955
132496  -23.832  5.632  -44.030 0.7777777910
133887  -21.670  6.349  -45.610 0.8888888955
133871  -22.608  6.172  -45.041 0.7777777910
133873  -23.616  6.530  -44.683 0.7777777910
133856  -24.969  6.178  -44.325 0.7777777910
132514  -25.814  5.906  -44.812 0.6666666865
250826  -16.050  5.818  -44.793 0.6666666865
131246  -15.889  5.087  -43.881 0.5555555820
132509  -16.594  5.365  -45.261 0.7777777910
132529  -17.190  5.293  -45.990 0.8888888955
131294  -17.794  5.085  -46.287 0.8888888955
132564  -19.018  5.503  -47.252 1.0000000000
131309  -19.327  5.021  -47.021 1.0000000000
132551  -20.656  5.739  -46.048 1.0000000000
132531  -20.980  5.527  -45.574 0.8888888955
267854  -23.323  7.412  -44.871 0.7777777910
136583  -23.768  7.738  -44.859 0.7777777910
237141  -25.628  7.198  -44.902 0.6666666865
251668  -26.345  7.148  -45.616 0.5555555820
133890  -26.402  6.098  -45.783 0.5555555820
132527  -16.330  5.838  -45.275 0.7777777910
135225  -16.004  6.780  -45.386 0.6666666865
132547  -17.056  5.899  -46.073 0.8888888955
133922  -18.181  6.078  -47.322 1.0000000000
133923  -19.281  5.955  -47.504 1.0000000000
262376  -20.817  6.638  -46.610 0.8888888955
133908  -21.252  6.691  -46.120 0.8888888955
136616  -21.742  7.923  -46.383 0.8888888955
133888  -22.206  6.578  -45.358 0.8888888955
137905  -23.582  8.253  -45.300 0.7777777910
139284  -24.320  9.114  -45.496 0.7777777910
137929  -25.089  8.647  -45.238 0.7777777910
136605  -26.169  7.598  -45.419 0.5555555820
139302  -23.023  9.285  -46.123 0.7777777910
139286  -25.822  9.028  -45.586 0.5555555820
252788  -26.826  8.290  -46.259 0.5555555820
140576  -25.294  9.491  -45.643 0.6666666865
137899  -14.949  8.217  -44.771 0.4444444478
135245  -15.696  7.365  -45.367 0.5555555820
136614  -16.406  7.527  -46.493 0.7777777910
133921  -17.832  6.465  -47.354 1.0000000000
133905  -17.343  6.534  -46.861 0.8888888955
135294  -18.663  6.878  -47.855 1.0000000000
135295  -19.659  7.030  -47.720 0.8888888955
136628  -20.340  7.856  -47.306 0.8888888955
136629  -20.692  7.497  -46.940 0.8888888955
137955  -21.506  8.272  -46.739 0.8888888955
262314  -22.441  8.599  -46.044 0.8888888955
140575  -24.521  9.644  -45.634 0.6666666865
140599  -26.289  9.936  -45.961 0.5555555820
139330  -16.883  9.509  -47.617 0.6666666865
137952  -16.415  8.654  -47.033 0.6666666865
266393  -17.541  8.659  -47.972 0.7777777910
137969  -19.481  8.175  -48.005 0.8888888955
137983  -19.218  8.735  -48.332 0.7777777910
139332  -19.692  8.676  -48.005 0.7777777910
137954  -20.468  8.233  -47.334 0.8888888955
250848  -20.849  9.196  -47.666 0.7777777910
139317  -21.754  8.775  -46.695 0.8888888955
140611  -21.901  9.595  -47.236 0.7777777910
139318  -22.158  9.210  -46.736 0.7777777910
140597  -23.168  9.819  -46.461 0.6666666865
141859  -22.294  10.731  -47.667 0.6666666865
143079  -23.449  10.753  -46.769 0.6666666865
141825  -23.519  10.366  -46.481 0.6666666865
140574  -23.985  9.878  -45.871 0.5555555820
145698  -24.145  11.935  -47.201 0.6666666865
144426  -24.656  11.807  -46.807 0.5555555820
144428  -25.628  11.621  -46.429 0.5555555820
141828  -26.093  10.501  -46.060 0.4444444478
144440  -25.241  12.125  -46.726 0.5555555820
143123  -16.980  11.819  -47.892 0.3333333433
141867  -16.992  11.177  -47.909 0.3333333433
271342  -17.605  10.550  -48.051 0.5555555820
140622  -17.850  9.814  -48.115 0.6666666865
141869  -18.414  10.969  -48.428 0.5555555820
233793  -19.064  9.577  -48.478 0.7777777910
139350  -19.904  9.446  -48.337 0.7777777910
265732  -20.859  10.879  -48.152 0.6666666865
140623  -20.496  9.582  -48.093 0.6666666865
140638  -20.700  10.187  -48.112 0.6666666865
141858  -21.771  10.503  -47.835 0.6666666865
230521  -22.265  11.293  -47.902 0.6666666865
145708  -23.071  12.104  -47.999 0.6666666865
145709  -24.055  12.444  -47.677 0.6666666865
145700  -25.133  12.676  -47.076 0.5555555820
146896  -26.041  13.442  -47.404 0.5555555820
145711  -25.107  13.087  -47.385 0.6666666865
144460  -17.413  12.506  -48.015 0.4444444478
144459  -16.783  12.477  -47.739 0.4444444478
143124  -17.621  11.773  -48.157 0.4444444478
261942  -17.962  12.599  -48.316 0.5555555820
226284  -18.976  11.182  -48.483 0.5555555820
143126  -19.654  11.038  -48.421 0.6666666865
141870  -19.212  10.595  -48.396 0.6666666865
143127  -20.308  11.255  -48.411 0.6666666865
238873  -21.820  11.125  -48.024 0.6666666865
144448  -21.938  11.680  -48.102 0.6666666865
145724  -23.108  12.631  -48.310 0.6666666865
148094  -24.570  14.105  -48.348 0.6666666865
149242  -25.207  14.738  -48.340 0.5555555820
148082  -25.758  13.926  -47.663 0.6666666865
145718  -17.943  13.101  -48.373 0.4444444478
145720  -20.439  12.360  -48.717 0.6666666865
144462  -20.389  11.883  -48.533 0.6666666865
145721  -20.992  12.476  -48.708 0.6666666865
143128  -21.283  11.405  -48.216 0.6666666865
144463  -20.932  11.979  -48.457 0.6666666865
148093  -23.760  13.651  -48.793 0.6666666865
115875  -17.061  -3.344  -40.937 0.8888888955
117193  -15.887  -2.758  -40.004 1.0000000000
118525  -16.552  -1.987  -41.210 1.0000000000
118537  -17.331  -1.825  -41.839 1.0000000000
119855  -19.265  -1.705  -42.897 1.0000000000
130035  -15.772  4.122  -43.344 0.5555555820
131284  -21.333  5.252  -45.141 0.8888888955
133845  -15.734  6.070  -44.379 0.5555555820
139261  -15.132  8.644  -45.150 0.5555555820
133903  -16.325  6.618  -45.859 0.7777777910
133937  -18.939  6.403  -47.699 1.0000000000
136603  -22.347  7.864  -45.741 0.8888888955
228375  -14.847  8.440  -44.655 0.2222222239
141810  -25.056  10.219  -45.706 0.6666666865
270665  -19.648  9.045  -48.251 0.7777777910
143083  -25.861  11.081  -46.214 0.4444444478
227315  -19.738  11.724  -48.577 0.6666666865
234347  -19.729  12.766  -48.955 0.6666666865
131227  -15.681  4.702  -43.388 0.4444444478
132487  -15.561  5.727  -43.848 0.4444444478
149236  -26.736  14.493  -47.712 0.5555555820
148084  -26.995  13.900  -47.492 0.5555555820
263446  -16.503  12.725  -47.576 0.2222222239
149244  -26.411  15.045  -47.874 0.5555555820
111939  -15.411  -5.714  -37.881 0.5555555820
111962  -16.429  -5.908  -39.005 0.5555555820
113239  -16.043  -4.942  -39.232 0.6666666865
113252  -16.835  -4.766  -39.922 0.5555555820
113253  -17.383  -4.982  -40.131 0.5555555820
114576  -19.191  -4.140  -41.146 0.7777777910
115880  -19.899  -3.633  -41.631 0.8888888955
111938  -15.048  -5.444  -37.634 0.5555555820
113267  -17.613  -4.657  -40.485 0.6666666865
113289  -18.404  -4.418  -40.744 0.6666666865
246441  -18.671  -4.093  -41.146 0.8888888955
117225  -20.497  -3.351  -41.467 0.7777777910
117249  -21.327  -2.586  -41.830 0.7777777910
119840  -21.348  -1.428  -42.433 0.8888888955
114461  -14.628  -4.639  -37.529 0.4444444478
115815  -14.601  -3.109  -38.576 0.5555555820
232265  -21.060  -0.959  -42.646 1.0000000000
118475  -14.850  -2.098  -38.924 0.2222222239
118476  -15.164  -2.122  -39.403 0.6666666865
122501  -21.803  0.287  -42.714 0.8888888955
125072  -22.445  1.283  -42.779 0.6666666865
126415  -23.192  2.268  -43.151 0.7777777910
248182  -23.770  2.342  -43.341 0.6666666865
121120  -15.322  -0.732  -39.954 0.5555555820
127668  -24.430  2.574  -43.652 0.6666666865
123733  -15.508  0.588  -41.064 0.4444444478
127684  -25.285  2.985  -44.500 0.5555555820
130105  -25.984  3.957  -45.673 0.5555555820
245042  -15.472  2.397  -41.900 0.2222222239
267241  -26.154  4.530  -45.545 0.5555555820
130012  -15.546  3.979  -42.893 0.4444444478
132534  -26.481  5.431  -46.007 0.5555555820
132472  -14.858  5.961  -42.437 0.3333333433
133909  -26.525  6.333  -46.330 0.5555555820
241668  -15.247  7.429  -44.654 0.4444444478
136618  -27.062  7.533  -46.802 0.4444444478
137883  -14.128  8.893  -43.279 0.3333333433
229627  -27.186  8.875  -46.780 0.5555555820
141830  -27.171  10.228  -46.489 0.4444444478
143111  -16.032  11.669  -47.613 0.3333333433
141854  -15.903  11.434  -47.608 0.3333333433
141839  -15.723  10.861  -47.323 0.4444444478
144442  -26.704  11.972  -46.532 0.4444444478
146898  -27.284  13.270  -47.378 0.4444444478
149245  -27.265  14.678  -47.977 0.2222222239
145717  -17.197  13.129  -47.967 0.3333333433
145719  -18.856  12.949  -48.683 0.6666666865
265951  -20.858  12.941  -49.697 0.6666666865
146905  -21.668  12.852  -48.774 0.6666666865
148092  -22.669  13.557  -48.916 0.6666666865
149255  -23.709  14.681  -49.160 0.6666666865
149256  -24.336  14.844  -48.876 0.6666666865
239170  -24.162  14.178  -48.787 0.6666666865
249423  -25.333  15.132  -48.510 0.6666666865
251854  -25.901  16.036  -48.421 0.4444444478
150449  -26.779  15.518  -48.092 0.3333333433
146903  -19.941  13.151  -49.539 0.5555555820
114511  -14.941  -4.091  -38.428 0.5555555820
113219  -15.357  -4.758  -38.494 0.5555555820
113220  -15.741  -5.201  -38.881 0.6666666865
113240  -16.556  -5.141  -39.467 0.6666666865
115835  -15.557  -3.684  -39.199 0.6666666865
114543  -16.421  -4.293  -39.822 0.7777777910
113266  -17.194  -4.590  -40.377 0.7777777910
115848  -16.092  -3.783  -39.676 0.7777777910
115861  -17.257  -3.756  -40.960 0.8888888955
118527  -17.610  -2.403  -41.966 1.0000000000
118526  -17.168  -2.319  -41.482 1.0000000000
115876  -17.476  -3.387  -41.284 0.8888888955
117210  -16.809  -2.882  -40.835 1.0000000000
117246  -19.062  -3.040  -42.172 1.0000000000
115898  -18.636  -3.321  -41.914 0.8888888955
267821  -18.930  -3.847  -41.509 0.8888888955
113191  -15.212  -5.142  -37.977 0.5555555820
113190  -14.806  -5.044  -37.598 0.4444444478
114488  -14.645  -3.951  -38.059 0.5555555820
260647  -14.640  -3.549  -38.387 0.5555555820
115816  -14.956  -3.610  -38.780 0.6666666865
115834  -15.058  -3.053  -39.109 0.5555555820
117209  -16.370  -2.828  -40.452 0.8888888955
115878  -18.497  -3.695  -41.584 0.8888888955
117245  -18.432  -2.917  -42.094 1.0000000000
118541  -19.919  -2.308  -42.358 1.0000000000
118539  -18.155  -2.377  -42.303 1.0000000000
119854  -18.667  -1.566  -43.019 1.0000000000
118555  -20.451  -1.991  -42.426 1.0000000000
119874  -20.061  -1.115  -43.102 1.0000000000
117173  -14.712  -2.591  -38.731 0.5555555820
117192  -15.353  -2.652  -39.560 0.8888888955
118496  -15.986  -2.322  -40.386 1.0000000000
118512  -15.738  -1.775  -40.236 0.8888888955
119814  -15.876  -1.367  -40.616 0.8888888955
118495  -15.550  -2.222  -39.909 1.0000000000
119827  -16.172  -1.465  -41.123 1.0000000000
121145  -15.700  -0.824  -40.521 0.8888888955
121165  -15.906  -0.468  -41.071 1.0000000000
119838  -17.405  -1.347  -42.127 1.0000000000
121178  -17.008  -0.873  -42.103 1.0000000000
118552  -18.202  -1.756  -42.658 1.0000000000
119872  -19.055  -1.294  -43.214 1.0000000000
239848  -16.838  -0.415  -42.298 1.0000000000
122500  -17.362  -0.211  -42.988 1.0000000000
121214  -19.824  -0.744  -43.441 1.0000000000
121198  -21.268  -0.521  -42.680 0.8888888955
122519  -20.675  -0.118  -43.340 1.0000000000
122528  -19.354  0.088  -43.924 1.0000000000
262069  -18.400  0.447  -44.037 1.0000000000
123789  -20.433  0.286  -43.825 1.0000000000
123790  -21.001  0.410  -43.512 1.0000000000
123770  -21.725  0.947  -42.918 0.8888888955
126397  -22.191  1.753  -42.905 0.7777777910
244526  -16.092  0.369  -41.728 1.0000000000
123734  -15.809  0.508  -41.369 0.5555555820
247017  -15.567  -0.318  -40.640 0.6666666865
122483  -16.296  0.001  -41.816 1.0000000000
122469  -15.710  0.101  -41.026 0.5555555820
123768  -17.089  0.437  -42.957 1.0000000000
123767  -16.608  0.919  -42.683 0.8888888955
123807  -17.652  0.977  -43.906 1.0000000000
125104  -18.665  1.099  -44.774 1.0000000000
125122  -19.575  1.313  -45.138 1.0000000000
126449  -20.360  2.145  -45.156 1.0000000000
126433  -21.014  2.136  -44.086 1.0000000000
128860  -22.292  3.576  -43.637 0.8888888955
257674  -23.336  3.272  -43.475 0.7777777910
245812  -24.527  3.067  -43.674 0.6666666865
125052  -15.581  1.471  -41.675 0.5555555820
123752  -15.529  0.997  -41.342 0.5555555820
126376  -15.637  2.085  -42.008 0.6666666865
263503  -16.249  2.116  -42.822 0.6666666865
123753  -15.968  0.942  -41.763 0.7777777910
125069  -16.300  1.555  -42.646 0.7777777910
126409  -16.500  2.488  -43.212 0.7777777910
128877  -16.680  3.444  -43.919 0.6666666865
128878  -17.097  3.285  -44.264 0.8888888955
126410  -16.920  2.039  -43.589 0.8888888955
126430  -17.669  2.414  -44.377 0.8888888955
123786  -16.909  1.053  -43.229 0.8888888955
125085  -17.240  1.393  -43.684 1.0000000000
126445  -18.037  2.401  -44.816 0.8888888955
126461  -19.148  2.293  -45.704 1.0000000000
128896  -20.341  3.378  -45.200 1.0000000000
131247  -21.993  4.550  -44.264 0.8888888955
130057  -22.496  4.392  -43.937 0.8888888955
265915  -23.007  3.861  -43.692 0.7777777910
130039  -24.305  4.113  -43.591 0.7777777910
131250  -24.669  5.306  -43.876 0.6666666865
128898  -25.587  3.443  -44.699 0.5555555820
131252  -25.472  4.876  -44.294 0.6666666865
128858  -16.318  3.380  -43.489 0.5555555820
128839  -15.574  3.622  -42.623 0.3333333433
127648  -15.649  3.126  -42.384 0.3333333433
241506  -15.849  3.228  -42.777 0.4444444478
127649  -15.974  2.670  -42.699 0.6666666865
130069  -16.669  4.335  -44.596 0.6666666865
128893  -16.915  3.705  -44.461 0.7777777910
235419  -18.646  3.257  -45.807 0.8888888955
127705  -19.643  2.602  -45.713 1.0000000000
130089  -20.164  4.182  -45.729 1.0000000000
131248  -22.180  5.185  -44.472 0.7777777910
133854  -23.918  6.114  -44.384 0.7777777910
236080  -26.060  5.337  -44.823 0.5555555820
131280  -17.504  4.724  -45.700 0.8888888955
132550  -20.256  5.396  -46.408 1.0000000000
261730  -24.114  7.353  -44.525 0.7777777910
135216  -24.802  6.619  -44.428 0.7777777910
135237  -25.786  6.625  -44.967 0.6666666865
131245  -15.499  5.231  -43.353 0.4444444478
132549  -17.900  5.494  -46.670 0.8888888955
132565  -19.585  5.529  -47.202 1.0000000000
133925  -20.385  6.278  -46.912 0.8888888955
136582  -23.221  7.822  -45.191 0.7777777910
137908  -25.420  8.154  -45.076 0.6666666865
136617  -26.804  7.727  -46.283 0.5555555820
256558  -26.567  6.784  -46.347 0.5555555820
135224  -15.641  6.946  -44.852 0.5555555820
135263  -16.385  7.020  -46.242 0.6666666865
227340  -17.315  6.122  -46.478 0.8888888955
133939  -20.063  6.633  -47.378 1.0000000000
135251  -21.815  6.994  -45.762 0.8888888955
252191  -23.357  8.627  -45.566 0.8888888955
137930  -25.658  8.581  -45.337 0.6666666865
139300  -22.118  8.721  -46.329 0.8888888955
139303  -26.671  9.175  -46.142 0.5555555820
136594  -15.251  7.859  -45.042 0.5555555820
136595  -16.034  7.482  -45.998 0.5555555820
135276  -17.478  7.065  -47.302 1.0000000000
136638  -17.403  7.686  -47.505 0.7777777910
136625  -16.466  8.071  -46.701 0.7777777910
136641  -19.811  7.655  -47.756 0.8888888955
136639  -18.327  7.403  -47.858 0.7777777910
140614  -27.363  9.832  -46.704 0.5555555820
140609  -15.945  10.269  -46.792 0.5555555820
139314  -16.065  9.244  -46.643 0.5555555820
232516  -16.835  10.396  -47.562 0.4444444478
137965  -16.805  8.794  -47.574 0.6666666865
139331  -17.786  9.024  -48.109 0.6666666865
137953  -16.896  8.081  -47.229 0.7777777910
269263  -15.729  8.412  -46.120 0.7777777910
137937  -15.670  8.985  -46.227 0.6666666865
139348  -18.873  9.168  -48.434 0.7777777910
234858  -17.858  7.841  -47.839 0.7777777910
139316  -21.249  8.807  -47.121 0.7777777910
140625  -21.611  9.941  -47.668 0.6666666865
140613  -22.767  9.905  -46.851 0.6666666865
141842  -22.524  10.286  -47.180 0.6666666865
144451  -23.573  11.918  -47.606 0.6666666865
144439  -23.781  11.599  -47.173 0.6666666865
143081  -24.656  11.288  -46.414 0.5555555820
141826  -24.876  10.803  -45.943 0.5555555820
145702  -26.536  12.529  -46.731 0.4444444478
143100  -26.837  11.316  -46.549 0.4444444478
146887  -26.311  13.012  -47.024 0.5555555820
141840  -16.195  10.951  -47.576 0.4444444478
141868  -17.665  11.073  -48.132 0.5555555820
140635  -18.844  10.164  -48.315 0.6666666865
140636  -19.501  9.898  -48.392 0.7777777910
145725  -23.695  12.777  -48.233 0.6666666865
266293  -24.731  13.889  -48.037 0.6666666865
143125  -18.368  11.828  -48.445 0.5555555820
227049  -19.731  12.335  -48.665 0.6666666865
145722  -21.958  12.345  -48.285 0.6666666865
146906  -22.689  13.043  -48.560 0.6666666865
148107  -23.635  14.064  -49.097 0.6666666865
133844  -15.458  6.330  -44.009 0.4444444478
139276  -15.177  9.195  -45.643 0.3333333433
130034  -15.468  4.450  -42.917 0.4444444478
132473  -15.375  5.658  -43.351 0.4444444478
148096  -27.664  14.277  -47.981 0.3333333433
151630  -26.531  16.140  -48.305 0.3333333433
111960  -15.592  -5.420  -38.362 0.5555555820
242202  -20.844  -4.275  -41.044 0.6666666865
111915  -14.695  -5.510  -37.259 0.4444444478
111916  -15.076  -5.914  -37.456 0.5555555820
119858  -21.536  -0.844  -42.441 0.7777777910
113167  -14.503  -5.091  -37.119 0.3333333433
115793  -14.407  -3.265  -38.301 0.4444444478
263271  -23.181  1.716  -43.053 0.6666666865
119813  -15.523  -1.196  -40.033 0.7777777910
127625  -15.639  2.568  -42.201 0.3333333433
126349  -15.408  1.869  -41.664 0.3333333433
126348  -14.990  2.210  -40.726 0.1111111119
127624  -15.568  2.908  -42.091 0.1111111119
132455  -15.305  5.197  -42.954 0.4444444478
133830  -15.366  6.201  -43.703 0.3333333433
135192  -15.228  6.897  -43.944 0.3333333433
141816  -14.999  10.872  -46.495 0.3333333433
242161  -24.930  15.920  -48.947 0.6666666865
151628  -25.410  16.151  -48.669 0.4444444478
107425  -20.692  -7.952  -39.528 0.4444444478
107391  -22.663  -7.968  -38.044 0.2222222239
109000  -16.427  -7.074  -38.323 0.4444444478
256314  -17.321  -7.332  -38.863 0.4444444478
228868  -16.991  -6.320  -39.146 0.4444444478
110586  -17.893  -6.645  -39.706 0.4444444478
107442  -19.824  -7.580  -39.867 0.4444444478
109034  -20.700  -7.344  -40.401 0.4444444478
109036  -22.206  -6.900  -39.735 0.2222222239
111987  -18.231  -5.658  -40.150 0.4444444478
110600  -19.414  -6.525  -40.383 0.4444444478
109051  -19.920  -6.791  -40.585 0.4444444478
226325  -23.509  -6.525  -39.606 0.1111111119
110604  -24.053  -6.142  -39.771 0.1111111119
112004  -20.067  -5.740  -40.668 0.4444444478
110621  -21.914  -6.277  -40.518 0.3333333433
112002  -18.717  -5.568  -40.424 0.4444444478
112003  -19.443  -5.625  -40.651 0.4444444478
110620  -21.189  -6.247  -40.733 0.3333333433
112026  -22.010  -5.257  -40.916 0.3333333433
111989  -23.564  -5.995  -40.100 0.2222222239
112023  -20.468  -5.226  -40.668 0.4444444478
112025  -21.432  -5.313  -40.872 0.3333333433
113269  -18.696  -4.983  -40.544 0.5555555820
113270  -19.208  -5.060  -40.682 0.4444444478
114582  -23.137  -4.393  -41.655 0.2222222239
113296  -23.748  -4.735  -41.636 0.1111111119
115886  -24.581  -4.218  -42.122 0.1111111119
114580  -21.785  -4.215  -41.145 0.3333333433
115884  -22.766  -3.780  -41.699 0.3333333433
117226  -21.063  -3.151  -41.433 0.4444444478
117250  -22.057  -2.563  -41.779 0.5555555820
118545  -22.407  -2.049  -41.945 0.6666666865
241734  -23.629  -2.350  -42.445 0.4444444478
251168  -21.866  -1.236  -42.213 0.6666666865
121201  -24.296  -1.225  -43.287 0.3333333433
121180  -22.007  -0.612  -42.199 0.6666666865
122504  -23.753  -0.249  -42.920 0.5555555820
122485  -22.063  -0.122  -42.312 0.6666666865
232079  -23.293  0.201  -42.852 0.5555555820
248588  -24.354  -0.047  -43.543 0.5555555820
122505  -24.206  -0.563  -43.264 0.4444444478
262964  -24.629  0.882  -43.846 0.3333333433
254465  -22.754  0.667  -42.740 0.5555555820
126434  -25.190  1.798  -44.443 0.4444444478
127698  -25.162  2.383  -44.415 0.5555555820
125089  -24.815  1.401  -43.896 0.4444444478
228622  -25.640  2.972  -45.011 0.4444444478
148091  -22.076  13.263  -48.826 0.5555555820
148105  -21.982  13.797  -49.328 0.5555555820
248769  -22.649  14.091  -49.211 0.5555555820
149263  -23.122  14.904  -49.471 0.5555555820
150458  -23.999  15.231  -49.129 0.5555555820
151655  -24.644  16.486  -49.647 0.5555555820
106068  -19.487  -8.468  -39.357 0.4444444478
107428  -22.267  -7.566  -39.001 0.2222222239
111974  -16.231  -5.443  -39.106 0.4444444478
110623  -23.015  -5.699  -40.475 0.2222222239
113295  -23.242  -4.882  -41.215 0.2222222239
114558  -24.272  -4.838  -41.508 0.1111111119
117229  -23.076  -3.247  -41.914 0.4444444478
117230  -23.777  -3.465  -42.420 0.3333333433
117228  -22.418  -3.159  -41.665 0.4444444478
119841  -22.725  -1.570  -42.134 0.6666666865
119842  -23.394  -1.666  -42.438 0.4444444478
125107  -25.069  1.286  -44.298 0.3333333433
126452  -25.394  1.917  -45.537 0.4444444478
130106  -26.157  4.371  -46.133 0.4444444478
149262  -22.009  14.897  -49.702 0.5555555820
111986  -17.626  -5.498  -39.930 0.4444444478
118556  -24.399  -2.300  -43.110 0.2222222239
151641  -24.592  16.016  -49.331 0.5555555820
106032  -17.682  -8.654  -38.032 0.4444444478
104753  -19.076  -9.181  -38.819 0.4444444478
104754  -19.675  -9.325  -38.603 0.4444444478
241027  -21.924  -8.609  -38.024 0.2222222239
106034  -22.355  -8.360  -37.762 0.2222222239
107375  -22.788  -8.082  -37.508 0.1111111119
108999  -15.947  -6.933  -37.913 0.4444444478
107389  -16.943  -7.981  -37.901 0.4444444478
109019  -23.150  -7.025  -39.210 0.1111111119
110587  -24.131  -6.493  -39.301 0.1111111119
107392  -23.162  -7.770  -37.848 0.1111111119
111977  -24.838  -5.680  -39.546 0.1111111119
112009  -24.285  -5.392  -40.556 0.1111111119
114560  -25.376  -4.187  -40.868 0.1111111119
115903  -25.383  -3.340  -41.984 0.1111111119
117254  -25.028  -3.353  -42.662 0.1111111119
118557  -24.971  -2.594  -43.280 0.2222222239
122520  -24.471  -0.872  -43.856 0.1111111119
119860  -24.320  -1.657  -43.150 0.2222222239
250370  -24.795  -0.528  -44.659 0.2222222239
123829  -24.863  -0.310  -45.782 0.2222222239
125125  -25.251  1.418  -45.359 0.3333333433
226743  -25.863  3.180  -46.101 0.4444444478
128923  -25.992  3.753  -46.468 0.3333333433
265964  -26.094  3.727  -47.517 0.3333333433
131286  -26.343  4.931  -45.739 0.4444444478
131311  -26.408  4.812  -47.075 0.3333333433
140590  -15.123  10.210  -46.185 0.4444444478
137956  -27.142  8.194  -46.773 0.4444444478
144444  -27.689  11.451  -47.140 0.3333333433
247008  -18.910  13.491  -48.918 0.4444444478
151642  -25.023  16.396  -49.154 0.5555555820
148103  -20.603  13.985  -49.674 0.5555555820
149252  -20.989  14.404  -49.740 0.5555555820
150469  -23.093  15.333  -49.821 0.5555555820
242858  -23.415  15.753  -50.020 0.5555555820
152795  -24.175  16.507  -50.159 0.5555555820
150457  -21.306  14.899  -49.853 0.5555555820
110571  -16.050  -6.550  -38.282 0.4444444478
264654  -16.139  -6.156  -38.598 0.4444444478
110572  -16.476  -6.515  -38.701 0.4444444478
113290  -18.946  -4.479  -40.739 0.5555555820
113291  -19.526  -4.524  -40.781 0.5555555820
115881  -20.901  -3.705  -41.231 0.6666666865
118544  -21.702  -1.951  -42.096 0.6666666865
125073  -22.971  1.272  -42.915 0.5555555820
125087  -23.920  1.353  -43.360 0.5555555820
126417  -24.594  2.022  -43.667 0.4444444478
132552  -26.555  5.369  -46.610 0.4444444478
264506  -27.316  12.687  -47.174 0.3333333433
111976  -17.285  -5.890  -39.591 0.4444444478
114579  -21.313  -4.431  -40.962 0.3333333433
113293  -20.996  -4.855  -40.845 0.3333333433
107424  -19.513  -7.924  -39.547 0.4444444478
107426  -21.213  -7.824  -39.352 0.4444444478
106070  -20.955  -8.274  -39.083 0.3333333433
107444  -20.963  -7.583  -39.891 0.4444444478
239523  -20.456  -8.339  -39.226 0.4444444478
106052  -22.192  -8.173  -38.249 0.3333333433
107409  -23.029  -7.649  -38.387 0.1111111119
234093  -16.608  -7.534  -38.024 0.4444444478
107404  -17.013  -7.469  -38.400 0.4444444478
109015  -17.493  -6.918  -39.223 0.4444444478
107406  -17.985  -8.040  -38.923 0.4444444478
107423  -18.285  -7.756  -39.198 0.4444444478
110598  -18.326  -6.250  -40.000 0.4444444478
109017  -18.662  -7.362  -39.535 0.4444444478
109031  -19.008  -6.973  -39.896 0.4444444478
263946  -19.226  -6.736  -40.128 0.4444444478
109033  -20.141  -7.269  -40.332 0.4444444478
107445  -21.493  -7.420  -39.631 0.4444444478
244041  -21.760  -7.078  -39.815 0.4444444478
109053  -20.906  -6.836  -40.586 0.4444444478
236600  -22.532  -7.146  -39.301 0.2222222239
110601  -21.835  -6.768  -40.169 0.4444444478
110602  -22.381  -6.516  -40.105 0.2222222239
270068  -24.380  -5.610  -40.199 0.1111111119
226338  -24.506  -6.344  -39.008 0.1111111119
232092  -22.227  -4.724  -41.106 0.3333333433
113294  -21.635  -4.794  -40.954 0.3333333433
113271  -22.702  -5.136  -40.891 0.2222222239
112008  -23.701  -5.543  -40.523 0.2222222239
253335  -23.389  -3.938  -42.083 0.2222222239
115885  -24.006  -4.149  -42.340 0.1111111119
114584  -24.576  -4.547  -41.740 0.1111111119
115901  -24.510  -3.801  -42.581 0.1111111119
114585  -25.026  -4.206  -41.597 0.1111111119
115882  -21.461  -3.621  -41.258 0.3333333433
117251  -22.761  -2.625  -41.814 0.4444444478
118546  -23.052  -2.149  -42.102 0.4444444478
119859  -23.936  -1.553  -42.770 0.3333333433
117252  -23.341  -2.764  -42.158 0.4444444478
258635  -23.858  -2.934  -42.608 0.3333333433
119875  -24.617  -1.927  -43.821 0.1111111119
121200  -23.926  -0.912  -42.879 0.4444444478
247844  -22.850  0.066  -42.567 0.5555555820
121182  -22.996  -0.987  -42.238 0.5555555820
123793  -24.215  0.701  -43.562 0.5555555820
123794  -24.665  -0.019  -43.935 0.3333333433
127714  -25.404  2.471  -46.507 0.4444444478
270442  -22.184  14.353  -49.479 0.5555555820
148104  -21.285  13.805  -49.687 0.5555555820
236665  -23.905  16.075  -49.966 0.5555555820
104766  -18.967  -8.767  -39.175 0.4444444478
104768  -20.034  -8.964  -38.891 0.4444444478
114559  -24.822  -4.680  -41.164 0.1111111119
150467  -21.552  15.327  -49.929 0.5555555820
118548  -24.781  -3.001  -43.099 0.2222222239
104735  -18.754  -9.329  -38.311 0.4444444478
106049  -18.077  -8.547  -38.564 0.4444444478
106051  -21.019  -9.093  -38.276 0.4444444478
106033  -21.580  -9.014  -37.845 0.2222222239
106050  -20.581  -8.754  -38.841 0.4444444478
108984  -16.197  -7.416  -37.802 0.4444444478
108963  -15.697  -7.273  -37.435 0.4444444478
109020  -23.776  -6.903  -39.053 0.1111111119
108985  -23.567  -7.481  -38.210 0.1111111119
111991  -24.724  -5.376  -40.085 0.1111111119
97308  -19.176  -13.517  -32.460 0.1111111119
100962  -15.553  -11.059  -34.891 0.3333333433
98666  -17.766  -12.880  -34.591 0.2222222239
97344  -18.772  -13.011  -33.345 0.2222222239
97326  -19.495  -13.096  -32.709 0.1111111119
98637  -19.740  -12.608  -32.928 0.1111111119
104675  -13.827  -9.014  -34.920 0.3333333433
256220  -14.421  -9.985  -34.774 0.3333333433
102123  -14.381  -10.436  -34.472 0.3333333433
100981  -16.664  -11.373  -35.893 0.3333333433
99888  -18.078  -12.012  -35.777 0.3333333433
98682  -18.049  -12.546  -34.893 0.2222222239
99869  -18.993  -11.983  -34.962 0.2222222239
268334  -19.179  -12.353  -33.951 0.2222222239
98653  -19.941  -12.168  -33.135 0.1111111119
234286  -19.101  -12.159  -34.396 0.2222222239
107332  -13.521  -7.074  -35.421 0.2222222239
105989  -14.090  -7.983  -35.458 0.2222222239
105976  -13.857  -8.320  -35.047 0.2222222239
244810  -14.582  -9.391  -35.349 0.3333333433
103349  -15.134  -10.105  -35.422 0.3333333433
100980  -16.191  -11.132  -35.679 0.3333333433
99870  -19.545  -11.815  -34.609 0.1111111119
108942  -14.060  -6.906  -36.122 0.2222222239
107333  -13.917  -7.353  -35.694 0.3333333433
107353  -14.443  -7.406  -36.165 0.3333333433
106003  -14.731  -8.226  -36.075 0.3333333433
108944  -14.854  -7.459  -36.627 0.3333333433
106017  -15.514  -8.205  -36.824 0.3333333433
105990  -14.940  -8.637  -35.995 0.3333333433
104705  -15.893  -9.206  -36.434 0.3333333433
102165  -17.364  -10.471  -36.789 0.3333333433
103374  -16.879  -9.768  -36.898 0.3333333433
101019  -18.561  -11.100  -37.011 0.3333333433
263355  -18.775  -10.843  -37.164 0.3333333433
101006  -19.385  -11.174  -36.415 0.3333333433
100986  -20.066  -11.101  -35.593 0.1111111119
102148  -20.417  -10.695  -35.847 0.2222222239
110537  -13.904  -6.034  -36.490 0.2222222239
110517  -14.206  -6.512  -36.514 0.2222222239
237193  -15.258  -7.413  -37.001 0.3333333433
107373  -16.023  -7.830  -37.395 0.3333333433
104717  -16.095  -8.789  -36.814 0.3333333433
103409  -17.761  -9.188  -37.693 0.3333333433
228100  -18.274  -10.050  -37.426 0.3333333433
103410  -18.385  -9.595  -37.774 0.3333333433
102167  -19.720  -10.760  -36.695 0.3333333433
102169  -20.762  -10.335  -36.163 0.1111111119
111896  -13.807  -5.713  -36.537 0.3333333433
111914  -14.221  -5.578  -36.833 0.3333333433
108983  -15.549  -6.459  -37.717 0.3333333433
106030  -16.766  -8.280  -37.593 0.3333333433
103412  -19.714  -9.996  -37.930 0.3333333433
103426  -19.552  -9.678  -38.235 0.3333333433
104736  -20.629  -9.624  -38.025 0.3333333433
125139  -24.786  1.263  -46.783 0.2222222239
237591  -25.763  2.983  -46.961 0.2222222239
126467  -25.130  2.120  -47.251 0.2222222239
133926  -26.774  6.592  -47.541 0.3333333433
133940  -26.724  6.002  -47.369 0.2222222239
99865  -16.150  -11.907  -35.033 0.3333333433
98681  -17.492  -12.570  -34.964 0.3333333433
98651  -18.973  -12.678  -33.651 0.2222222239
99856  -19.964  -11.680  -34.197 0.1111111119
108926  -13.667  -6.762  -35.735 0.3333333433
105977  -14.414  -8.431  -35.649 0.3333333433
102163  -16.159  -10.263  -36.168 0.3333333433
101003  -17.673  -11.117  -36.628 0.3333333433
100982  -17.730  -11.651  -36.265 0.3333333433
100985  -19.622  -11.261  -35.886 0.3333333433
107354  -14.791  -7.871  -36.335 0.3333333433
108962  -14.711  -6.677  -36.940 0.3333333433
103413  -20.270  -9.987  -37.786 0.3333333433
95852  -18.203  -13.801  -32.838 0.1111111119
95835  -19.450  -13.963  -32.192 0.1111111119
102122  -13.647  -10.320  -34.288 0.3333333433
100952  -14.678  -11.054  -34.286 0.3333333433
99852  -14.897  -11.581  -34.067 0.3333333433
98664  -16.106  -12.594  -34.241 0.3333333433
97356  -17.018  -13.123  -34.186 0.3333333433
97343  -17.881  -13.320  -33.759 0.3333333433
95836  -20.113  -13.898  -32.113 0.1111111119
97327  -20.098  -12.998  -32.579 0.1111111119
98638  -20.384  -12.475  -32.836 0.1111111119
107317  -13.561  -7.560  -35.136 0.2222222239
266102  -20.807  -11.693  -33.356 0.1111111119
108925  -13.485  -6.768  -35.531 0.2222222239
100967  -20.545  -11.082  -34.744 0.1111111119
224867  -20.845  -10.429  -35.558 0.1111111119
110516  -13.722  -6.393  -36.089 0.2222222239
103363  -21.140  -10.018  -35.865 0.1111111119
103376  -20.723  -10.241  -36.877 0.1111111119
104737  -21.169  -9.441  -37.656 0.1111111119
113166  -14.188  -5.204  -36.815 0.1111111119
128930  -25.783  3.213  -47.662 0.2222222239
136654  -27.232  7.375  -48.001 0.2222222239
135296  -26.852  6.738  -48.208 0.2222222239
114487  -14.205  -3.902  -37.218 0.2222222239
234851  -15.338  -1.645  -39.677 0.5555555820
243073  -14.534  -6.077  -36.980 0.4444444478
110538  -15.050  -6.390  -37.265 0.4444444478
130121  -26.186  4.183  -47.790 0.2222222239
97309  -19.809  -13.484  -32.378 0.1111111119
236976  -18.363  -13.369  -33.209 0.1111111119
100953  -15.223  -11.347  -34.480 0.3333333433
100963  -15.975  -11.381  -35.207 0.3333333433
102131  -14.841  -10.281  -34.940 0.3333333433
99855  -16.367  -12.368  -34.798 0.3333333433
240856  -17.248  -12.859  -34.589 0.3333333433
104676  -14.257  -8.957  -35.283 0.3333333433
103347  -14.160  -9.512  -34.960 0.3333333433
104674  -13.374  -8.730  -34.642 0.2222222239
103339  -13.337  -9.493  -34.723 0.2222222239
100964  -16.388  -11.656  -35.491 0.3333333433
99868  -17.773  -12.287  -35.345 0.3333333433
102145  -15.981  -10.604  -35.822 0.3333333433
101002  -17.084  -11.066  -36.316 0.3333333433
231755  -18.388  -12.223  -35.232 0.2222222239
99889  -18.767  -11.887  -35.619 0.2222222239
103361  -15.477  -9.909  -35.788 0.3333333433
104687  -14.730  -9.036  -35.646 0.3333333433
100955  -20.336  -11.359  -34.326 0.1111111119
100965  -19.547  -11.528  -35.307 0.1111111119
108943  -14.528  -7.015  -36.537 0.3333333433
106004  -15.181  -8.313  -36.424 0.3333333433
106018  -15.933  -8.333  -37.071 0.3333333433
104688  -15.518  -9.375  -35.959 0.3333333433
103373  -16.292  -9.775  -36.501 0.3333333433
102186  -17.888  -10.256  -37.162 0.3333333433
101004  -18.212  -11.417  -36.690 0.3333333433
103391  -17.303  -9.419  -37.312 0.3333333433
102200  -19.327  -10.299  -37.649 0.3333333433
102135  -20.971  -10.586  -34.951 0.1111111119
111895  -13.611  -6.111  -36.200 0.2222222239
104718  -16.492  -8.661  -37.175 0.3333333433
102190  -20.117  -10.470  -37.043 0.3333333433
103395  -21.242  -9.703  -36.948 0.1111111119
95834  -18.411  -14.174  -32.412 0.1111111119
100944  -14.422  -11.294  -33.930 0.3333333433
102113  -13.472  -10.683  -33.927 0.2222222239
99846  -14.990  -12.149  -33.954 0.3333333433
236816  -15.674  -12.728  -33.883 0.3333333433
98649  -16.545  -12.906  -34.052 0.3333333433
104667  -12.877  -9.071  -34.367 0.2222222239
127720  -25.367  2.499  -47.825 0.1111111119
126472  -25.007  1.730  -47.909 0.1111111119
126485  -26.215  1.789  -48.878 0.1111111119
127729  -25.289  2.509  -48.944 0.1111111119
128944  -25.010  3.542  -49.324 0.1111111119
127743  -26.249  3.205  -49.947 0.1111111119
131320  -26.463  4.899  -47.726 0.1111111119
131340  -26.027  4.276  -50.031 0.1111111119
131328  -26.103  4.882  -48.804 0.1111111119
261797  -25.981  4.805  -49.846 0.1111111119
139320  -27.615  9.532  -47.155 0.2222222239
132587  -26.622  5.488  -48.575 0.1111111119
132592  -26.704  5.696  -49.304 0.1111111119
141871  -28.137  10.792  -48.141 0.1111111119
143102  -27.706  10.822  -47.213 0.2222222239
145713  -28.052  12.344  -47.638 0.1111111119
140639  -27.982  10.187  -48.220 0.1111111119
143138  -28.338  11.066  -48.626 0.1111111119
146915  -20.829  13.365  -49.749 0.4444444478
146899  -27.888  13.332  -47.642 0.1111111119
148101  -19.084  14.406  -49.232 0.4444444478
263697  -20.409  14.516  -49.655 0.4444444478
244447  -28.154  14.295  -48.277 0.1111111119
150468  -22.606  15.147  -49.780 0.4444444478
153951  -25.940  17.465  -49.122 0.3333333433
152785  -26.252  17.030  -48.736 0.2222222239
152772  -27.619  16.437  -48.380 0.1111111119
149246  -27.789  14.784  -48.222 0.1111111119
151645  -28.512  15.923  -48.810 0.1111111119
151652  -22.671  15.641  -50.247 0.4444444478
151663  -22.463  16.126  -50.575 0.4444444478
152818  -22.870  16.784  -51.383 0.4444444478
151653  -23.563  16.254  -50.411 0.4444444478
153981  -23.874  17.074  -51.122 0.4444444478
152810  -23.753  16.671  -50.748 0.4444444478
153982  -24.393  17.565  -50.784 0.4444444478
156289  -25.029  18.808  -50.357 0.4444444478
241870  -25.311  17.847  -49.925 0.2222222239
157461  -25.844  19.219  -49.938 0.2222222239
155110  -26.161  18.343  -49.324 0.2222222239
156278  -26.535  18.755  -49.350 0.2222222239
155096  -27.486  18.097  -48.910 0.2222222239
164402  -24.902  24.091  -52.282 0.1111111119
163260  -26.161  22.945  -51.231 0.1111111119
157465  -27.926  19.515  -49.643 0.1111111119
150455  -19.584  15.324  -49.313 0.4444444478
151640  -20.651  16.030  -49.473 0.4444444478
150456  -20.279  15.453  -49.571 0.4444444478
152792  -21.418  16.379  -49.939 0.3333333433
152794  -22.136  16.434  -50.730 0.4444444478
154001  -22.717  17.430  -52.165 0.4444444478
156305  -23.507  18.463  -52.203 0.4444444478
155142  -23.667  18.020  -51.821 0.4444444478
155143  -24.179  18.174  -51.099 0.4444444478
156288  -24.572  18.795  -50.866 0.4444444478
158720  -23.263  19.577  -52.806 0.3333333433
236171  -24.598  19.966  -51.275 0.3333333433
251948  -25.152  20.765  -50.826 0.1111111119
158708  -25.242  20.303  -50.685 0.1111111119
159887  -25.947  21.194  -50.508 0.1111111119
157463  -26.370  19.190  -49.707 0.2222222239
158696  -26.564  20.459  -49.992 0.1111111119
161065  -26.415  21.588  -50.662 0.1111111119
151639  -19.946  16.018  -49.073 0.2222222239
152793  -21.746  16.782  -50.174 0.3333333433
153980  -22.126  17.235  -51.259 0.3333333433
156320  -22.931  18.352  -52.644 0.3333333433
157485  -23.881  19.172  -51.811 0.4444444478
158734  -23.496  20.264  -52.658 0.2222222239
158721  -23.888  20.185  -52.090 0.2222222239
159895  -24.804  20.980  -51.251 0.2222222239
161078  -24.994  21.582  -51.205 0.1111111119
245155  -23.742  21.297  -52.450 0.1111111119
161088  -24.187  21.764  -52.122 0.1111111119
161079  -25.472  21.959  -51.032 0.1111111119
161101  -23.695  21.937  -52.510 0.1111111119
163271  -24.715  23.133  -51.918 0.1111111119
162191  -24.799  22.545  -51.677 0.1111111119
245397  -21.023  16.510  -49.472 0.3333333433
153965  -21.960  17.150  -50.541 0.3333333433
155107  -21.798  17.864  -50.027 0.3333333433
248798  -21.711  18.117  -51.017 0.3333333433
228343  -22.056  17.937  -52.690 0.3333333433
245188  -22.369  18.065  -52.747 0.3333333433
157515  -22.368  19.426  -53.379 0.2222222239
158733  -22.994  20.042  -53.295 0.2222222239
161100  -23.119  21.311  -52.968 0.1111111119
163287  -23.582  23.265  -52.615 0.1111111119
164383  -24.512  23.673  -52.248 0.1111111119
166669  -24.006  25.111  -53.087 0.1111111119
156264  -20.635  19.117  -48.058 0.1111111119
156269  -21.752  18.963  -49.561 0.1111111119
156287  -21.763  18.850  -50.717 0.2222222239
157469  -21.815  19.483  -50.889 0.2222222239
156304  -21.952  18.441  -52.281 0.3333333433
157500  -21.536  19.536  -52.280 0.2222222239
156318  -22.114  18.556  -52.785 0.3333333433
157514  -21.406  19.283  -53.358 0.3333333433
158731  -21.557  19.950  -53.377 0.2222222239
158744  -21.874  20.389  -53.467 0.1111111119
161118  -21.491  21.869  -53.726 0.1111111119
251712  -22.004  21.841  -53.683 0.1111111119
162217  -22.246  22.221  -53.705 0.1111111119
162205  -23.178  22.020  -52.891 0.1111111119
163297  -23.167  23.051  -53.017 0.1111111119
164414  -23.083  23.863  -53.285 0.1111111119
164401  -23.910  23.759  -52.565 0.1111111119
166648  -25.033  24.857  -52.670 0.1111111119
165498  -25.874  24.684  -52.347 0.1111111119
156266  -21.553  19.388  -49.031 0.1111111119
158687  -21.884  20.028  -49.361 0.1111111119
157460  -21.919  19.643  -50.111 0.1111111119
260409  -22.096  20.231  -49.855 0.1111111119
248357  -21.443  21.885  -51.396 0.1111111119
161087  -21.281  21.513  -52.038 0.1111111119
159917  -21.383  20.788  -52.767 0.2222222239
161099  -21.299  21.532  -52.685 0.1111111119
159916  -21.546  21.347  -53.032 0.1111111119
162215  -20.196  22.502  -54.402 0.1111111119
162238  -20.586  22.319  -54.925 0.1111111119
163319  -20.391  22.564  -55.036 0.1111111119
163308  -21.870  23.086  -54.252 0.1111111119
159878  -22.235  21.278  -49.348 0.1111111119
159870  -22.113  21.053  -48.703 0.1111111119
161052  -22.159  21.817  -49.569 0.1111111119
161063  -21.711  21.843  -50.844 0.1111111119
247513  -21.323  22.965  -51.107 0.1111111119
162189  -21.310  22.383  -51.734 0.1111111119
163270  -21.055  23.049  -51.755 0.1111111119
245192  -20.195  22.737  -53.370 0.1111111119
162157  -22.031  22.381  -49.052 0.1111111119
236569  -22.140  22.995  -48.549 0.1111111119
163242  -21.396  23.292  -49.764 0.1111111119
125156  -25.903  1.281  -48.521 0.1111111119
128937  -25.235  2.884  -48.618 0.1111111119
127737  -25.655  2.628  -49.679 0.1111111119
127738  -26.858  2.553  -49.531 0.1111111119
135306  -26.937  7.181  -48.650 0.1111111119
133962  -26.952  6.145  -49.393 0.1111111119
253823  -27.315  7.742  -48.512 0.1111111119
144466  -28.670  12.254  -48.478 0.1111111119
149251  -19.935  14.943  -49.666 0.4444444478
152797  -25.087  16.877  -49.525 0.4444444478
153968  -25.562  17.686  -49.567 0.3333333433
153952  -26.608  17.509  -48.873 0.2222222239
152786  -26.875  17.064  -48.611 0.1111111119
253199  -27.764  17.720  -48.812 0.1111111119
252591  -28.726  15.077  -48.880 0.1111111119
152809  -23.147  16.476  -50.941 0.4444444478
256827  -26.663  19.687  -49.757 0.2222222239
159896  -25.356  21.297  -50.802 0.1111111119
256941  -25.866  21.629  -50.774 0.1111111119
161066  -27.061  21.566  -50.562 0.1111111119
155151  -22.249  17.707  -52.547 0.3333333433
164384  -25.066  23.689  -52.013 0.1111111119
158705  -21.514  20.183  -51.906 0.2222222239
159925  -21.675  20.666  -53.285 0.1111111119
159886  -22.146  21.239  -50.062 0.1111111119
163269  -20.617  22.984  -52.431 0.1111111119
164427  -20.155  23.116  -54.829 0.1111111119
163258  -21.136  23.429  -50.393 0.1111111119
163243  -21.773  23.028  -49.164 0.1111111119
128939  -27.907  3.015  -48.081 0.1111111119
127731  -27.297  2.384  -48.759 0.1111111119
238345  -27.441  7.980  -47.901 0.2222222239
141845  -27.725  10.337  -47.276 0.2222222239
146910  -28.408  13.258  -48.013 0.1111111119
148102  -19.836  14.293  -49.558 0.4444444478
150466  -20.985  15.521  -49.805 0.4444444478
153995  -23.241  17.159  -51.616 0.4444444478
152817  -22.468  16.984  -51.412 0.4444444478
157486  -24.463  19.395  -51.220 0.4444444478
158722  -24.476  20.361  -51.541 0.2222222239
158681  -22.015  20.305  -48.610 0.1111111119
159860  -22.063  20.934  -47.992 0.1111111119
161033  -22.131  22.054  -48.332 0.1111111119
162165  -21.776  22.351  -50.348 0.1111111119
163248  -21.515  22.870  -50.423 0.1111111119
127725  -27.673  2.630  -47.696 0.1111111119
125145  -24.855  1.183  -47.362 0.1111111119
125150  -25.031  0.943  -47.954 0.1111111119
126479  -26.677  1.447  -48.291 0.1111111119
261018  -28.346  3.863  -47.768 0.1111111119
271059  -27.978  3.237  -47.488 0.1111111119
130132  -28.628  3.935  -48.931 0.1111111119
130136  -26.864  3.814  -50.424 0.1111111119
130142  -27.724  4.043  -50.606 0.1111111119
132596  -26.463  5.068  -50.599 0.1111111119
136683  -27.097  7.552  -49.536 0.1111111119
135319  -26.942  6.931  -49.350 0.1111111119
251959  -26.708  5.719  -50.015 0.1111111119
138006  -27.373  7.998  -49.704 0.1111111119
231511  -27.953  9.498  -50.155 0.1111111119
143148  -28.501  11.090  -49.602 0.1111111119
146914  -20.187  13.496  -49.672 0.4444444478
259181  -28.889  12.116  -49.376 0.1111111119
146911  -28.916  13.215  -48.873 0.1111111119
241892  -28.560  17.010  -49.043 0.1111111119
149259  -29.220  14.617  -49.466 0.1111111119
149250  -19.232  14.872  -49.349 0.4444444478
156282  -29.112  18.629  -49.943 0.1111111119
158690  -28.227  19.909  -50.060 0.1111111119
151627  -19.285  16.234  -48.512 0.2222222239
152782  -20.490  16.618  -49.093 0.3333333433
152783  -20.917  17.121  -49.188 0.2222222239
153949  -21.299  17.474  -49.363 0.2222222239
162180  -27.161  22.473  -51.005 0.1111111119
155088  -20.522  18.460  -48.189 0.1111111119
155093  -21.796  18.422  -49.623 0.2222222239
165480  -26.513  24.190  -51.895 0.1111111119
165499  -26.487  24.676  -52.189 0.1111111119
155081  -20.510  19.216  -47.365 0.1111111119
249664  -21.980  19.827  -48.223 0.1111111119
157449  -22.076  19.831  -47.566 0.1111111119
166671  -25.203  25.354  -52.840 0.1111111119
158661  -22.268  20.210  -47.138 0.1111111119
158662  -22.600  20.649  -46.845 0.1111111119
165535  -20.353  24.004  -55.062 0.1111111119
166684  -21.784  24.793  -54.509 0.1111111119
166686  -22.891  25.331  -53.701 0.1111111119
252134  -24.060  26.228  -53.246 0.1111111119
159861  -22.216  21.445  -47.586 0.1111111119
162149  -22.181  22.454  -48.483 0.1111111119
164381  -20.716  23.625  -51.838 0.1111111119
166666  -20.446  24.785  -53.482 0.1111111119
164366  -21.273  23.911  -49.822 0.1111111119
137973  -27.590  8.611  -47.833 0.1111111119
151632  -27.754  15.887  -48.278 0.1111111119
153966  -24.694  17.325  -50.314 0.4444444478
128938  -25.685  3.543  -48.196 0.1111111119
143129  -28.225  11.398  -48.085 0.2222222239
151650  -21.484  15.817  -50.002 0.4444444478
130127  -25.665  4.258  -49.031 0.1111111119
128952  -27.396  3.018  -49.599 0.1111111119
131341  -26.218  4.602  -50.418 0.1111111119
137985  -27.747  8.951  -48.361 0.1111111119
141879  -28.148  10.474  -48.746 0.1111111119
230575  -27.990  9.558  -49.377 0.1111111119
148108  -28.790  13.827  -48.818 0.1111111119
246006  -28.025  16.854  -48.755 0.1111111119
151646  -28.981  16.092  -49.137 0.1111111119
157470  -24.925  19.345  -50.655 0.2222222239
237701  -25.366  19.285  -50.242 0.2222222239
236083  -25.770  19.698  -50.174 0.1111111119
157456  -27.551  19.094  -49.322 0.2222222239
156271  -27.771  18.564  -49.090 0.1111111119
164385  -25.614  23.764  -51.860 0.1111111119
165496  -24.774  24.497  -52.546 0.1111111119
161080  -26.802  22.011  -50.844 0.1111111119
163259  -25.564  22.970  -51.294 0.1111111119
163274  -26.493  23.351  -51.502 0.1111111119
163261  -26.798  22.931  -51.208 0.1111111119
157467  -29.043  19.251  -50.057 0.1111111119
156281  -28.657  18.504  -49.506 0.1111111119
158689  -27.434  20.379  -50.100 0.2222222239
237407  -23.725  19.561  -52.131 0.3333333433
159879  -27.056  20.644  -50.124 0.2222222239
155124  -21.822  17.664  -51.600 0.3333333433
159908  -24.337  20.843  -51.865 0.2222222239
247949  -24.550  22.077  -51.820 0.1111111119
163288  -24.059  23.171  -52.298 0.1111111119
152784  -21.361  16.956  -49.654 0.3333333433
153964  -21.679  17.411  -49.848 0.3333333433
242025  -20.996  17.855  -48.751 0.1111111119
155141  -21.923  17.750  -52.322 0.3333333433
157526  -21.713  19.411  -53.724 0.2222222239
159918  -22.725  20.522  -53.403 0.1111111119
241551  -22.540  21.670  -53.346 0.1111111119
162218  -22.896  22.423  -53.190 0.1111111119
164415  -23.557  24.083  -52.933 0.1111111119
262626  -24.312  24.650  -52.762 0.1111111119
165513  -23.762  24.574  -53.007 0.1111111119
166670  -24.639  25.147  -52.933 0.1111111119
167850  -23.595  25.669  -53.386 0.1111111119
256432  -20.961  18.767  -48.557 0.1111111119
156265  -21.188  19.302  -48.482 0.1111111119
155089  -21.456  18.822  -49.033 0.1111111119
265069  -21.806  19.086  -50.004 0.1111111119
241443  -21.789  18.878  -51.430 0.3333333433
158706  -21.726  20.000  -51.234 0.1111111119
156328  -21.642  18.977  -53.456 0.3333333433
158732  -21.469  19.336  -53.618 0.2222222239
159926  -22.114  20.362  -53.618 0.1111111119
262581  -21.141  21.928  -53.712 0.1111111119
163309  -21.752  22.501  -54.166 0.1111111119
163296  -22.544  22.884  -53.651 0.1111111119
166667  -22.851  24.699  -53.655 0.1111111119
165511  -22.688  24.131  -53.665 0.1111111119
157451  -21.633  19.612  -48.569 0.1111111119
233159  -22.174  20.688  -49.948 0.1111111119
157448  -21.705  19.597  -48.005 0.1111111119
158693  -22.054  20.145  -50.415 0.1111111119
159894  -22.106  20.670  -50.604 0.1111111119
161077  -21.969  21.251  -50.744 0.1111111119
162204  -21.098  22.036  -52.481 0.1111111119
159893  -21.770  20.699  -51.297 0.1111111119
159906  -21.426  20.737  -52.034 0.1111111119
163286  -20.603  22.331  -52.955 0.1111111119
162216  -20.511  22.199  -53.807 0.1111111119
163307  -20.297  22.512  -54.972 0.1111111119
164412  -20.120  22.988  -53.899 0.1111111119
163320  -21.094  22.606  -54.718 0.1111111119
165523  -21.334  24.162  -54.576 0.1111111119
164429  -21.998  23.788  -54.213 0.1111111119
245465  -22.139  21.573  -48.744 0.1111111119
161043  -22.138  21.913  -48.947 0.1111111119
162166  -21.953  22.344  -49.717 0.1111111119
243592  -20.981  23.556  -51.118 0.1111111119
164399  -20.391  23.528  -52.605 0.1111111119
165510  -20.246  23.962  -54.010 0.1111111119
125152  -26.247  0.858  -48.158 0.1111111119
128945  -27.723  2.899  -48.886 0.1111111119
137984  -27.559  8.337  -48.449 0.1111111119
153955  -28.239  17.497  -48.953 0.1111111119
159890  -27.892  21.058  -50.431 0.1111111119
161082  -28.089  21.899  -50.785 0.1111111119
165522  -20.234  23.882  -54.960 0.1111111119
165466  -21.133  24.657  -50.726 0.1111111119
130128  -28.517  3.863  -48.348 0.1111111119
159851  -22.274  20.817  -47.405 0.1111111119
237970  -27.759  9.079  -49.341 0.1111111119
256606  -28.157  10.234  -49.799 0.1111111119
153969  -28.831  17.413  -49.365 0.1111111119
159891  -28.335  20.893  -50.430 0.1111111119
163262  -27.482  22.951  -51.268 0.1111111119
264724  -21.262  18.377  -48.900 0.1111111119
153934  -20.060  18.036  -47.840 0.1111111119
164387  -26.892  23.803  -51.652 0.1111111119
156260  -21.011  19.398  -47.739 0.1111111119
166699  -20.681  24.599  -55.081 0.1111111119
166685  -22.459  24.921  -54.022 0.1111111119
165493  -20.470  24.176  -52.931 0.1111111119
166683  -19.883  24.600  -54.846 0.1111111119
98646  -14.614  -12.432  -33.597 0.2222222239
122426  -14.949  0.079  -39.838 0.2222222239
123705  -14.928  0.855  -40.450 0.2222222239
117151  -14.490  -2.713  -38.394 0.3333333433
119799  -15.086  -1.043  -39.420 0.3333333433
122450  -15.524  0.169  -40.819 0.3333333433
236707  -17.997  14.005  -48.533 0.2222222239
150445  -17.967  15.402  -48.377 0.1111111119
151626  -18.576  15.781  -48.427 0.1111111119
150446  -18.778  15.280  -48.886 0.2222222239
143070  -15.114  11.288  -46.705 0.2222222239
140564  -14.444  10.604  -44.941 0.1111111119
119780  -15.013  -1.608  -39.160 0.2222222239
141799  -14.488  11.327  -45.051 0.1111111119
144432  -16.369  12.385  -47.318 0.1111111119
264928  -17.261  11.545  -46.713 0.1111111119
146892  -17.567  14.010  -48.062 0.1111111119
149233  -17.544  14.990  -47.961 0.1111111119
151625  -17.796  15.901  -47.969 0.1111111119
152766  -18.530  16.350  -48.025 0.1111111119
146902  -17.943  13.603  -48.445 0.2222222239
259023  -16.547  13.092  -47.602 0.1111111119
251689  -14.846  -1.733  -38.802 0.2222222239
130011  -15.425  4.125  -42.569 0.2222222239
146891  -17.140  13.679  -47.917 0.1111111119
128814  -15.543  3.733  -41.386 0.1111111119
131208  -15.327  4.733  -42.695 0.3333333433
148089  -18.568  14.190  -48.829 0.3333333433
149240  -18.341  14.842  -48.762 0.3333333433
144433  -16.711  12.684  -46.808 0.1111111119
148088  -17.694  14.473  -48.120 0.1111111119
145694  -17.617  13.541  -46.622 0.1111111119
146881  -17.817  13.964  -46.858 0.1111111119
269722  -17.463  14.456  -48.190 0.1111111119
145693  -16.846  13.369  -46.714 0.1111111119
118549  -25.224  -2.817  -42.826 0.1111111119
98635  -14.731  -13.003  -33.399 0.1111111119
98647  -15.150  -12.633  -33.758 0.1111111119
95850  -16.805  -14.143  -33.159 0.1111111119
99835  -12.260  -11.752  -32.878 0.1111111119
99843  -13.436  -11.604  -33.297 0.1111111119
100942  -13.173  -11.040  -33.558 0.1111111119
102120  -12.641  -10.082  -34.342 0.1111111119
103338  -12.701  -9.730  -34.407 0.1111111119
102121  -13.045  -10.038  -34.590 0.1111111119
117113  -13.770  -2.330  -36.734 0.1111111119
123681  -14.796  1.071  -39.308 0.1111111119
122449  -14.830  0.667  -39.817 0.1111111119
121119  -14.979  -0.718  -39.454 0.1111111119
135191  -14.692  7.280  -42.969 0.2222222239
136556  -14.755  7.740  -44.022 0.2222222239
136536  -14.275  7.888  -42.877 0.2222222239
136518  -14.307  8.286  -42.715 0.2222222239
100931  -12.765  -11.385  -33.198 0.1111111119
125005  -14.812  1.361  -40.480 0.1111111119
249837  -15.222  1.042  -41.062 0.1111111119
98632  -12.398  -12.300  -32.692 0.1111111119
268517  -14.657  -13.310  -33.082 0.1111111119
97322  -15.079  -13.468  -33.132 0.1111111119
95869  -16.733  -13.770  -33.519 0.1111111119
256655  -11.783  -11.374  -32.617 0.1111111119
100940  -11.915  -10.434  -33.157 0.1111111119
102111  -12.196  -10.128  -33.721 0.1111111119
103331  -12.248  -9.688  -34.021 0.1111111119
104666  -12.411  -9.254  -34.070 0.1111111119
241252  -12.684  -8.682  -34.005 0.1111111119
105975  -13.256  -7.976  -34.618 0.1111111119
107316  -13.334  -7.284  -35.144 0.1111111119
115772  -13.782  -3.127  -36.896 0.1111111119
233363  -13.839  -1.420  -37.231 0.1111111119
119779  -15.068  -1.247  -39.059 0.1111111119
123663  -15.017  1.191  -39.000 0.1111111119
135170  -14.970  6.816  -42.597 0.2222222239
233851  -14.856  9.116  -42.974 0.2222222239
140536  -14.161  10.346  -43.404 0.1111111119
97324  -17.732  -13.737  -33.238 0.1111111119
95847  -14.639  -13.647  -32.763 0.1111111119
139237  -14.200  9.730  -43.288 0.2222222239
140548  -14.117  10.194  -44.007 0.1111111119
118453  -14.667  -2.192  -38.555 0.1111111119
133791  -14.942  6.148  -42.155 0.2222222239
125027  -15.356  1.375  -41.345 0.1111111119
115792  -13.708  -2.908  -37.243 0.1111111119
107315  -12.879  -7.238  -34.775 0.1111111119
110499  -13.547  -6.449  -35.874 0.1111111119
115755  -13.728  -3.437  -36.397 0.1111111119
260854  -12.998  -8.486  -34.292 0.1111111119
100943  -13.876  -11.275  -33.669 0.1111111119
102112  -12.830  -10.526  -33.891 0.1111111119
99844  -13.950  -11.802  -33.413 0.1111111119
97340  -15.501  -13.156  -33.542 0.1111111119
117132  -13.585  -2.091  -37.016 0.1111111119
99837  -13.728  -12.165  -33.076 0.1111111119
232106  -13.810  -12.715  -32.915 0.1111111119
98633  -13.230  -12.486  -32.724 0.1111111119
100930  -12.152  -11.069  -32.968 0.1111111119
100941  -12.513  -10.741  -33.383 0.1111111119
239462  -14.163  -2.598  -36.671 0.1111111119
136520  -15.275  7.580  -42.627 0.1111111119
102110  -11.805  -9.992  -33.267 0.1111111119
104653  -12.108  -9.299  -33.589 0.1111111119
115773  -13.940  -2.870  -36.491 0.1111111119
139249  -15.237  9.691  -43.297 0.1111111119
140538  -15.495  10.192  -43.553 0.1111111119
143071  -15.215  11.345  -46.842 0.1111111119
132436  -14.940  5.842  -41.725 0.1111111119
143061  -14.998  12.450  -44.867 0.1111111119
143072  -15.324  11.571  -47.209 0.1111111119
143092  -16.040  11.893  -47.466 0.1111111119
95818  -20.343  -14.168  -31.795 0.1111111119
95849  -16.254  -14.017  -33.258 0.1111111119
95853  -18.651  -13.651  -32.661 0.1111111119
95868  -16.171  -13.491  -33.518 0.1111111119
95870  -17.174  -13.902  -33.382 0.1111111119
97310  -20.427  -13.388  -32.284 0.1111111119
97323  -15.690  -13.719  -33.188 0.1111111119
97325  -18.933  -13.233  -32.908 0.2222222239
97341  -16.654  -13.319  -33.832 0.3333333433
97342  -17.252  -13.539  -33.791 0.3333333433
97357  -17.524  -13.159  -34.221 0.3333333433
97358  -17.977  -13.058  -34.203 0.2222222239
98620  -20.678  -12.869  -32.472 0.1111111119
98634  -14.213  -12.642  -33.262 0.1111111119
98636  -19.191  -12.786  -33.129 0.1111111119
98645  -14.196  -12.181  -33.408 0.1111111119
98648  -16.128  -12.992  -33.805 0.3333333433
98650  -18.431  -12.975  -33.833 0.2222222239
98652  -19.485  -12.332  -33.461 0.1111111119
98663  -15.488  -12.373  -34.167 0.3333333433
98665  -16.714  -12.716  -34.453 0.3333333433
98667  -18.262  -12.739  -34.405 0.2222222239
98668  -18.770  -12.558  -34.165 0.2222222239
98680  -16.930  -12.492  -34.917 0.3333333433
99836  -12.976  -11.964  -32.977 0.1111111119
99845  -14.446  -11.813  -33.690 0.1111111119
99847  -19.529  -12.025  -34.046 0.2222222239
99848  -19.933  -11.902  -33.638 0.1111111119
99853  -15.360  -11.907  -34.348 0.3333333433
99854  -15.849  -12.151  -34.585 0.3333333433
99864  -15.706  -11.635  -34.752 0.3333333433
99866  -16.635  -12.091  -35.221 0.3333333433
99867  -17.183  -12.222  -35.325 0.3333333433
99886  -16.888  -11.834  -35.639 0.3333333433
99887  -17.450  -11.953  -35.743 0.3333333433
100945  -20.425  -11.521  -33.797 0.1111111119
100951  -14.079  -10.830  -34.091 0.3333333433
100954  -20.021  -11.440  -34.715 0.1111111119
100961  -15.052  -10.755  -34.644 0.3333333433
100966  -20.159  -11.206  -35.125 0.1111111119
100983  -18.446  -11.777  -36.264 0.3333333433
100984  -19.093  -11.531  -36.034 0.3333333433
101005  -18.793  -11.405  -36.621 0.3333333433
101020  -19.105  -10.974  -36.967 0.3333333433
102132  -15.340  -10.553  -35.132 0.3333333433
102133  -15.793  -10.830  -35.362 0.3333333433
102134  -20.518  -10.859  -35.297 0.1111111119
102144  -15.570  -10.369  -35.607 0.3333333433
102146  -16.409  -10.838  -36.113 0.3333333433
102147  -19.954  -10.954  -36.143 0.3333333433
102164  -16.689  -10.359  -36.460 0.3333333433
102166  -18.013  -10.853  -36.952 0.3333333433
102168  -20.304  -10.572  -36.444 0.3333333433
102187  -18.456  -10.581  -37.259 0.3333333433
102188  -18.988  -10.616  -37.348 0.3333333433
102189  -19.526  -10.589  -37.241 0.3333333433
102201  -19.910  -10.297  -37.546 0.3333333433
103340  -13.832  -9.937  -34.597 0.3333333433
103348  -14.707  -9.809  -35.167 0.3333333433
103360  -15.038  -9.554  -35.616 0.3333333433
103362  -15.861  -9.782  -36.120 0.3333333433
103375  -17.443  -9.910  -37.114 0.3333333433
103377  -21.050  -9.989  -36.417 0.1111111119
103392  -17.865  -9.683  -37.369 0.3333333433
103393  -18.749  -10.191  -37.594 0.3333333433
103394  -20.400  -10.227  -37.377 0.3333333433
103411  -19.058  -9.840  -37.950 0.3333333433
103414  -20.780  -9.933  -37.478 0.3333333433
103425  -19.215  -9.482  -38.401 0.3333333433
103427  -20.049  -9.684  -38.210 0.3333333433
104704  -15.413  -8.843  -36.215 0.3333333433
104706  -16.369  -9.229  -36.881 0.3333333433
104733  -17.142  -8.805  -37.563 0.3333333433
104734  -18.199  -9.041  -38.198 0.4444444478
104752  -18.558  -8.932  -38.766 0.4444444478
104755  -20.336  -9.260  -38.489 0.4444444478
104767  -19.502  -8.957  -39.103 0.4444444478
106005  -15.682  -8.606  -36.634 0.3333333433
106019  -16.325  -8.187  -37.356 0.3333333433
106031  -17.244  -8.279  -37.942 0.4444444478
106048  -17.621  -8.191  -38.413 0.4444444478
106067  -18.447  -8.377  -39.007 0.4444444478
106069  -19.986  -8.642  -39.202 0.4444444478
106071  -21.472  -8.109  -38.888 0.3333333433
106083  -20.054  -8.068  -39.501 0.4444444478
107334  -14.381  -7.911  -35.817 0.3333333433
107355  -15.203  -7.863  -36.733 0.3333333433
107372  -15.592  -7.850  -37.098 0.3333333433
107374  -16.488  -7.845  -37.661 0.4444444478
107376  -23.281  -7.844  -37.269 0.1111111119
107390  -17.275  -7.903  -38.262 0.4444444478
107405  -17.490  -7.732  -38.681 0.4444444478
107407  -21.974  -7.938  -38.701 0.3333333433
107408  -22.495  -7.799  -38.545 0.2222222239
107422  -17.733  -7.520  -39.081 0.4444444478
107427  -21.726  -7.676  -39.148 0.2222222239
107429  -22.831  -7.447  -38.878 0.1111111119
107441  -19.257  -7.472  -39.692 0.4444444478
107443  -20.406  -7.661  -39.972 0.4444444478
109001  -23.397  -7.295  -38.722 0.1111111119
109002  -23.947  -7.107  -38.532 0.1111111119
109014  -16.948  -6.944  -38.779 0.4444444478
109016  -18.055  -7.180  -39.439 0.4444444478
109018  -21.975  -7.250  -39.394 0.2222222239
109030  -18.459  -6.800  -39.778 0.4444444478
109032  -19.552  -7.045  -40.136 0.4444444478
109035  -21.301  -7.118  -40.181 0.4444444478
109037  -22.798  -6.736  -39.676 0.2222222239
109052  -20.404  -6.973  -40.592 0.4444444478
109054  -21.443  -6.680  -40.491 0.4444444478
110585  -17.501  -6.378  -39.508 0.4444444478
110588  -24.488  -6.090  -39.427 0.1111111119
110597  -17.802  -6.073  -39.841 0.4444444478
110599  -18.898  -6.447  -40.132 0.4444444478
110603  -22.968  -6.256  -40.052 0.2222222239
110605  -24.437  -5.812  -39.889 0.1111111119
110617  -19.112  -5.983  -40.521 0.4444444478
110618  -19.701  -6.211  -40.623 0.4444444478
110619  -20.393  -6.426  -40.717 0.4444444478
110622  -22.514  -6.087  -40.366 0.2222222239
111940  -15.796  -6.006  -38.256 0.5555555820
111961  -15.980  -5.701  -38.704 0.5555555820
111975  -16.748  -5.684  -39.344 0.4444444478
111985  -17.070  -5.332  -39.740 0.4444444478
111988  -18.670  -5.970  -40.283 0.4444444478
111990  -24.094  -5.790  -40.202 0.1111111119
112001  -18.368  -5.199  -40.345 0.4444444478
112005  -21.222  -5.740  -40.830 0.3333333433
112006  -21.679  -5.780  -40.803 0.3333333433
112007  -22.303  -5.706  -40.684 0.3333333433
112022  -19.822  -5.096  -40.658 0.4444444478
112024  -20.971  -5.383  -40.764 0.3333333433
113254  -17.932  -5.098  -40.218 0.5555555820
113268  -18.146  -4.776  -40.505 0.6666666865
113272  -23.304  -5.243  -40.793 0.2222222239
113273  -23.864  -5.124  -41.060 0.1111111119
113275  -25.148  -4.637  -40.594 0.1111111119
113292  -20.248  -4.573  -40.877 0.5555555820
114532  -15.943  -4.325  -39.322 0.6666666865
114557  -17.844  -4.330  -40.786 0.6666666865
114575  -18.152  -4.008  -41.139 0.8888888955
114577  -19.755  -4.096  -41.241 0.7777777910
114578  -20.342  -3.961  -41.274 0.6666666865
114581  -22.469  -4.240  -41.382 0.2222222239
114583  -24.160  -4.600  -42.043 0.1111111119
115849  -16.465  -3.920  -40.164 0.7777777910
115860  -16.815  -3.782  -40.619 0.8888888955
115877  -17.950  -3.588  -41.418 0.8888888955
115879  -19.364  -3.760  -41.600 0.8888888955
115883  -22.109  -3.672  -41.413 0.3333333433
115897  -18.175  -3.297  -41.785 0.8888888955
115900  -20.081  -3.123  -41.919 0.7777777910
115902  -25.058  -3.798  -42.120 0.1111111119
117224  -17.509  -2.904  -41.643 0.8888888955
117227  -21.728  -3.103  -41.533 0.4444444478
117244  -17.876  -2.908  -41.959 1.0000000000
117247  -19.683  -2.842  -42.220 1.0000000000
117248  -20.672  -2.810  -41.721 0.7777777910
117253  -24.412  -3.296  -42.866 0.1111111119
118513  -16.457  -2.409  -40.775 1.0000000000
118514  -16.874  -2.511  -41.074 1.0000000000
118538  -17.750  -1.834  -42.244 1.0000000000
118540  -18.738  -2.552  -42.332 1.0000000000
118543  -21.256  -2.201  -42.138 0.6666666865
118547  -23.927  -2.076  -42.711 0.4444444478
118553  -18.715  -2.070  -42.629 1.0000000000
118554  -19.838  -1.865  -42.592 1.0000000000
119837  -16.997  -1.369  -41.786 1.0000000000
119839  -21.092  -1.913  -42.355 0.6666666865
119852  -17.768  -1.326  -42.566 1.0000000000
119857  -20.814  -1.485  -42.614 0.8888888955
119861  -24.709  -2.288  -43.619 0.2222222239
119873  -19.534  -1.209  -43.216 1.0000000000
121166  -16.284  -0.887  -41.386 1.0000000000
121167  -16.723  -1.026  -41.702 1.0000000000
121181  -22.379  -1.049  -42.136 0.6666666865
121183  -23.537  -1.069  -42.525 0.4444444478
121195  -17.673  -0.785  -42.908 1.0000000000
121196  -18.626  -1.060  -43.256 1.0000000000
121197  -20.568  -1.024  -42.856 1.0000000000
121199  -21.658  -0.290  -42.497 0.8888888955
121212  -18.534  -0.461  -43.378 1.0000000000
121215  -20.356  -0.637  -43.228 1.0000000000
121217  -24.715  -1.826  -44.320 0.1111111119
122484  -16.621  -0.015  -42.193 1.0000000000
122486  -22.557  -0.376  -42.221 0.6666666865
122499  -16.955  -0.091  -42.610 1.0000000000
122502  -22.351  0.217  -42.551 0.5555555820
122503  -23.290  -0.445  -42.548 0.5555555820
122515  -18.341  0.044  -43.637 1.0000000000
122518  -20.132  -0.235  -43.612 1.0000000000
122527  -18.883  0.244  -44.004 1.0000000000
122529  -19.861  0.159  -43.993 1.0000000000
123704  -14.733  1.229  -39.832 0.1111111119
123754  -16.365  0.524  -42.129 0.8888888955
123766  -16.273  1.107  -42.234 0.7777777910
123769  -21.425  0.513  -43.162 0.8888888955
123771  -22.146  0.812  -42.658 0.6666666865
123772  -23.321  0.770  -43.047 0.5555555820
123773  -23.831  0.277  -43.237 0.5555555820
123787  -17.385  0.753  -43.479 1.0000000000
123788  -17.899  0.475  -43.763 1.0000000000
123791  -21.234  1.100  -43.425 0.7777777910
123792  -23.724  0.887  -43.294 0.5555555820
123809  -19.426  0.464  -44.381 1.0000000000
123812  -24.929  0.629  -44.163 0.3333333433
123820  -19.194  0.908  -44.834 1.0000000000
123821  -19.676  0.881  -44.748 1.0000000000
123822  -20.012  1.105  -44.817 1.0000000000
123823  -25.114  0.340  -44.818 0.3333333433
123824  -25.065  0.664  -45.500 0.2222222239
123847  -25.249  0.418  -47.773 0.1111111119
123848  -25.832  0.482  -47.927 0.1111111119
125004  -14.741  1.756  -39.863 0.1111111119
125070  -16.628  1.374  -43.020 0.8888888955
125071  -22.008  1.294  -42.774 0.6666666865
125074  -23.440  1.312  -43.152 0.5555555820
125084  -16.830  1.533  -43.337 0.8888888955
125088  -24.423  1.412  -43.594 0.4444444478
125103  -18.212  1.485  -44.569 1.0000000000
125106  -20.881  1.491  -44.025 1.0000000000
125121  -19.046  1.295  -45.105 1.0000000000
125123  -20.149  1.564  -45.029 1.0000000000
125124  -25.219  1.288  -44.844 0.4444444478
125133  -24.875  1.088  -46.158 0.2222222239
125151  -25.605  0.803  -48.228 0.1111111119
126398  -22.741  1.805  -42.920 0.6666666865
126399  -23.613  1.831  -43.197 0.5555555820
126411  -17.421  1.960  -44.028 0.8888888955
126414  -22.489  2.372  -43.205 0.7777777910
126416  -24.130  1.896  -43.385 0.5555555820
126418  -24.965  1.928  -44.063 0.4444444478
126429  -17.200  2.493  -43.977 0.8888888955
126431  -18.194  1.968  -44.776 1.0000000000
126432  -20.608  1.822  -44.603 1.0000000000
126446  -18.544  2.188  -45.281 0.8888888955
126448  -19.766  1.960  -45.507 1.0000000000
126450  -20.793  2.425  -44.663 1.0000000000
126451  -25.350  1.906  -44.917 0.4444444478
126462  -25.171  1.884  -46.265 0.2222222239
126478  -25.287  1.433  -48.365 0.1111111119
126484  -25.550  1.896  -48.769 0.1111111119
126486  -27.065  1.962  -48.418 0.1111111119
127661  -16.185  3.060  -43.148 0.7777777910
127663  -21.455  2.434  -43.714 1.0000000000
127665  -22.421  3.052  -43.438 0.7777777910
127667  -24.043  2.848  -43.478 0.7777777910
127669  -24.788  2.581  -43.959 0.6666666865
127681  -17.363  2.904  -44.335 0.8888888955
127682  -21.147  2.761  -44.120 0.8888888955
127694  -17.703  2.810  -44.819 0.8888888955
127695  -18.133  2.738  -45.240 0.8888888955
127696  -20.494  2.812  -45.104 1.0000000000
127704  -19.114  2.908  -45.769 0.8888888955
127706  -20.026  3.003  -45.481 1.0000000000
127707  -25.614  2.615  -45.673 0.4444444478
127724  -25.312  2.182  -48.434 0.1111111119
127730  -26.364  2.170  -49.300 0.1111111119
127736  -25.517  2.328  -49.236 0.1111111119
128838  -15.545  3.523  -42.336 0.1111111119
128859  -21.958  3.222  -43.546 0.8888888955
128861  -22.897  3.500  -43.580 0.8888888955
128862  -23.741  3.253  -43.471 0.7777777910
128863  -24.177  3.474  -43.506 0.6666666865
128864  -24.708  3.662  -43.674 0.7777777910
128876  -16.158  3.787  -43.705 0.5555555820
128880  -21.766  3.586  -43.794 0.8888888955
128883  -25.302  3.491  -44.267 0.6666666865
128894  -17.377  3.326  -44.822 0.8888888955
128897  -20.774  3.518  -44.774 1.0000000000
128908  -18.150  3.161  -45.585 0.8888888955
128910  -19.540  3.297  -45.723 1.0000000000
128912  -25.818  3.351  -45.335 0.5555555820
128921  -19.283  3.790  -45.981 0.8888888955
128922  -19.711  3.822  -45.786 1.0000000000
128943  -24.918  3.011  -49.329 0.1111111119
128946  -28.155  3.435  -48.251 0.1111111119
128951  -25.056  3.288  -49.627 0.1111111119
128953  -28.170  3.383  -49.014 0.1111111119
128957  -26.949  3.355  -50.004 0.1111111119
128958  -27.747  3.316  -49.852 0.1111111119
129987  -15.034  4.957  -41.626 0.3333333433
130036  -22.640  3.922  -43.765 0.7777777910
130037  -22.951  4.202  -43.722 0.8888888955
130038  -23.522  3.873  -43.606 0.7777777910
130055  -21.169  3.915  -44.474 1.0000000000
130056  -21.609  4.006  -44.172 0.8888888955
130058  -22.883  4.789  -43.890 0.8888888955
130059  -25.289  4.352  -44.133 0.6666666865
130070  -17.208  3.952  -44.984 0.7777777910
130071  -20.423  3.897  -45.163 1.0000000000
130073  -21.420  4.385  -44.566 0.8888888955
130074  -25.690  4.403  -44.545 0.5555555820
130086  -17.090  4.548  -45.174 0.7777777910
130091  -26.001  4.441  -45.051 0.5555555820
130101  -18.356  4.193  -46.108 1.0000000000
130103  -19.188  4.229  -46.353 1.0000000000
130104  -19.679  4.205  -46.179 1.0000000000
130115  -26.199  4.194  -46.897 0.3333333433
130131  -25.591  3.903  -49.646 0.1111111119
130135  -26.286  3.754  -50.021 0.1111111119
131226  -15.398  4.891  -42.990 0.4444444478
131235  -24.478  4.745  -43.719 0.6666666865
131249  -24.096  5.269  -43.709 0.7777777910
131251  -25.003  4.821  -43.962 0.6666666865
131265  -16.656  4.945  -44.966 0.6666666865
131266  -21.133  4.701  -44.977 0.8888888955
131268  -25.887  4.907  -44.688 0.6666666865
131281  -18.004  4.594  -46.041 0.8888888955
131283  -20.853  4.973  -45.419 0.8888888955
131285  -26.207  4.957  -45.122 0.5555555820
131295  -18.428  4.732  -46.439 1.0000000000
131296  -19.034  4.644  -46.671 1.0000000000
131298  -20.104  4.714  -46.294 1.0000000000
131299  -26.358  4.848  -46.401 0.4444444478
131308  -18.753  5.092  -46.899 1.0000000000
131310  -19.813  5.120  -46.819 1.0000000000
131327  -26.067  4.528  -48.368 0.2222222239
131333  -25.844  4.595  -49.447 0.1111111119
131334  -26.154  5.164  -49.310 0.1111111119
131348  -26.947  4.466  -50.804 0.1111111119
131349  -27.981  4.428  -50.800 0.1111111119
132435  -14.880  5.824  -42.047 0.3333333433
132488  -15.992  5.504  -44.367 0.6666666865
132494  -22.782  5.383  -44.250 0.7777777910
132498  -24.847  5.782  -44.124 0.7777777910
132508  -16.305  5.393  -44.873 0.6666666865
132510  -21.869  5.487  -44.947 0.8888888955
132511  -22.421  5.685  -44.805 0.7777777910
132513  -25.324  5.837  -44.376 0.6666666865
132528  -16.779  5.597  -45.645 0.7777777910
132530  -20.502  5.215  -45.850 0.8888888955
132532  -21.529  5.783  -45.391 0.8888888955
132533  -26.289  5.546  -45.331 0.5555555820
132548  -17.491  5.640  -46.402 0.8888888955
132562  -17.742  5.971  -46.915 0.8888888955
132563  -18.346  5.603  -47.050 1.0000000000
132566  -20.068  5.694  -46.919 1.0000000000
132567  -26.619  5.407  -47.202 0.4444444478
132577  -26.693  5.474  -47.826 0.1111111119
132586  -26.442  5.055  -48.225 0.1111111119
133829  -14.982  6.317  -42.723 0.2222222239
133853  -23.371  5.814  -44.396 0.7777777910
133855  -24.501  6.199  -44.295 0.7777777910
133863  -15.535  6.625  -44.386 0.4444444478
133864  -15.947  6.349  -44.942 0.5555555820
133872  -23.146  6.299  -44.821 0.8888888955
133874  -25.343  6.367  -44.560 0.7777777910
133884  -16.229  6.331  -45.464 0.7777777910
133885  -16.613  6.138  -45.752 0.8888888955
133886  -21.120  6.077  -45.805 0.8888888955
133889  -26.110  6.168  -45.267 0.6666666865
133904  -16.834  6.489  -46.293 0.7777777910
133906  -20.423  5.877  -46.525 1.0000000000
133907  -20.787  6.223  -46.342 0.8888888955
133924  -19.849  6.069  -47.315 1.0000000000
133936  -18.369  6.421  -47.631 1.0000000000
133938  -19.513  6.475  -47.608 1.0000000000
133941  -26.907  6.018  -48.025 0.2222222239
133952  -26.897  6.077  -48.713 0.1111111119
133967  -26.932  6.253  -50.096 0.1111111119
135171  -15.080  7.063  -42.559 0.2222222239
135209  -14.871  7.428  -43.890 0.2222222239
135215  -24.178  6.742  -44.476 0.7777777910
135232  -22.721  6.768  -45.087 0.7777777910
135233  -23.229  6.890  -44.892 0.7777777910
135234  -23.689  7.116  -44.682 0.7777777910
135235  -24.638  7.187  -44.536 0.7777777910
135236  -25.246  6.943  -44.654 0.7777777910
135246  -16.092  7.049  -45.791 0.6666666865
135252  -22.347  7.314  -45.431 0.8888888955
135253  -26.208  6.644  -45.444 0.5555555820
135254  -26.428  6.701  -45.916 0.5555555820
135264  -16.869  7.097  -46.768 0.7777777910
135265  -21.034  7.123  -46.598 0.8888888955
135266  -26.632  6.565  -46.877 0.3333333433
135277  -20.176  7.250  -47.336 0.8888888955
135278  -20.548  6.877  -46.986 1.0000000000
135279  -26.970  7.088  -47.115 0.4444444478
135292  -17.825  7.372  -47.634 0.7777777910
135293  -18.065  6.899  -47.663 1.0000000000
135328  -27.019  7.037  -49.933 0.1111111119
136519  -14.722  7.622  -42.742 0.1111111119
136535  -14.135  8.395  -42.890 0.2222222239
136557  -14.950  7.433  -44.098 0.2222222239
136574  -14.875  7.806  -44.421 0.4444444478
136581  -22.878  7.370  -45.068 0.7777777910
136584  -24.430  7.755  -44.755 0.7777777910
136585  -25.153  7.605  -44.806 0.6666666865
136586  -25.749  7.640  -45.084 0.5555555820
136602  -21.976  7.633  -45.929 0.8888888955
136604  -22.736  7.821  -45.460 0.7777777910
136606  -26.499  7.626  -45.781 0.5555555820
136615  -21.294  7.699  -46.688 0.8888888955
136626  -16.741  7.646  -46.869 0.7777777910
136627  -17.074  7.505  -47.143 0.7777777910
136640  -19.097  7.479  -48.025 0.8888888955
136642  -27.306  7.606  -47.341 0.2222222239
136669  -27.084  7.518  -49.026 0.1111111119
137867  -14.237  8.913  -42.976 0.2222222239
137868  -14.611  8.490  -42.631 0.2222222239
137884  -15.666  9.088  -43.373 0.1111111119
137898  -14.751  8.113  -44.346 0.4444444478
137906  -24.155  8.272  -45.058 0.7777777910
137907  -24.792  8.229  -44.979 0.7777777910
137917  -15.255  8.288  -45.292 0.5555555820
137918  -15.598  7.997  -45.726 0.5555555820
137925  -22.598  8.251  -45.795 0.8888888955
137926  -23.067  8.257  -45.544 0.8888888955
137927  -23.900  8.753  -45.469 0.8888888955
137928  -24.512  8.699  -45.295 0.7777777910
137931  -26.216  8.501  -45.608 0.6666666865
137936  -15.391  8.702  -45.741 0.7777777910
137941  -21.857  8.372  -46.442 0.8888888955
137942  -22.143  8.199  -46.095 0.8888888955
137943  -26.601  8.650  -46.016 0.5555555820
137944  -26.903  8.773  -46.419 0.5555555820
137951  -16.057  8.531  -46.511 0.6666666865
137966  -17.346  8.328  -47.758 0.7777777910
137967  -17.903  8.391  -48.039 0.7777777910
137968  -18.452  7.984  -48.030 0.7777777910
137970  -20.072  8.327  -47.657 0.8888888955
137971  -20.607  8.617  -47.430 0.7777777910
137972  -27.407  8.293  -47.350 0.1111111119
137982  -18.510  8.645  -48.295 0.7777777910
137995  -27.444  8.051  -49.118 0.1111111119
137996  -27.630  8.731  -48.967 0.1111111119
138007  -27.552  8.587  -49.609 0.1111111119
139238  -14.357  9.797  -43.120 0.1111111119
139260  -14.202  9.637  -43.770 0.2222222239
139275  -14.614  9.683  -44.751 0.3333333433
139281  -22.895  8.753  -45.828 0.8888888955
139282  -23.394  9.087  -45.697 0.8888888955
139283  -23.910  9.348  -45.654 0.6666666865
139285  -24.829  9.106  -45.455 0.7777777910
139287  -26.302  9.054  -45.827 0.5555555820
139296  -15.286  9.457  -45.980 0.6666666865
139301  -22.537  9.015  -46.253 0.8888888955
139304  -27.078  9.385  -46.434 0.5555555820
139315  -16.500  9.438  -47.130 0.6666666865
139319  -27.358  9.314  -46.823 0.5555555820
139333  -20.152  9.004  -47.880 0.7777777910
139334  -21.415  9.409  -47.449 0.7777777910
139335  -27.467  8.916  -47.238 0.1111111119
139336  -27.707  9.241  -47.743 0.2222222239
139347  -18.325  9.235  -48.300 0.7777777910
139349  -19.373  9.290  -48.466 0.7777777910
139351  -27.876  9.563  -48.286 0.1111111119
139363  -27.877  9.280  -48.873 0.1111111119
139372  -27.845  9.206  -49.860 0.1111111119
139384  -27.799  9.208  -50.399 0.1111111119
140535  -14.047  10.235  -43.531 0.1111111119
140537  -14.615  10.397  -43.323 0.1111111119
140549  -14.206  10.534  -44.287 0.1111111119
140550  -15.101  10.813  -43.743 0.1111111119
140565  -15.040  9.866  -45.919 0.3333333433
140573  -23.498  9.564  -45.961 0.7777777910
140577  -25.981  9.499  -45.795 0.5555555820
140578  -26.396  9.476  -45.974 0.5555555820
140591  -15.284  10.542  -46.554 0.3333333433
140596  -22.708  9.459  -46.632 0.6666666865
140598  -23.622  9.984  -46.179 0.5555555820
140600  -26.712  9.696  -46.168 0.5555555820
140601  -27.055  9.887  -46.376 0.5555555820
140610  -16.450  10.313  -47.263 0.4444444478
140612  -22.367  9.748  -47.026 0.6666666865
140615  -27.621  10.007  -47.106 0.2222222239
140621  -17.179  10.477  -47.870 0.5555555820
140624  -21.080  9.760  -47.867 0.6666666865
140626  -22.097  10.116  -47.474 0.6666666865
140627  -27.797  9.910  -47.622 0.2222222239
140634  -18.544  9.683  -48.346 0.7777777910
140637  -20.131  9.995  -48.291 0.6666666865
140648  -28.005  9.868  -48.834 0.1111111119
140658  -28.062  9.821  -49.896 0.1111111119
141800  -14.943  10.413  -46.137 0.1111111119
141808  -23.959  10.389  -46.132 0.6666666865
141809  -24.461  10.330  -45.848 0.5555555820
141811  -25.706  10.080  -45.780 0.6666666865
141815  -14.637  11.499  -45.797 0.1111111119
141817  -15.280  11.176  -46.869 0.2222222239
141827  -25.477  10.677  -45.918 0.6666666865
141829  -26.731  10.270  -46.238 0.4444444478
141843  -23.035  10.419  -46.868 0.6666666865
141844  -27.433  10.429  -46.878 0.4444444478
141855  -16.365  11.260  -47.747 0.3333333433
141856  -18.179  10.344  -48.241 0.5555555820
141857  -21.261  10.340  -47.972 0.6666666865
141860  -27.917  10.531  -47.654 0.1111111119
141880  -28.317  10.783  -49.199 0.1111111119
141889  -28.103  10.193  -49.381 0.1111111119
141890  -28.258  10.585  -49.705 0.1111111119
141901  -28.183  10.358  -50.171 0.1111111119
141902  -28.352  10.870  -50.023 0.1111111119
143056  -14.650  11.955  -45.189 0.1111111119
143057  -14.834  12.355  -44.744 0.1111111119
143058  -15.151  12.341  -44.266 0.1111111119
143062  -15.435  12.334  -45.051 0.1111111119
143069  -14.796  11.960  -45.669 0.1111111119
143080  -23.848  10.794  -46.478 0.6666666865
143082  -25.268  11.201  -46.214 0.5555555820
143084  -26.448  10.889  -46.375 0.4444444478
143085  -26.991  10.700  -46.581 0.4444444478
143090  -15.557  11.548  -47.209 0.1111111119
143091  -15.901  11.598  -47.507 0.3333333433
143096  -22.709  10.734  -47.272 0.6666666865
143097  -23.141  10.971  -47.112 0.6666666865
143098  -23.693  11.177  -46.893 0.6666666865
143099  -24.177  11.508  -46.823 0.5555555820
143101  -27.316  11.066  -46.867 0.4444444478
143112  -16.268  11.712  -47.689 0.3333333433
143113  -21.417  10.839  -48.062 0.6666666865
143114  -22.767  11.207  -47.626 0.6666666865
143115  -27.969  11.131  -47.604 0.2222222239
143130  -28.523  11.653  -48.533 0.1111111119
143139  -28.591  11.340  -49.063 0.1111111119
144416  -14.853  12.262  -45.238 0.1111111119
144417  -15.018  12.209  -45.541 0.1111111119
144427  -25.094  11.613  -46.534 0.5555555820
144429  -26.255  11.523  -46.388 0.4444444478
144438  -23.340  11.417  -47.376 0.6666666865
144441  -26.016  12.184  -46.520 0.4444444478
144443  -27.242  11.730  -46.793 0.3333333433
144447  -16.317  12.095  -47.389 0.4444444478
144449  -22.527  11.790  -48.002 0.6666666865
144450  -23.058  11.685  -47.730 0.6666666865
144452  -28.000  11.753  -47.568 0.2222222239
144461  -18.884  12.352  -48.535 0.6666666865
144464  -21.449  12.013  -48.330 0.6666666865
144465  -28.307  11.995  -48.056 0.2222222239
144475  -28.763  11.917  -48.968 0.1111111119
145699  -24.628  12.313  -47.153 0.6666666865
145701  -26.043  12.671  -46.801 0.5555555820
145703  -27.105  12.358  -46.798 0.3333333433
145704  -27.639  12.173  -47.134 0.3333333433
145706  -16.708  13.297  -47.639 0.1111111119
145707  -22.608  12.388  -48.227 0.6666666865
145710  -24.638  12.835  -47.493 0.6666666865
145712  -27.709  12.766  -47.463 0.3333333433
145716  -16.482  13.111  -47.582 0.2222222239
145723  -22.246  12.826  -48.407 0.6666666865
145726  -28.394  12.585  -48.052 0.1111111119
145727  -28.727  12.877  -48.444 0.1111111119
145730  -28.906  12.568  -49.004 0.1111111119
146880  -16.966  13.647  -47.926 0.1111111119
146886  -25.667  13.006  -47.108 0.5555555820
146888  -26.871  12.874  -47.072 0.4444444478
146893  -24.216  13.043  -47.996 0.6666666865
146894  -24.758  13.433  -47.752 0.6666666865
146895  -25.422  13.445  -47.562 0.6666666865
146897  -26.656  13.413  -47.305 0.5555555820
146904  -21.131  12.771  -49.270 0.6666666865
146907  -23.325  13.196  -48.688 0.6666666865
146908  -23.855  13.245  -48.421 0.6666666865
146909  -24.285  13.660  -48.277 0.6666666865
146916  -21.385  13.159  -49.464 0.5555555820
148081  -25.173  13.899  -47.836 0.6666666865
148083  -26.383  13.957  -47.522 0.5555555820
148085  -27.564  13.837  -47.614 0.3333333433
148090  -19.434  13.793  -49.381 0.4444444478
148095  -24.974  14.270  -48.145 0.5555555820
148097  -28.088  13.826  -47.880 0.1111111119
148098  -28.502  13.818  -48.291 0.1111111119
148106  -23.203  14.308  -49.301 0.6666666865
149234  -25.490  14.432  -47.884 0.5555555820
149235  -26.081  14.532  -47.699 0.5555555820
149241  -24.697  14.521  -48.544 0.6666666865
149243  -25.775  15.013  -48.099 0.5555555820
149247  -28.358  14.817  -48.561 0.1111111119
149253  -21.652  14.325  -49.715 0.5555555820
149254  -22.632  14.619  -49.475 0.5555555820
149257  -24.927  14.995  -48.735 0.6666666865
149258  -28.821  14.530  -48.998 0.1111111119
150447  -25.601  15.586  -48.410 0.4444444478
150448  -26.173  15.565  -48.205 0.5555555820
150450  -27.386  15.315  -48.128 0.1111111119
150451  -27.979  15.339  -48.374 0.1111111119
150452  -28.433  15.414  -48.681 0.1111111119
150459  -24.549  15.472  -49.002 0.6666666865
150460  -25.113  15.535  -48.698 0.6666666865
150461  -28.873  15.540  -48.991 0.1111111119
150462  -29.256  15.643  -49.339 0.1111111119
150470  -23.558  15.272  -49.491 0.5555555820
150471  -24.052  15.697  -49.508 0.5555555820
151629  -26.014  16.506  -48.551 0.2222222239
151631  -27.222  15.999  -48.203 0.3333333433
151633  -28.151  15.771  -48.514 0.1111111119
151638  -19.329  15.676  -48.740 0.2222222239
151643  -25.581  16.824  -48.999 0.5555555820
151644  -28.079  16.229  -48.621 0.1111111119
151651  -21.922  16.059  -50.351 0.4444444478
151654  -24.284  16.156  -49.723 0.5555555820
151664  -22.957  16.103  -50.552 0.4444444478
152770  -26.555  16.674  -48.487 0.2222222239
152771  -27.071  16.565  -48.374 0.1111111119
152787  -27.450  16.977  -48.575 0.1111111119
152796  -24.677  16.931  -50.019 0.4444444478
152808  -22.583  16.466  -51.041 0.4444444478
152811  -24.302  16.991  -50.562 0.4444444478
152819  -23.373  16.801  -51.202 0.4444444478
153950  -25.430  17.263  -49.396 0.3333333433
153953  -27.278  17.530  -48.771 0.1111111119
153954  -27.764  17.328  -48.726 0.1111111119
153967  -25.104  17.389  -49.867 0.4444444478
153983  -24.941  17.755  -50.286 0.4444444478
153993  -22.195  17.432  -51.984 0.3333333433
153994  -22.644  17.179  -51.714 0.4444444478
153996  -23.812  17.576  -51.421 0.4444444478
155085  -20.226  18.695  -47.626 0.1111111119
155092  -21.567  18.034  -49.348 0.1111111119
155094  -26.355  17.938  -49.097 0.2222222239
155095  -26.929  18.000  -48.966 0.2222222239
155097  -27.999  18.061  -48.989 0.1111111119
155098  -28.512  17.993  -49.242 0.1111111119
155108  -21.759  17.686  -50.821 0.3333333433
155109  -25.650  18.232  -49.672 0.3333333433
155111  -26.624  18.342  -49.123 0.2222222239
155112  -28.940  18.018  -49.680 0.1111111119
155113  -29.304  18.066  -50.214 0.1111111119
155125  -24.728  18.233  -50.565 0.4444444478
155126  -25.173  18.283  -50.086 0.2222222239
155152  -22.958  17.807  -52.511 0.3333333433
156270  -27.126  18.609  -49.087 0.2222222239
156272  -28.249  18.420  -49.217 0.1111111119
156275  -21.834  18.419  -50.191 0.2222222239
156276  -25.476  18.783  -49.943 0.2222222239
156277  -25.991  18.766  -49.636 0.2222222239
156279  -26.930  19.183  -49.414 0.2222222239
156280  -28.218  18.958  -49.428 0.1111111119
156306  -24.014  18.708  -51.425 0.4444444478
156319  -22.511  18.810  -52.906 0.3333333433
157455  -21.741  19.516  -49.502 0.1111111119
157462  -26.208  20.088  -49.988 0.1111111119
157464  -27.299  19.600  -49.622 0.2222222239
157466  -28.519  19.416  -49.820 0.1111111119
157471  -25.324  19.791  -50.523 0.1111111119
157472  -25.692  20.229  -50.332 0.1111111119
157484  -21.759  19.193  -51.775 0.3333333433
157487  -24.934  19.862  -50.941 0.2222222239
157501  -21.754  18.896  -52.860 0.3333333433
157502  -24.193  19.787  -51.660 0.2222222239
158673  -22.189  20.139  -47.819 0.1111111119
158688  -27.011  20.103  -49.846 0.2222222239
158694  -25.545  20.779  -50.488 0.1111111119
158695  -26.050  20.677  -50.166 0.1111111119
158697  -27.532  20.719  -50.297 0.1111111119
158698  -27.968  20.477  -50.237 0.1111111119
158699  -28.616  20.377  -50.431 0.1111111119
158707  -24.875  20.375  -51.084 0.1111111119
158719  -21.364  19.913  -52.811 0.2222222239
158745  -21.812  19.760  -53.656 0.2222222239
158746  -22.242  19.898  -53.688 0.2222222239
159888  -26.613  21.052  -50.312 0.1111111119
159889  -27.310  21.110  -50.376 0.2222222239
159897  -28.713  20.992  -50.800 0.1111111119
159907  -23.841  20.765  -52.311 0.1111111119
159919  -23.347  20.710  -52.835 0.2222222239
161064  -22.010  21.823  -50.204 0.1111111119
161067  -27.701  21.543  -50.532 0.1111111119
161068  -28.249  21.371  -50.601 0.1111111119
161076  -21.550  21.324  -51.392 0.1111111119
161081  -27.467  22.018  -50.741 0.1111111119
161089  -24.578  21.512  -51.701 0.1111111119
161090  -24.929  22.047  -51.437 0.1111111119
161109  -21.802  21.275  -53.297 0.1111111119
161110  -22.032  21.116  -53.442 0.1111111119
162176  -21.536  22.395  -51.000 0.1111111119
162177  -25.281  22.526  -51.281 0.1111111119
162178  -25.834  22.503  -51.077 0.1111111119
162179  -26.491  22.476  -51.025 0.1111111119
162190  -24.208  22.481  -52.100 0.1111111119
162203  -20.988  21.916  -53.161 0.1111111119
162228  -20.584  22.246  -54.542 0.1111111119
162229  -21.065  22.252  -54.327 0.1111111119
162230  -21.641  22.159  -53.986 0.1111111119
163249  -21.691  22.764  -49.881 0.1111111119
163272  -25.319  23.320  -51.693 0.1111111119
163273  -25.884  23.365  -51.561 0.1111111119
163275  -27.499  23.444  -51.611 0.1111111119
163276  -28.021  23.072  -51.586 0.1111111119
163318  -20.110  22.698  -55.007 0.1111111119
164375  -21.030  24.035  -50.506 0.1111111119
164386  -26.212  23.786  -51.772 0.1111111119
164400  -23.364  23.588  -52.906 0.1111111119
164413  -22.569  23.530  -53.736 0.1111111119
164426  -20.053  22.724  -54.901 0.1111111119
164428  -21.050  23.329  -54.816 0.1111111119
164438  -20.248  23.112  -54.957 0.1111111119
165476  -20.614  24.202  -52.009 0.1111111119
165478  -25.353  24.060  -52.111 0.1111111119
165479  -25.900  24.250  -52.063 0.1111111119
165495  -24.382  24.169  -52.483 0.1111111119
165497  -25.338  24.484  -52.371 0.1111111119
165512  -23.232  24.393  -53.272 0.1111111119
165524  -22.242  24.421  -54.099 0.1111111119
166649  -25.545  25.000  -52.545 0.1111111119
166668  -23.389  24.970  -53.306 0.1111111119
166672  -25.750  25.537  -52.709 0.1111111119
225116  -20.215  23.443  -53.337 0.1111111119
225304  -20.775  11.476  -48.362 0.6666666865
226281  -19.157  11.602  -48.539 0.6666666865
226383  -27.644  19.991  -49.896 0.2222222239
228620  -20.540  12.798  -49.452 0.6666666865
228992  -25.625  12.553  -46.806 0.5555555820
230381  -21.770  19.788  -48.894 0.1111111119
230797  -24.188  2.342  -43.508 0.6666666865
230836  -20.251  10.627  -48.272 0.6666666865
230864  -14.231  -13.147  -32.982 0.1111111119
231083  -26.603  5.929  -46.780 0.5555555820
231477  -27.897  3.218  -46.918 0.1111111119
232113  -23.359  18.969  -52.483 0.3333333433
232684  -18.681  5.967  -47.478 1.0000000000
232883  -17.213  8.968  -47.873 0.6666666865
232983  -26.915  14.989  -47.946 0.2222222239
233317  -24.957  3.221  -44.009 0.5555555820
233399  -26.246  5.234  -49.937 0.1111111119
234003  -20.845  -2.328  -42.091 1.0000000000
234136  -21.417  12.542  -48.623 0.6666666865
234526  -26.536  5.845  -46.295 0.5555555820
234904  -17.260  9.633  -47.915 0.6666666865
235118  -25.187  5.345  -44.146 0.6666666865
235470  -23.520  12.339  -48.012 0.6666666865
235778  -15.960  2.082  -42.395 0.6666666865
235797  -28.773  11.619  -49.493 0.1111111119
236407  -14.599  11.910  -44.434 0.1111111119
237655  -22.458  20.972  -53.402 0.1111111119
238092  -15.592  9.791  -46.335 0.4444444478
238400  -20.640  14.962  -49.744 0.5555555820
238477  -25.478  3.878  -48.738 0.1111111119
238819  -20.895  8.140  -47.041 0.8888888955
238822  -28.535  16.475  -48.938 0.1111111119
239149  -21.552  7.346  -46.282 0.8888888955
239854  -18.948  -8.012  -39.332 0.4444444478
240723  -22.067  21.556  -48.136 0.1111111119
240769  -16.847  2.605  -43.654 0.7777777910
241375  -14.930  6.723  -43.074 0.2222222239
241479  -24.408  -5.043  -41.013 0.1111111119
241874  -20.714  -5.785  -40.705 0.3333333433
242207  -22.028  20.608  -49.293 0.1111111119
242408  -26.842  6.660  -48.840 0.1111111119
243388  -21.252  -8.622  -38.675 0.3333333433
243453  -24.331  10.823  -46.170 0.6666666865
244082  -25.375  25.918  -52.986 0.1111111119
244711  -24.147  11.135  -46.544 0.5555555820
245006  -15.226  -6.871  -37.213 0.4444444478
245138  -18.242  3.668  -45.831 0.8888888955
245656  -24.211  -2.717  -42.910 0.2222222239
245846  -16.212  -0.364  -41.510 1.0000000000
246095  -16.053  7.991  -46.260 0.5555555820
247317  -16.704  -3.244  -40.603 0.8888888955
247621  -22.041  15.463  -50.033 0.5555555820
247731  -21.778  18.240  -51.602 0.3333333433
248176  -25.933  8.077  -45.338 0.5555555820
248415  -26.160  22.017  -50.911 0.1111111119
248975  -28.533  14.257  -48.599 0.1111111119
249071  -23.529  22.649  -52.595 0.1111111119
249157  -25.140  22.915  -51.555 0.1111111119
249252  -22.974  23.393  -53.324 0.1111111119
249526  -25.507  2.465  -44.988 0.4444444478
249550  -28.097  12.838  -47.763 0.1111111119
249666  -29.111  15.110  -49.195 0.1111111119
250058  -26.761  7.140  -46.571 0.5555555820
250430  -23.280  17.575  -51.955 0.4444444478
250503  -22.751  -4.677  -41.275 0.2222222239
250772  -26.011  7.142  -45.217 0.5555555820
251583  -26.319  7.981  -45.578 0.5555555820
251585  -26.569  7.190  -46.067 0.5555555820
251658  -26.595  8.126  -45.876 0.5555555820
251902  -24.183  21.235  -52.113 0.2222222239
252743  -21.260  -4.045  -41.084 0.3333333433
253381  -23.250  13.779  -49.072 0.6666666865
253567  -19.795  -1.475  -42.892 1.0000000000
253657  -25.518  3.908  -44.351 0.5555555820
254314  -19.000  -3.525  -41.841 0.8888888955
254555  -24.294  25.664  -53.155 0.1111111119
255439  -18.976  8.196  -48.141 0.8888888955
255976  -21.002  22.587  -52.260 0.1111111119
256165  -27.059  7.069  -47.627 0.2222222239
256573  -15.287  7.068  -44.351 0.5555555820
256686  -23.307  4.575  -43.653 0.8888888955
256863  -28.734  18.979  -49.725 0.1111111119
257067  -25.041  3.372  -49.050 0.1111111119
258148  -25.924  17.931  -49.342 0.2222222239
258213  -24.471  -1.350  -43.714 0.1111111119
258540  -20.483  13.042  -49.757 0.4444444478
259066  -26.769  2.011  -48.905 0.1111111119
259661  -19.035  -5.475  -40.585 0.4444444478
262019  -18.230  5.195  -46.681 0.8888888955
262233  -25.327  8.986  -45.448 0.5555555820
262371  -23.691  -4.415  -42.034 0.1111111119
262865  -28.372  3.615  -49.479 0.1111111119
262994  -27.949  22.800  -51.306 0.1111111119
263213  -21.732  -8.386  -38.471 0.3333333433
263425  -15.785  -10.200  -35.932 0.3333333433
264057  -17.142  -11.616  -36.010 0.3333333433
264640  -17.924  2.188  -44.577 0.8888888955
264806  -18.920  -13.946  -32.335 0.1111111119
264980  -21.629  11.550  -48.151 0.6666666865
265890  -27.298  8.563  -47.045 0.5555555820
266066  -23.516  6.191  -44.612 0.8888888955
266114  -21.528  -8.782  -38.284 0.2222222239
266566  -26.034  3.578  -47.083 0.3333333433
266675  -23.979  24.259  -52.714 0.1111111119
267377  -15.157  -9.094  -35.867 0.3333333433
267385  -13.183  -7.451  -34.848 0.2222222239
267624  -28.119  3.480  -47.726 0.1111111119
267689  -21.112  16.050  -49.753 0.3333333433
267911  -25.026  2.808  -44.210 0.5555555820
268372  -21.020  22.133  -54.069 0.1111111119
268393  -13.041  -10.295  -34.343 0.1111111119
268611  -21.330  19.480  -53.434 0.2222222239
268803  -21.697  9.164  -47.031 0.7777777910
269124  -22.284  16.743  -51.090 0.3333333433
269132  -19.179  6.836  -47.835 1.0000000000
269171  -24.690  24.776  -52.725 0.1111111119
269211  -17.910  0.103  -43.520 1.0000000000
269265  -18.601  -12.379  -34.682 0.2222222239
269460  -26.612  20.078  -49.886 0.2222222239
269627  -16.809  -9.192  -37.199 0.3333333433
269929  -22.199  -1.563  -42.075 0.6666666865
270271  -26.165  19.575  -49.915 0.2222222239
270486  -28.707  13.398  -48.458 0.1111111119
270581  -22.673  12.713  -48.372 0.6666666865
270631  -19.769  10.425  -48.341 0.7777777910
270672  -24.945  1.825  -46.848 0.2222222239
270881  -27.021  23.310  -51.430 0.1111111119
270930  -27.228  14.241  -47.752 0.3333333433
271146  -14.879  -7.055  -36.892 0.3333333433
