#!ascii label  , from subject corrected_filled vox2ras=TkReg
1102
28016  -26.609  -56.237  -25.948 0.6999999881
30071  -26.035  -55.116  -28.248 0.6000000238
30072  -26.623  -54.758  -28.186 0.6000000238
31011  -27.974  -54.027  -28.664 0.4000000060
30923  -25.788  -54.068  -21.747 0.6999999881
234609  -25.359  -52.938  -22.207 0.6999999881
29967  -26.015  -54.446  -22.089 0.6999999881
31874  -25.795  -53.353  -22.532 0.6000000238
263994  -26.046  -54.794  -22.406 0.6999999881
31895  -25.892  -53.244  -23.654 0.6000000238
244797  -25.990  -54.955  -22.921 0.6000000238
30951  -25.987  -53.733  -23.890 0.6000000238
264958  -25.415  -56.045  -23.575 0.6000000238
30963  -25.891  -53.984  -24.456 0.6000000238
31925  -25.241  -53.305  -25.991 0.5000000000
30993  -25.242  -54.959  -25.631 0.5000000000
30992  -25.246  -54.059  -26.391 0.5000000000
30061  -24.677  -55.077  -27.593 0.6000000238
28025  -24.838  -55.882  -26.921 0.6000000238
29080  -24.749  -55.416  -27.785 0.6000000238
29100  -25.015  -55.268  -28.441 0.6000000238
226550  -25.623  -54.904  -29.329 0.6000000238
32803  -24.830  -52.599  -21.903 0.6000000238
33754  -24.739  -51.757  -23.292 0.6000000238
33765  -25.045  -51.961  -23.743 0.6000000238
254541  -25.149  -52.155  -24.624 0.6000000238
33792  -24.319  -52.011  -25.564 0.6000000238
32847  -25.199  -52.402  -25.045 0.6000000238
31915  -25.504  -53.330  -25.430 0.6000000238
32868  -24.244  -52.676  -26.726 0.6000000238
31933  -23.879  -53.171  -27.617 0.6000000238
30062  -24.761  -54.563  -27.287 0.6000000238
31939  -24.133  -53.652  -27.822 0.6999999881
31009  -23.939  -54.129  -28.555 0.6000000238
30083  -23.801  -54.366  -29.099 0.6000000238
30102  -26.171  -54.598  -29.353 0.5000000000
31019  -26.816  -54.104  -29.385 0.5000000000
32802  -24.288  -52.436  -21.642 0.6000000238
226329  -24.376  -51.699  -22.837 0.6000000238
34693  -23.687  -51.170  -23.858 0.6000000238
33776  -24.282  -51.581  -24.544 0.6000000238
243558  -24.117  -51.748  -25.135 0.6000000238
34713  -23.123  -51.268  -25.282 0.6000000238
33790  -23.111  -51.604  -25.949 0.6000000238
256200  -23.426  -52.231  -26.695 0.6000000238
32862  -24.462  -52.376  -26.110 0.6000000238
32866  -23.129  -52.412  -27.110 0.6000000238
32873  -23.429  -52.848  -27.512 0.6999999881
30099  -24.273  -54.822  -29.513 0.6000000238
268249  -24.496  -54.838  -30.618 0.6000000238
31031  -27.225  -53.726  -29.756 0.4000000060
33743  -23.476  -51.530  -22.146 0.6000000238
33744  -23.972  -51.671  -22.445 0.6000000238
34692  -23.138  -50.943  -23.684 0.6000000238
261126  -23.323  -51.146  -24.720 0.6000000238
34719  -22.238  -51.025  -25.923 0.5000000000
33789  -22.586  -51.458  -26.256 0.6000000238
33802  -22.573  -52.186  -27.171 0.6999999881
31943  -22.163  -53.221  -29.152 0.6000000238
31937  -22.682  -53.188  -28.381 0.6000000238
31944  -22.885  -53.501  -28.874 0.6000000238
31007  -23.132  -53.995  -29.467 0.6000000238
260665  -23.458  -54.554  -30.558 0.6000000238
31041  -24.590  -54.384  -31.433 0.6000000238
30111  -25.414  -54.484  -30.701 0.6000000238
31980  -26.455  -53.309  -31.498 0.4000000060
31029  -26.042  -54.237  -30.473 0.5000000000
34658  -22.897  -51.320  -21.900 0.5000000000
34680  -22.448  -50.756  -22.898 0.6000000238
34681  -23.064  -50.973  -23.096 0.6000000238
34702  -22.628  -50.704  -24.058 0.6000000238
245994  -22.691  -50.913  -24.704 0.5000000000
35605  -21.560  -50.340  -24.825 0.5000000000
35606  -21.717  -50.596  -25.531 0.5000000000
34723  -21.477  -50.870  -26.750 0.6000000238
34722  -20.995  -50.599  -27.217 0.6000000238
33794  -21.732  -51.447  -27.056 0.6999999881
33806  -21.110  -51.931  -28.305 0.6999999881
32871  -22.220  -52.572  -27.994 0.6999999881
32887  -20.896  -52.130  -30.167 0.6000000238
32877  -22.189  -52.874  -28.474 0.6999999881
31948  -21.376  -53.052  -29.833 0.6000000238
31973  -21.540  -52.993  -30.669 0.6000000238
31016  -22.108  -53.681  -30.601 0.6000000238
31039  -22.822  -53.965  -31.094 0.6000000238
31053  -23.573  -53.980  -31.474 0.6000000238
31992  -25.702  -53.433  -31.888 0.5000000000
31993  -26.193  -53.126  -31.854 0.4000000060
35572  -21.988  -50.486  -22.692 0.6000000238
35587  -21.604  -50.124  -23.568 0.6000000238
35588  -21.983  -50.400  -23.817 0.5000000000
35595  -21.501  -50.144  -24.204 0.6000000238
37540  -21.168  -49.369  -25.080 0.5000000000
259444  -21.321  -50.196  -25.229 0.6000000238
37550  -21.281  -48.974  -26.030 0.5000000000
35612  -21.423  -50.479  -26.212 0.6000000238
37558  -21.007  -49.290  -26.330 0.5000000000
35615  -20.911  -50.103  -26.966 0.5000000000
35626  -20.257  -50.473  -28.324 0.5000000000
231836  -20.618  -50.824  -27.880 0.6000000238
36586  -20.389  -49.537  -29.547 0.5000000000
35625  -20.034  -50.600  -28.958 0.5000000000
229880  -20.455  -51.583  -28.819 0.6000000238
36602  -20.380  -50.097  -29.610 0.4000000060
33811  -20.478  -51.793  -29.410 0.6999999881
35642  -21.245  -50.064  -29.605 0.4000000060
33813  -21.859  -51.291  -29.612 0.5000000000
255372  -21.387  -52.289  -30.524 0.6000000238
33825  -21.959  -51.857  -29.987 0.5000000000
32889  -22.071  -52.416  -30.467 0.6000000238
33826  -23.207  -51.893  -29.390 0.5000000000
32899  -23.210  -52.818  -30.700 0.6000000238
33854  -25.905  -51.931  -31.145 0.5000000000
32890  -23.043  -52.388  -30.071 0.6000000238
32900  -24.334  -52.474  -30.464 0.6000000238
32918  -25.113  -52.832  -31.605 0.6000000238
37505  -21.860  -49.468  -23.168 0.5000000000
36524  -21.488  -49.754  -23.851 0.5000000000
239456  -21.342  -49.237  -24.591 0.5000000000
38561  -21.642  -48.623  -25.672 0.4000000060
37559  -21.237  -48.962  -26.625 0.4000000060
37569  -20.937  -49.306  -26.957 0.5000000000
239157  -20.810  -49.295  -27.718 0.5000000000
37581  -20.950  -48.759  -28.119 0.5000000000
269739  -22.035  -48.340  -30.027 0.4000000060
37613  -21.014  -48.767  -29.925 0.4000000060
36604  -21.431  -49.344  -29.875 0.4000000060
36587  -22.060  -49.793  -29.240 0.5000000000
35656  -21.614  -50.721  -29.490 0.5000000000
36588  -22.735  -49.656  -28.713 0.5000000000
258536  -22.377  -50.864  -29.005 0.5000000000
34727  -23.423  -50.587  -28.376 0.5000000000
33830  -25.697  -51.804  -29.483 0.5000000000
33840  -25.791  -51.844  -30.279 0.5000000000
270110  -24.301  -52.223  -29.809 0.6000000238
259214  -24.915  -52.292  -30.582 0.5000000000
38599  -21.428  -48.437  -27.739 0.4000000060
39665  -21.328  -47.666  -28.944 0.5000000000
38625  -21.069  -47.990  -29.168 0.5000000000
40734  -21.330  -47.131  -29.909 0.5000000000
37595  -22.459  -48.667  -29.504 0.4000000060
35627  -23.360  -49.967  -28.304 0.5000000000
34740  -25.935  -51.344  -28.378 0.5000000000
243549  -26.725  -51.435  -29.318 0.3000000119
38612  -24.092  -48.501  -28.362 0.5000000000
34728  -24.059  -50.820  -28.357 0.5000000000
33817  -24.952  -51.686  -28.793 0.5000000000
40718  -21.305  -47.003  -29.752 0.4000000060
38639  -21.540  -48.226  -29.975 0.4000000060
40735  -21.559  -46.784  -29.877 0.4000000060
40750  -23.972  -46.647  -30.214 0.4000000060
39706  -22.997  -47.268  -30.225 0.4000000060
39680  -23.845  -47.659  -29.198 0.4000000060
40737  -24.316  -46.804  -29.731 0.4000000060
38628  -24.281  -47.903  -28.629 0.5000000000
35621  -26.870  -50.380  -27.406 0.4000000060
34741  -26.559  -51.272  -28.557 0.4000000060
36575  -24.417  -49.927  -27.764 0.5000000000
35631  -25.995  -50.663  -27.643 0.5000000000
37583  -24.514  -48.860  -27.877 0.5000000000
36576  -24.927  -50.103  -27.650 0.5000000000
34729  -25.159  -50.961  -28.046 0.5000000000
42905  -24.728  -45.731  -30.365 0.4000000060
40721  -24.579  -47.002  -29.224 0.4000000060
36563  -26.619  -49.862  -27.144 0.4000000060
36562  -25.971  -49.735  -27.278 0.5000000000
253203  -24.784  -47.930  -28.225 0.5000000000
38601  -25.384  -48.554  -27.417 0.5000000000
41804  -25.101  -45.938  -29.920 0.4000000060
37561  -26.680  -48.908  -26.722 0.4000000060
37562  -27.246  -48.919  -26.557 0.3000000119
40723  -25.602  -46.551  -28.734 0.5000000000
39654  -25.214  -47.947  -27.842 0.5000000000
37560  -25.861  -49.040  -27.122 0.5000000000
42907  -25.608  -45.034  -30.288 0.4000000060
39644  -26.692  -47.792  -26.880 0.3000000119
39646  -27.696  -47.842  -26.238 0.3000000119
41783  -25.825  -45.977  -28.958 0.4000000060
39656  -26.115  -47.742  -27.257 0.5000000000
42871  -26.320  -45.641  -28.651 0.4000000060
40708  -25.812  -46.802  -28.119 0.5000000000
40696  -26.101  -47.064  -27.567 0.5000000000
248410  -26.250  -44.365  -30.212 0.4000000060
40686  -27.413  -46.750  -26.613 0.3000000119
248552  -28.355  -46.800  -25.828 0.3000000119
42898  -26.015  -45.164  -29.784 0.4000000060
41765  -26.897  -46.193  -27.308 0.4000000060
42886  -26.555  -45.160  -28.936 0.4000000060
233643  -26.518  -45.792  -28.155 0.4000000060
237497  -26.094  -42.773  -29.870 0.5000000000
42847  -27.556  -45.749  -26.804 0.3000000119
42848  -28.039  -45.707  -26.296 0.4000000060
44997  -28.943  -44.439  -25.887 0.4000000060
42834  -28.800  -45.575  -25.745 0.4000000060
45051  -26.648  -44.211  -29.386 0.4000000060
42873  -27.140  -45.154  -27.870 0.5000000000
43958  -27.712  -44.757  -27.243 0.4000000060
45038  -26.928  -44.304  -28.760 0.5000000000
42872  -26.807  -45.283  -28.343 0.5000000000
45030  -27.287  -44.043  -28.196 0.5000000000
45022  -27.635  -44.324  -27.729 0.4000000060
46125  -28.194  -43.709  -26.975 0.4000000060
46126  -28.677  -43.486  -26.594 0.4000000060
44998  -29.508  -44.133  -25.656 0.3000000119
256719  -26.316  -42.607  -29.212 0.5000000000
47345  -26.609  -42.706  -28.716 0.5000000000
230083  -28.568  -41.744  -27.251 0.4000000060
48488  -29.163  -41.804  -27.063 0.3000000119
49650  -25.900  -41.071  -29.584 0.5000000000
48486  -27.680  -41.943  -27.577 0.4000000060
47324  -28.044  -42.854  -27.277 0.4000000060
47325  -28.556  -42.626  -27.043 0.4000000060
47310  -29.486  -42.700  -26.536 0.4000000060
47311  -30.131  -42.423  -26.444 0.3000000119
48520  -25.968  -41.667  -29.688 0.5000000000
47336  -26.971  -42.763  -28.202 0.5000000000
269858  -27.323  -42.791  -27.823 0.5000000000
242315  -26.423  -42.137  -28.854 0.5000000000
50789  -28.144  -40.813  -27.570 0.4000000060
50801  -28.860  -40.457  -27.524 0.4000000060
53275  -25.643  -39.128  -29.434 0.5000000000
254092  -29.798  -41.693  -27.073 0.3000000119
250796  -26.226  -40.936  -29.035 0.5000000000
49638  -26.576  -41.074  -28.644 0.5000000000
242846  -27.080  -40.189  -27.919 0.5000000000
243517  -27.189  -42.228  -27.858 0.5000000000
241938  -26.747  -42.204  -28.310 0.5000000000
234868  -28.776  -39.457  -27.791 0.4000000060
54378  -25.393  -38.184  -29.907 0.5000000000
55363  -26.701  -37.760  -28.034 0.5000000000
53254  -29.290  -39.048  -28.005 0.3000000119
50802  -29.313  -40.373  -27.741 0.3000000119
55382  -25.942  -37.765  -28.769 0.5000000000
55383  -26.350  -38.025  -28.329 0.5000000000
53261  -26.362  -39.336  -28.344 0.5000000000
29082  -25.536  -55.580  -27.885 0.6000000238
224530  -27.083  -54.449  -28.307 0.5000000000
30977  -25.664  -54.418  -25.057 0.6000000238
33795  -22.311  -51.730  -26.799 0.6999999881
31040  -23.916  -54.370  -31.405 0.6000000238
33800  -21.425  -51.683  -27.664 0.6999999881
31978  -24.572  -53.201  -31.481 0.6000000238
32883  -21.109  -52.617  -29.447 0.6999999881
34748  -20.566  -51.286  -30.007 0.5000000000
31974  -22.001  -53.091  -30.819 0.6000000238
37580  -20.527  -49.149  -28.561 0.5000000000
38624  -20.785  -48.608  -29.532 0.5000000000
34747  -20.222  -51.073  -29.689 0.4000000060
33816  -24.309  -51.653  -28.871 0.5000000000
33829  -25.143  -51.911  -29.330 0.5000000000
39694  -23.477  -47.506  -29.769 0.4000000060
38627  -23.688  -48.166  -28.906 0.5000000000
40748  -22.338  -46.786  -30.429 0.4000000060
40698  -27.013  -46.598  -26.995 0.4000000060
43945  -28.079  -44.707  -26.695 0.4000000060
46127  -29.258  -43.260  -26.334 0.3000000119
244339  -25.905  -39.426  -28.899 0.5000000000
53250  -26.987  -38.889  -27.899 0.5000000000
17061  -19.457  -64.521  -23.917 0.5000000000
17072  -20.334  -64.437  -24.807 0.5000000000
247553  -20.671  -64.315  -24.362 0.5000000000
18711  -22.032  -63.178  -26.765 0.5000000000
17099  -20.969  -64.195  -26.423 0.5000000000
17093  -20.854  -64.252  -25.732 0.4000000060
17846  -21.257  -63.819  -23.166 0.5000000000
17873  -22.102  -63.510  -24.512 0.6000000238
17862  -21.223  -63.944  -23.797 0.6000000238
268086  -21.734  -63.647  -25.823 0.5000000000
17881  -21.665  -63.738  -25.357 0.5000000000
19608  -23.113  -62.061  -27.297 0.4000000060
18615  -21.425  -63.008  -21.177 0.6999999881
18635  -22.241  -62.887  -21.787 0.6999999881
241348  -22.515  -63.035  -22.937 0.6999999881
18674  -22.429  -63.196  -24.092 0.5000000000
242294  -22.534  -63.113  -23.479 0.6999999881
19598  -22.860  -62.478  -26.174 0.5000000000
18704  -22.829  -62.636  -25.629 0.5000000000
18686  -22.471  -63.123  -24.766 0.5000000000
20473  -24.198  -61.400  -27.137 0.5000000000
19599  -22.974  -62.285  -26.732 0.5000000000
254418  -21.182  -61.562  -19.784 0.5000000000
254093  -21.214  -62.015  -20.006 0.6999999881
20341  -22.411  -61.809  -20.150 0.6999999881
18593  -21.223  -62.748  -20.664 0.6999999881
20356  -23.229  -61.832  -20.778 0.6999999881
18647  -21.982  -63.117  -22.199 0.6000000238
19551  -23.650  -62.155  -23.936 0.6999999881
19537  -23.722  -62.136  -23.314 0.6000000238
20456  -24.320  -61.416  -25.870 0.5000000000
19580  -23.531  -62.058  -25.119 0.6000000238
19567  -23.594  -62.122  -24.526 0.6000000238
20465  -24.264  -61.407  -26.515 0.5000000000
21359  -25.574  -60.705  -27.541 0.5000000000
21232  -21.770  -60.738  -19.551 0.5000000000
20332  -22.710  -61.241  -19.890 0.6999999881
20373  -23.397  -62.040  -21.333 0.6999999881
21255  -24.101  -61.314  -21.318 0.6999999881
20343  -23.523  -61.384  -20.526 0.6999999881
19525  -23.535  -62.228  -22.627 0.8000000119
20392  -24.234  -61.470  -22.441 0.6999999881
21313  -24.700  -61.368  -24.291 0.6000000238
21301  -24.740  -61.261  -23.815 0.6999999881
21338  -24.888  -61.085  -25.561 0.6999999881
21325  -25.221  -60.923  -25.087 0.6000000238
256748  -25.518  -60.750  -27.038 0.6000000238
21348  -25.675  -60.654  -26.576 0.6000000238
23191  -27.348  -59.492  -27.403 0.6000000238
23016  -21.238  -59.827  -19.748 0.5000000000
24027  -23.074  -59.061  -19.560 0.6000000238
22092  -21.704  -60.046  -19.598 0.5000000000
23019  -23.230  -59.636  -19.549 0.6000000238
22095  -23.646  -60.015  -19.702 0.6000000238
22103  -23.985  -60.261  -20.070 0.6999999881
248842  -25.173  -59.241  -21.577 0.6999999881
23057  -24.753  -59.667  -20.587 0.6000000238
20375  -24.179  -61.399  -21.932 0.6999999881
23079  -25.077  -59.640  -21.859 0.6999999881
21291  -24.759  -61.049  -23.258 0.6999999881
22197  -26.330  -60.062  -25.480 0.6999999881
23182  -27.309  -59.406  -26.801 0.6999999881
22210  -26.560  -59.923  -25.929 0.6999999881
24964  -22.440  -58.357  -19.739 0.5000000000
24029  -23.939  -58.538  -19.644 0.6000000238
24030  -24.453  -58.850  -19.913 0.6000000238
23038  -24.558  -59.353  -20.149 0.6000000238
22151  -24.989  -60.118  -22.244 0.8000000119
24110  -25.296  -59.017  -22.619 0.5000000000
24068  -25.246  -58.780  -21.660 0.6000000238
22170  -25.871  -59.932  -23.834 0.6999999881
24148  -26.278  -58.644  -24.074 0.6999999881
24181  -27.073  -59.181  -25.548 0.6999999881
24166  -27.060  -58.672  -25.164 0.6999999881
25115  -28.524  -57.763  -27.409 0.5000000000
236152  -27.580  -59.005  -26.640 0.6999999881
26120  -28.388  -57.347  -26.954 0.5000000000
24977  -22.406  -57.768  -19.849 0.5000000000
25961  -23.462  -57.000  -19.578 0.5000000000
27874  -24.616  -56.226  -19.975 0.6000000238
268203  -23.763  -58.046  -19.541 0.6000000238
26915  -24.928  -56.825  -20.104 0.6000000238
245793  -25.217  -57.108  -20.513 0.6000000238
28880  -25.604  -55.727  -21.034 0.6000000238
25977  -25.275  -57.568  -20.728 0.6000000238
26941  -25.715  -56.377  -21.700 0.6000000238
26052  -25.633  -57.662  -23.820 0.6000000238
26051  -25.341  -57.405  -23.524 0.5000000000
26954  -25.642  -56.516  -22.273 0.5000000000
26069  -26.421  -57.676  -24.439 0.6000000238
26068  -25.805  -57.409  -24.235 0.6000000238
27036  -27.289  -56.596  -25.894 0.6000000238
26090  -27.055  -57.505  -25.145 0.6000000238
29064  -27.848  -55.339  -27.188 0.5000000000
26900  -22.898  -56.740  -19.832 0.5000000000
27873  -24.006  -55.865  -19.991 0.6000000238
267432  -25.603  -55.324  -21.000 0.6000000238
26037  -25.262  -57.237  -23.178 0.5000000000
27941  -25.737  -55.734  -23.135 0.5000000000
258924  -25.125  -56.502  -25.311 0.4000000060
249011  -24.896  -56.384  -25.122 0.5000000000
28985  -24.941  -56.109  -25.038 0.5000000000
29044  -26.533  -55.588  -27.045 0.6000000238
26914  -22.790  -56.044  -20.137 0.5000000000
28857  -23.560  -55.345  -20.205 0.6000000238
29929  -24.402  -54.778  -20.420 0.6000000238
29930  -25.009  -54.827  -20.607 0.6000000238
28014  -24.786  -56.000  -26.400 0.5000000000
29026  -24.791  -55.566  -26.167 0.4000000060
28855  -22.399  -55.515  -20.440 0.5000000000
29927  -23.155  -54.947  -20.383 0.5000000000
29950  -23.923  -54.281  -20.615 0.6000000238
30922  -25.335  -53.721  -21.478 0.6000000238
256771  -21.788  -55.302  -20.659 0.5000000000
229824  -22.606  -54.448  -20.620 0.5000000000
30907  -23.510  -53.895  -20.813 0.6000000238
31852  -24.738  -53.430  -21.267 0.6000000238
28876  -21.240  -54.995  -20.868 0.5000000000
30905  -22.303  -54.213  -20.690 0.5000000000
30906  -22.904  -54.036  -20.746 0.5000000000
32791  -23.579  -52.935  -21.036 0.6000000238
31851  -23.804  -53.361  -21.019 0.6000000238
30904  -21.712  -54.195  -20.757 0.5000000000
31848  -22.100  -53.559  -20.736 0.5000000000
30889  -20.819  -53.718  -20.598 0.5000000000
32801  -23.767  -52.408  -21.389 0.5000000000
31838  -21.648  -53.020  -20.590 0.5000000000
32790  -23.079  -53.067  -20.914 0.5000000000
31836  -20.481  -53.204  -20.343 0.5000000000
256358  -21.299  -52.616  -20.418 0.5000000000
32789  -22.435  -52.309  -20.801 0.5000000000
33730  -23.294  -51.899  -21.586 0.4000000060
32780  -20.779  -52.633  -20.256 0.5000000000
32781  -21.817  -52.279  -20.492 0.5000000000
33720  -22.471  -51.761  -21.039 0.4000000060
33721  -22.859  -52.089  -21.151 0.4000000060
259686  -21.147  -52.039  -20.240 0.4000000060
34646  -21.749  -51.186  -20.711 0.4000000060
266179  -21.874  -50.806  -21.610 0.4000000060
249565  -25.779  -56.512  -25.641 0.6000000238
29045  -27.320  -55.630  -26.795 0.5000000000
29065  -28.402  -55.602  -27.326 0.4000000060
26967  -25.319  -56.836  -22.923 0.6000000238
34657  -22.312  -51.084  -21.712 0.4000000060
35571  -21.786  -50.238  -22.460 0.4000000060
19511  -23.501  -62.127  -21.948 0.6999999881
23128  -25.622  -59.876  -23.275 0.6999999881
22196  -25.984  -60.313  -25.146 0.6999999881
22182  -25.971  -60.176  -24.521 0.6999999881
243817  -25.282  -58.590  -22.230 0.6000000238
24990  -25.257  -58.529  -21.224 0.6000000238
25108  -27.626  -58.635  -26.271 0.6999999881
24130  -25.834  -58.793  -23.584 0.6999999881
24149  -26.725  -58.685  -24.623 0.6999999881
27037  -27.832  -57.020  -26.144 0.6000000238
27053  -28.141  -56.905  -26.608 0.6000000238
17050  -20.425  -64.276  -23.418 0.5000000000
17062  -20.163  -64.408  -24.026 0.5000000000
17063  -20.759  -64.224  -23.885 0.6000000238
17071  -19.652  -64.551  -24.531 0.5000000000
17073  -20.924  -64.258  -24.799 0.5000000000
17083  -20.341  -64.421  -25.487 0.4000000060
17084  -20.745  -64.321  -25.219 0.5000000000
17091  -19.932  -64.560  -25.818 0.4000000060
17092  -20.425  -64.438  -26.082 0.5000000000
17828  -22.024  -63.282  -22.676 0.6999999881
17845  -20.696  -64.107  -22.963 0.5000000000
17847  -21.814  -63.534  -23.144 0.5000000000
17848  -22.219  -63.307  -23.158 0.6999999881
17863  -21.685  -63.692  -23.665 0.6000000238
17864  -22.147  -63.449  -23.586 0.6999999881
17871  -21.389  -63.960  -24.809 0.6000000238
17872  -21.619  -63.784  -24.277 0.6000000238
17880  -21.162  -64.090  -25.302 0.5000000000
17882  -22.127  -63.457  -25.095 0.5000000000
17889  -21.791  -63.539  -26.269 0.5000000000
18592  -20.625  -62.761  -20.616 0.6999999881
18616  -21.900  -62.889  -21.327 0.6999999881
18634  -21.636  -63.150  -21.791 0.6999999881
18636  -22.764  -62.706  -22.048 0.6999999881
18648  -22.412  -62.968  -22.390 0.6000000238
18649  -22.948  -62.675  -22.658 0.8000000119
18661  -22.914  -62.768  -23.274 0.6000000238
18675  -22.878  -62.798  -23.851 0.6999999881
18687  -22.852  -62.793  -24.457 0.5000000000
18694  -22.088  -63.384  -25.741 0.5000000000
18695  -22.480  -63.048  -25.379 0.5000000000
18696  -22.848  -62.743  -25.062 0.5000000000
18702  -22.180  -63.157  -26.274 0.5000000000
18703  -22.491  -62.910  -25.971 0.5000000000
18712  -22.497  -62.756  -26.619 0.5000000000
19471  -20.363  -62.329  -20.316 0.6999999881
19472  -20.947  -62.362  -20.292 0.6999999881
19473  -21.506  -62.317  -20.299 0.6999999881
19474  -22.390  -62.279  -20.635 0.6999999881
19475  -22.805  -61.995  -20.546 0.6999999881
19489  -21.831  -62.596  -20.778 0.6999999881
19490  -22.323  -62.616  -21.172 0.6999999881
19491  -22.856  -62.277  -21.072 0.6999999881
19509  -22.655  -62.599  -21.554 0.6999999881
19510  -23.058  -62.376  -21.693 0.6999999881
19536  -23.272  -62.446  -23.101 0.6000000238
19550  -23.270  -62.451  -23.613 0.6000000238
19566  -23.232  -62.448  -24.193 0.6999999881
19579  -23.190  -62.406  -24.783 0.5000000000
19589  -23.149  -62.338  -25.352 0.5000000000
19590  -23.430  -61.985  -25.700 0.5000000000
19607  -22.691  -62.459  -27.204 0.4000000060
19616  -22.833  -62.239  -27.739 0.4000000060
20330  -21.596  -61.310  -19.665 0.5000000000
20331  -22.120  -61.325  -19.728 0.6999999881
20339  -20.672  -61.859  -19.987 0.5000000000
20340  -21.730  -61.831  -19.933 0.6999999881
20342  -23.004  -61.570  -20.308 0.6999999881
20357  -23.686  -61.604  -21.043 0.6999999881
20374  -23.813  -61.725  -21.634 0.6999999881
20391  -23.896  -61.790  -22.253 0.6999999881
20403  -24.022  -61.844  -23.707 0.6999999881
20404  -24.371  -61.540  -23.402 0.6999999881
20414  -23.972  -61.820  -24.267 0.6999999881
20415  -24.371  -61.584  -24.007 0.6999999881
20430  -23.928  -61.762  -24.861 0.6000000238
20431  -24.360  -61.544  -24.571 0.6000000238
20443  -23.861  -61.696  -25.484 0.6000000238
20444  -24.365  -61.460  -25.197 0.6000000238
20454  -23.287  -62.042  -26.271 0.5000000000
20455  -23.769  -61.689  -26.155 0.5000000000
20463  -23.393  -61.913  -26.825 0.5000000000
20464  -23.795  -61.641  -26.752 0.5000000000
20472  -23.625  -61.671  -27.403 0.4000000060
21233  -22.410  -60.792  -19.643 0.5000000000
21234  -22.950  -60.720  -19.752 0.6000000238
21235  -23.500  -60.547  -19.862 0.6999999881
21241  -23.267  -61.065  -20.091 0.6999999881
21242  -23.858  -60.842  -20.363 0.6999999881
21243  -24.312  -60.814  -20.958 0.6999999881
21269  -24.415  -60.964  -21.643 0.6999999881
21284  -24.799  -60.683  -22.668 0.6999999881
21292  -25.101  -60.625  -23.181 0.6999999881
21302  -25.116  -60.848  -23.678 0.6999999881
21314  -25.054  -61.067  -24.234 0.6000000238
21324  -24.852  -61.226  -24.804 0.6000000238
21326  -25.531  -60.703  -25.500 0.6000000238
21339  -25.300  -60.849  -26.115 0.6000000238
21340  -25.805  -60.541  -26.034 0.6999999881
21346  -24.759  -61.112  -26.277 0.6000000238
21347  -25.174  -60.904  -26.693 0.6000000238
21357  -24.685  -61.127  -26.891 0.6000000238
21358  -25.117  -60.925  -27.257 0.5000000000
22091  -21.199  -60.355  -19.619 0.5000000000
22093  -22.239  -60.281  -19.547 0.5000000000
22094  -23.120  -60.217  -19.623 0.6000000238
22096  -24.125  -59.753  -19.870 0.6000000238
22104  -24.434  -59.962  -20.293 0.6999999881
22115  -24.636  -60.180  -20.894 0.6999999881
22116  -24.970  -59.580  -21.168 0.6999999881
22132  -24.611  -60.547  -21.401 0.6999999881
22133  -24.831  -60.108  -21.595 0.6999999881
22150  -24.663  -60.563  -21.990 0.6999999881
22160  -25.255  -60.116  -22.883 0.6999999881
22169  -25.442  -60.346  -23.486 0.6999999881
22181  -25.530  -60.607  -24.160 0.6999999881
22195  -25.601  -60.635  -24.852 0.6999999881
22209  -26.177  -60.242  -25.904 0.6999999881
22222  -26.236  -60.256  -26.420 0.6000000238
22223  -26.849  -59.753  -26.454 0.6999999881
22236  -26.022  -60.389  -27.796 0.5000000000
22237  -26.498  -60.139  -27.468 0.5000000000
23017  -21.628  -59.328  -19.828 0.5000000000
23018  -22.691  -59.954  -19.518 0.6000000238
23020  -23.587  -59.125  -19.602 0.6000000238
23021  -24.100  -59.214  -19.768 0.6000000238
23039  -24.955  -59.170  -20.637 0.6000000238
23104  -25.228  -59.598  -22.440 0.5000000000
23116  -25.440  -59.476  -22.941 0.6999999881
23117  -25.742  -59.374  -23.422 0.6999999881
23129  -26.120  -59.283  -23.903 0.6999999881
23143  -26.805  -59.219  -24.991 0.6999999881
23154  -26.446  -59.802  -24.866 0.6999999881
23155  -26.702  -59.614  -25.447 0.6999999881
23170  -26.915  -59.532  -25.899 0.6999999881
23190  -26.924  -59.796  -27.126 0.6000000238
24028  -23.386  -58.692  -19.542 0.6000000238
24037  -24.837  -58.744  -20.269 0.6000000238
24038  -25.142  -58.613  -20.739 0.6000000238
24050  -25.170  -58.995  -21.143 0.6000000238
24091  -25.202  -59.148  -22.088 0.6000000238
24111  -25.525  -58.897  -23.098 0.6999999881
24167  -27.334  -58.674  -25.737 0.6999999881
24182  -27.289  -59.198  -26.175 0.6999999881
24188  -27.685  -59.136  -27.115 0.5000000000
24189  -27.926  -58.596  -26.866 0.5000000000
24965  -23.371  -58.183  -19.510 0.6000000238
24966  -23.564  -57.633  -19.495 0.6000000238
24967  -24.206  -57.834  -19.611 0.6000000238
24976  -21.877  -58.180  -20.089 0.5000000000
24978  -24.595  -58.324  -19.931 0.6000000238
25025  -25.333  -57.991  -22.417 0.6000000238
25036  -25.380  -57.806  -23.044 0.5000000000
25037  -25.580  -58.342  -23.269 0.5000000000
25053  -25.512  -57.890  -23.477 0.6000000238
25054  -25.831  -58.224  -23.700 0.6999999881
25068  -26.105  -57.978  -24.077 0.6000000238
25069  -26.526  -58.216  -24.393 0.6000000238
25085  -26.893  -58.046  -24.805 0.6000000238
25086  -27.246  -58.110  -25.386 0.6000000238
25098  -27.564  -58.124  -25.892 0.6999999881
25099  -27.894  -58.076  -26.383 0.6999999881
25114  -28.271  -58.351  -27.400 0.5000000000
25960  -22.953  -57.430  -19.644 0.5000000000
25962  -24.024  -57.204  -19.571 0.6000000238
25963  -24.584  -57.315  -19.817 0.6000000238
25976  -25.005  -57.461  -20.238 0.6000000238
25993  -25.423  -57.559  -21.328 0.6000000238
26009  -25.394  -57.521  -22.011 0.6000000238
26025  -25.297  -57.401  -22.667 0.5000000000
26067  -25.349  -57.126  -23.983 0.6000000238
26089  -26.678  -57.437  -24.788 0.6000000238
26106  -27.398  -57.575  -25.606 0.6000000238
26107  -27.754  -57.574  -26.024 0.6000000238
26119  -28.072  -57.484  -26.479 0.6000000238
26901  -23.900  -56.745  -19.670 0.5000000000
26902  -24.378  -56.781  -19.772 0.6000000238
26913  -22.360  -56.553  -20.210 0.5000000000
26916  -25.287  -56.614  -20.571 0.6000000238
26929  -25.564  -56.381  -21.132 0.6000000238
26940  -25.537  -56.931  -21.674 0.5000000000
26953  -25.384  -57.051  -22.323 0.6000000238
26968  -25.601  -56.295  -22.844 0.6000000238
26977  -25.225  -56.828  -23.615 0.5000000000
26991  -25.182  -56.618  -24.242 0.5000000000
26992  -25.450  -56.911  -24.452 0.6000000238
26993  -26.109  -57.093  -24.673 0.6000000238
27014  -25.125  -56.545  -24.799 0.5000000000
27015  -25.984  -56.739  -25.129 0.6000000238
27016  -26.643  -57.008  -25.071 0.6000000238
27017  -27.137  -56.999  -25.440 0.6000000238
27035  -26.629  -56.625  -25.476 0.6999999881
27052  -27.764  -56.494  -26.378 0.6000000238
27054  -28.460  -56.755  -27.055 0.5000000000
27071  -28.789  -56.598  -27.500 0.5000000000
27864  -23.497  -56.366  -19.838 0.5000000000
27865  -24.099  -56.391  -19.804 0.6000000238
27872  -22.258  -56.041  -20.379 0.5000000000
27875  -24.969  -55.811  -20.266 0.6000000238
27885  -21.876  -55.702  -20.575 0.5000000000
27886  -25.316  -56.035  -20.622 0.6000000238
27900  -25.788  -55.911  -21.502 0.6000000238
27940  -25.324  -56.359  -23.363 0.6000000238
27961  -25.182  -56.289  -23.954 0.5000000000
27962  -25.502  -55.725  -23.802 0.6000000238
27981  -25.019  -56.316  -24.645 0.5000000000
27999  -24.785  -56.307  -25.513 0.5000000000
28015  -24.966  -56.299  -25.957 0.4000000060
28026  -25.062  -56.084  -26.562 0.6000000238
28027  -26.608  -55.925  -26.488 0.6000000238
28028  -27.224  -56.089  -26.339 0.6000000238
28029  -27.734  -56.056  -26.617 0.6000000238
28030  -28.128  -56.361  -26.780 0.6000000238
28039  -25.185  -55.974  -27.048 0.6000000238
28040  -25.802  -55.993  -26.781 0.6999999881
28041  -28.056  -55.830  -26.919 0.5000000000
28042  -28.475  -56.170  -27.185 0.4000000060
28856  -22.932  -55.401  -20.325 0.5000000000
28858  -24.203  -55.288  -20.196 0.6000000238
28859  -24.769  -55.281  -20.314 0.6000000238
28877  -22.088  -55.149  -20.582 0.5000000000
28878  -22.599  -54.907  -20.516 0.5000000000
28879  -25.289  -55.409  -20.666 0.6000000238
28900  -25.955  -55.603  -21.922 0.6000000238
28942  -25.825  -55.123  -23.533 0.5000000000
28962  -25.194  -55.896  -24.405 0.6000000238
28963  -25.604  -55.259  -24.151 0.5000000000
28986  -25.230  -55.478  -24.771 0.5000000000
29005  -24.892  -55.772  -25.472 0.4000000060
29042  -24.760  -55.245  -27.130 0.6000000238
29043  -24.715  -55.685  -26.806 0.5000000000
29060  -24.741  -55.656  -27.351 0.5000000000
29061  -25.052  -55.818  -27.418 0.6000000238
29062  -25.676  -55.817  -27.363 0.6000000238
29063  -27.177  -55.181  -27.305 0.5000000000
29081  -25.015  -55.503  -27.998 0.6000000238
29083  -26.410  -55.220  -27.676 0.6000000238
29084  -28.233  -55.116  -27.558 0.4000000060
29085  -28.621  -55.378  -27.709 0.4000000060
29099  -24.734  -55.191  -28.269 0.6000000238
29101  -25.440  -55.309  -28.398 0.6000000238
29928  -23.737  -54.826  -20.365 0.6000000238
29947  -21.785  -54.640  -20.739 0.5000000000
29948  -22.183  -54.713  -20.630 0.5000000000
29949  -23.165  -54.444  -20.572 0.6000000238
29951  -24.662  -54.290  -20.668 0.6000000238
29952  -25.557  -54.868  -20.979 0.6000000238
29953  -25.871  -54.646  -21.522 0.6999999881
29982  -26.090  -54.322  -22.709 0.6999999881
29993  -26.042  -54.510  -23.292 0.6000000238
30002  -25.904  -54.632  -23.849 0.6000000238
30019  -25.719  -54.719  -24.492 0.6000000238
30033  -25.367  -55.066  -25.083 0.6000000238
30053  -24.942  -54.864  -26.759 0.6000000238
30063  -27.714  -54.945  -27.489 0.5000000000
30070  -24.528  -54.776  -28.080 0.6000000238
30073  -27.240  -54.742  -27.830 0.5000000000
30074  -28.000  -54.669  -27.826 0.4000000060
30084  -24.331  -54.693  -28.652 0.6000000238
30085  -25.262  -55.115  -28.908 0.6000000238
30086  -25.925  -54.925  -28.794 0.5000000000
30087  -26.610  -54.523  -28.739 0.6000000238
30088  -27.660  -54.346  -28.226 0.4000000060
30100  -24.987  -54.988  -29.578 0.6000000238
30101  -25.669  -54.672  -29.948 0.5000000000
30107  -23.096  -54.304  -30.949 0.6000000238
30108  -23.599  -54.539  -29.882 0.6000000238
30109  -24.008  -54.790  -30.434 0.6000000238
30110  -24.976  -54.829  -30.336 0.6000000238
30117  -23.638  -54.548  -31.040 0.6000000238
30118  -24.229  -54.682  -31.073 0.6000000238
30119  -24.795  -54.677  -31.004 0.6000000238
30120  -25.191  -54.256  -31.331 0.6000000238
30888  -20.204  -53.750  -20.555 0.5000000000
30903  -21.136  -54.204  -20.828 0.5000000000
30908  -24.242  -53.754  -20.942 0.6000000238
30909  -24.992  -53.946  -21.019 0.6000000238
30910  -25.539  -54.251  -21.208 0.6999999881
30933  -25.930  -53.906  -22.322 0.6999999881
30945  -26.016  -53.760  -22.858 0.6000000238
30976  -25.493  -54.078  -25.681 0.5000000000
30998  -24.550  -53.851  -27.386 0.6999999881
30999  -24.953  -53.999  -26.944 0.5000000000
31001  -24.475  -54.351  -27.729 0.6000000238
31003  -23.787  -53.740  -28.313 0.6999999881
31004  -24.205  -54.202  -28.172 0.6000000238
31008  -23.496  -53.806  -28.736 0.6000000238
31010  -27.271  -54.148  -28.721 0.5000000000
31017  -22.707  -53.914  -29.997 0.6000000238
31018  -26.292  -54.324  -29.874 0.5000000000
31020  -27.558  -53.836  -29.202 0.4000000060
31026  -22.297  -53.620  -30.834 0.6000000238
31027  -22.614  -53.953  -30.746 0.6000000238
31028  -23.047  -54.260  -30.322 0.6000000238
31030  -26.669  -53.869  -30.231 0.5000000000
31042  -25.754  -54.044  -31.145 0.5000000000
31043  -26.292  -53.785  -30.993 0.5000000000
31052  -23.078  -53.923  -31.293 0.6000000238
31054  -24.397  -53.878  -31.577 0.6000000238
31055  -25.117  -53.893  -31.660 0.6000000238
31056  -25.561  -53.850  -31.663 0.5000000000
31837  -21.076  -53.149  -20.475 0.5000000000
31847  -21.426  -53.661  -20.641 0.5000000000
31849  -22.726  -53.631  -20.824 0.5000000000
31850  -23.265  -53.522  -20.905 0.6000000238
31860  -24.063  -52.841  -21.208 0.6000000238
31861  -24.541  -52.919  -21.454 0.6000000238
31862  -25.100  -53.179  -21.707 0.6000000238
31863  -25.608  -53.519  -21.993 0.6999999881
31873  -25.554  -52.794  -22.771 0.6999999881
31886  -25.878  -53.275  -23.079 0.6000000238
31905  -25.541  -52.956  -24.978 0.6000000238
31906  -25.829  -53.245  -24.338 0.6000000238
31916  -25.759  -53.656  -24.984 0.6000000238
31929  -24.578  -53.263  -26.990 0.6000000238
31930  -25.051  -53.491  -26.557 0.5000000000
31934  -24.286  -53.321  -27.397 0.6000000238
31938  -23.574  -53.278  -27.935 0.6000000238
31942  -21.652  -52.883  -29.052 0.6999999881
31945  -23.205  -53.404  -28.361 0.6000000238
31949  -21.839  -53.450  -30.182 0.6000000238
31950  -22.497  -53.603  -29.532 0.6000000238
31956  -21.341  -53.058  -30.483 0.6000000238
31957  -21.790  -53.310  -30.626 0.6000000238
31958  -26.725  -53.473  -30.837 0.4000000060
31959  -27.253  -53.347  -30.355 0.4000000060
31975  -22.651  -53.667  -31.124 0.6000000238
31976  -23.170  -53.649  -31.373 0.6000000238
31977  -23.876  -53.500  -31.433 0.6000000238
31979  -25.995  -53.599  -31.675 0.5000000000
31991  -25.135  -53.418  -31.737 0.6000000238
32800  -23.281  -52.488  -21.137 0.4000000060
32813  -24.497  -52.065  -22.226 0.6000000238
32814  -25.052  -52.403  -22.464 0.6000000238
32824  -24.810  -51.979  -22.751 0.6000000238
32825  -25.193  -52.269  -23.134 0.6000000238
32826  -25.658  -52.791  -23.366 0.6000000238
32835  -25.289  -52.255  -24.129 0.6000000238
32836  -25.632  -52.726  -23.946 0.6000000238
32848  -25.464  -52.589  -24.521 0.6000000238
32856  -24.863  -52.307  -25.543 0.6000000238
32857  -25.253  -52.775  -25.500 0.6000000238
32861  -23.876  -52.301  -26.465 0.6000000238
32863  -24.817  -52.895  -26.431 0.6000000238
32867  -23.670  -52.560  -26.967 0.6000000238
32872  -22.746  -52.658  -27.595 0.6999999881
32874  -24.037  -52.887  -27.207 0.6000000238
32876  -21.554  -52.474  -28.560 0.6999999881
32878  -22.600  -52.905  -28.032 0.6999999881
32879  -23.030  -53.062  -27.936 0.6999999881
32882  -20.718  -52.197  -29.763 0.6000000238
32888  -21.041  -52.643  -30.151 0.6000000238
32891  -23.788  -52.450  -30.150 0.6000000238
32892  -24.766  -52.166  -29.866 0.5000000000
32896  -21.222  -52.591  -30.522 0.6000000238
32897  -21.638  -52.770  -30.745 0.6000000238
32898  -22.364  -52.880  -30.786 0.6000000238
32901  -25.409  -52.107  -30.823 0.5000000000
32915  -22.764  -53.316  -31.046 0.6000000238
32916  -23.478  -53.198  -31.130 0.6000000238
32917  -24.125  -52.933  -31.101 0.6000000238
32919  -25.609  -52.476  -31.605 0.5000000000
32930  -25.567  -53.053  -31.846 0.5000000000
32931  -26.018  -52.919  -31.907 0.4000000060
33713  -21.598  -51.622  -20.427 0.4000000060
33719  -22.103  -51.689  -20.715 0.5000000000
33729  -22.679  -51.565  -21.423 0.4000000060
33731  -23.914  -51.985  -21.883 0.5000000000
33753  -24.207  -51.372  -23.447 0.6000000238
33764  -24.579  -51.597  -23.902 0.6000000238
33777  -24.888  -51.861  -24.336 0.6000000238
33784  -23.705  -51.719  -25.588 0.6000000238
33785  -23.725  -51.435  -24.949 0.6000000238
33786  -24.727  -51.958  -24.989 0.6000000238
33791  -23.979  -52.061  -25.996 0.6000000238
33796  -22.953  -51.949  -26.616 0.6000000238
33797  -23.522  -51.952  -26.240 0.6000000238
33799  -21.161  -51.141  -27.436 0.6999999881
33801  -22.278  -52.320  -27.581 0.6999999881
33805  -20.807  -51.370  -28.110 0.6000000238
33807  -21.774  -52.167  -27.878 0.6999999881
33810  -20.214  -51.372  -29.376 0.4000000060
33812  -20.841  -52.134  -29.048 0.6999999881
33814  -22.746  -51.497  -29.102 0.5000000000
33815  -23.601  -51.615  -28.907 0.5000000000
33818  -25.539  -51.648  -28.832 0.5000000000
33819  -26.129  -51.552  -29.005 0.5000000000
33823  -20.485  -51.639  -29.881 0.6999999881
33824  -21.253  -51.728  -30.195 0.5000000000
33827  -23.875  -52.020  -29.466 0.5000000000
33828  -24.588  -51.961  -29.321 0.6000000238
33831  -26.262  -51.684  -29.764 0.3000000119
33837  -20.789  -51.734  -30.128 0.6000000238
33838  -21.014  -52.055  -30.273 0.6000000238
33839  -25.281  -52.029  -30.008 0.5000000000
33859  -26.206  -52.321  -31.750 0.4000000060
34647  -22.161  -51.240  -21.135 0.4000000060
34671  -22.360  -50.918  -22.305 0.5000000000
34672  -22.991  -51.101  -22.473 0.6000000238
34673  -23.548  -51.276  -22.707 0.6000000238
34682  -23.611  -51.194  -23.290 0.6000000238
34691  -22.568  -50.631  -23.475 0.6000000238
34694  -24.123  -51.351  -24.037 0.6000000238
34703  -23.222  -50.995  -24.247 0.5000000000
34704  -23.741  -51.256  -24.401 0.6000000238
34712  -22.427  -50.966  -25.343 0.5000000000
34720  -22.724  -51.244  -25.744 0.6000000238
34724  -22.048  -51.204  -26.492 0.6000000238
34726  -20.218  -51.031  -28.617 0.5000000000
34730  -25.694  -51.021  -27.956 0.5000000000
34731  -26.332  -50.998  -27.943 0.4000000060
34732  -26.945  -50.974  -28.157 0.4000000060
34736  -19.863  -51.134  -29.063 0.4000000060
34737  -23.456  -51.154  -28.597 0.5000000000
34738  -24.655  -51.220  -28.380 0.5000000000
34739  -25.336  -51.361  -28.345 0.5000000000
34749  -21.069  -51.214  -29.988 0.5000000000
34765  -20.828  -51.649  -30.169 0.6000000238
35559  -21.887  -50.667  -22.143 0.4000000060
35579  -21.757  -50.149  -23.024 0.6000000238
35580  -21.978  -50.371  -23.237 0.6000000238
35594  -21.215  -49.918  -24.792 0.5000000000
35596  -22.052  -50.535  -24.413 0.5000000000
35611  -21.255  -50.163  -25.793 0.6000000238
35618  -20.670  -50.260  -27.641 0.6000000238
35619  -25.819  -50.246  -27.511 0.5000000000
35620  -26.291  -50.283  -27.411 0.4000000060
35628  -23.978  -50.260  -28.099 0.5000000000
35629  -24.660  -50.551  -27.979 0.5000000000
35630  -25.382  -50.530  -27.719 0.5000000000
35632  -26.448  -50.638  -27.604 0.4000000060
35641  -20.101  -50.611  -29.496 0.4000000060
35643  -22.114  -50.298  -29.077 0.5000000000
35644  -22.767  -50.324  -28.631 0.5000000000
35654  -20.314  -50.672  -29.752 0.4000000060
35655  -21.172  -50.829  -30.018 0.4000000060
36517  -21.666  -49.823  -23.350 0.5000000000
36531  -21.311  -49.659  -24.352 0.6000000238
36539  -21.152  -49.783  -25.426 0.6000000238
36545  -21.080  -49.692  -26.061 0.5000000000
36551  -20.949  -49.655  -26.660 0.5000000000
36552  -26.955  -49.425  -26.791 0.4000000060
36559  -20.789  -49.731  -27.328 0.5000000000
36560  -24.821  -49.501  -27.540 0.5000000000
36561  -25.394  -49.911  -27.502 0.5000000000
36572  -20.217  -50.140  -28.758 0.5000000000
36573  -20.445  -49.796  -28.171 0.5000000000
36574  -23.897  -49.669  -28.001 0.5000000000
36585  -20.095  -49.916  -29.058 0.5000000000
36589  -23.368  -49.330  -28.337 0.5000000000
36603  -20.607  -49.497  -29.857 0.4000000060
37533  -21.505  -49.282  -24.092 0.5000000000
37541  -21.621  -48.810  -25.049 0.5000000000
37549  -21.106  -49.325  -25.732 0.5000000000
37563  -27.813  -48.826  -26.438 0.3000000119
37570  -21.162  -48.916  -27.340 0.5000000000
37571  -25.393  -49.285  -27.346 0.5000000000
37572  -26.379  -49.335  -26.950 0.4000000060
37579  -20.263  -49.585  -28.973 0.5000000000
37582  -23.954  -49.097  -28.096 0.5000000000
37584  -24.915  -48.412  -27.869 0.5000000000
37593  -20.439  -49.018  -29.286 0.5000000000
37594  -22.248  -49.221  -29.367 0.5000000000
37596  -23.548  -48.760  -28.625 0.5000000000
37612  -20.585  -49.071  -29.706 0.5000000000
38586  -21.586  -48.551  -26.963 0.4000000060
38589  -26.937  -48.375  -26.603 0.4000000060
38590  -27.489  -48.367  -26.408 0.3000000119
38591  -28.023  -48.309  -26.247 0.3000000119
38602  -25.921  -48.411  -27.131 0.5000000000
38609  -20.723  -48.585  -28.939 0.5000000000
38610  -21.146  -48.203  -28.529 0.5000000000
38611  -21.650  -47.924  -28.130 0.4000000060
38613  -24.526  -48.309  -28.189 0.5000000000
38626  -23.093  -48.436  -29.193 0.4000000060
38638  -21.175  -48.076  -29.729 0.5000000000
38640  -22.621  -48.192  -29.853 0.4000000060
38641  -23.286  -47.958  -29.521 0.4000000060
38648  -21.375  -47.619  -29.997 0.4000000060
38649  -21.991  -47.855  -30.170 0.4000000060
39645  -27.200  -47.815  -26.538 0.3000000119
39655  -25.583  -47.407  -27.831 0.5000000000
39668  -25.078  -47.501  -28.294 0.5000000000
39669  -25.330  -47.028  -28.452 0.5000000000
39678  -21.200  -47.432  -29.658 0.5000000000
39679  -21.492  -47.188  -29.275 0.4000000060
39681  -24.375  -47.400  -28.976 0.5000000000
39682  -24.864  -47.208  -28.762 0.5000000000
39693  -22.811  -47.748  -30.085 0.4000000060
39695  -24.040  -47.225  -29.492 0.4000000060
39704  -21.626  -47.371  -30.128 0.4000000060
39705  -22.204  -47.324  -30.240 0.4000000060
40685  -26.956  -47.172  -26.813 0.4000000060
40687  -27.903  -46.890  -26.140 0.3000000119
40697  -26.569  -46.707  -27.331 0.5000000000
40709  -26.197  -46.577  -27.818 0.5000000000
40722  -25.099  -46.801  -29.003 0.5000000000
40736  -23.699  -47.074  -30.000 0.4000000060
40738  -24.808  -46.671  -29.413 0.4000000060
40747  -21.684  -46.951  -30.092 0.4000000060
41742  -28.185  -46.339  -25.993 0.3000000119
41756  -27.303  -46.229  -26.891 0.3000000119
41757  -27.759  -46.288  -26.477 0.3000000119
41764  -26.521  -46.186  -27.776 0.4000000060
41774  -26.092  -46.209  -28.315 0.4000000060
41794  -24.714  -46.417  -29.742 0.4000000060
41795  -25.271  -46.312  -29.339 0.4000000060
41796  -25.641  -45.725  -29.532 0.4000000060
41803  -24.444  -46.254  -30.161 0.4000000060
42833  -28.488  -45.905  -25.822 0.4000000060
42835  -29.252  -45.480  -25.492 0.4000000060
42849  -28.464  -45.363  -26.030 0.4000000060
42860  -26.884  -45.659  -27.688 0.4000000060
42861  -27.350  -45.298  -27.295 0.4000000060
42862  -27.784  -45.209  -26.766 0.3000000119
42885  -26.139  -45.448  -29.218 0.4000000060
42906  -25.206  -45.477  -30.219 0.4000000060
43918  -29.524  -44.816  -25.431 0.3000000119
43932  -28.913  -45.080  -25.813 0.4000000060
43933  -29.944  -44.373  -25.345 0.3000000119
43946  -28.475  -44.800  -26.196 0.4000000060
43957  -27.402  -44.834  -27.692 0.5000000000
43965  -26.820  -44.820  -28.696 0.5000000000
43966  -27.187  -44.692  -28.223 0.5000000000
43976  -26.393  -45.024  -29.398 0.4000000060
43977  -26.644  -44.691  -29.172 0.4000000060
43989  -26.420  -44.623  -29.761 0.4000000060
43995  -26.080  -44.729  -30.140 0.4000000060
44010  -25.913  -44.471  -30.510 0.4000000060
45011  -28.439  -44.143  -26.466 0.4000000060
45012  -29.025  -43.807  -26.072 0.3000000119
45023  -27.996  -44.256  -27.121 0.4000000060
45050  -26.436  -44.071  -29.936 0.4000000060
46110  -29.625  -43.584  -25.921 0.3000000119
46139  -27.625  -43.706  -27.742 0.4000000060
46140  -27.947  -43.406  -27.326 0.4000000060
46141  -28.398  -43.170  -27.020 0.4000000060
46149  -27.237  -43.357  -28.091 0.5000000000
46150  -27.599  -43.105  -27.575 0.5000000000
46158  -26.829  -43.284  -28.618 0.5000000000
46171  -26.339  -43.508  -29.997 0.4000000060
46172  -26.468  -43.224  -29.260 0.5000000000
46180  -25.955  -43.224  -30.543 0.5000000000
47309  -28.910  -42.935  -26.736 0.4000000060
47323  -27.627  -42.525  -27.507 0.4000000060
47344  -26.122  -42.141  -29.454 0.5000000000
48474  -29.068  -42.373  -26.833 0.4000000060
48475  -29.612  -42.141  -26.759 0.3000000119
48487  -28.698  -42.157  -27.079 0.3000000119
48498  -26.918  -41.789  -28.092 0.5000000000
48507  -26.212  -41.532  -29.075 0.5000000000
48508  -26.591  -41.664  -28.469 0.5000000000
49616  -28.366  -41.271  -27.412 0.4000000060
49617  -28.901  -41.261  -27.265 0.3000000119
49618  -29.476  -41.266  -27.284 0.3000000119
49625  -26.976  -41.231  -28.180 0.5000000000
49626  -27.298  -41.614  -27.856 0.5000000000
49627  -27.810  -41.330  -27.661 0.4000000060
50790  -28.643  -40.806  -27.419 0.4000000060
50791  -29.148  -40.793  -27.395 0.3000000119
50792  -29.683  -40.809  -27.600 0.3000000119
50798  -26.819  -40.619  -28.275 0.5000000000
50799  -27.243  -40.727  -27.992 0.5000000000
50811  -25.956  -40.462  -29.154 0.5000000000
50812  -26.374  -40.514  -28.658 0.5000000000
52000  -28.427  -40.363  -27.509 0.4000000060
52007  -26.986  -39.585  -27.933 0.5000000000
52009  -28.255  -39.859  -27.615 0.4000000060
52010  -28.842  -40.038  -27.697 0.4000000060
52011  -29.447  -39.781  -28.016 0.3000000119
52020  -26.101  -39.938  -28.728 0.5000000000
52021  -26.598  -40.028  -28.267 0.5000000000
52029  -25.683  -39.824  -29.426 0.5000000000
53253  -28.690  -38.797  -27.747 0.4000000060
53260  -25.965  -38.879  -28.841 0.5000000000
54347  -26.805  -38.235  -27.921 0.5000000000
54361  -25.983  -38.296  -28.805 0.5000000000
54362  -26.367  -38.613  -28.296 0.5000000000
54379  -25.681  -38.528  -29.402 0.5000000000
55396  -25.313  -37.552  -29.761 0.5000000000
55397  -25.672  -37.981  -29.325 0.5000000000
56343  -26.311  -37.482  -28.349 0.5000000000
227091  -21.769  -55.030  -20.722 0.5000000000
228316  -24.669  -52.612  -31.164 0.5000000000
228480  -21.108  -50.074  -26.386 0.6000000238
228550  -25.782  -56.216  -26.196 0.6000000238
229378  -24.523  -54.891  -30.094 0.6000000238
229546  -20.015  -61.848  -20.168 0.5000000000
229966  -26.781  -43.782  -29.035 0.5000000000
230503  -24.812  -56.075  -25.913 0.5000000000
231661  -25.402  -57.036  -20.993 0.6000000238
231834  -21.853  -48.868  -29.854 0.4000000060
231939  -26.500  -59.244  -24.432 0.6999999881
232107  -21.844  -46.446  -30.113 0.4000000060
232458  -24.047  -61.760  -22.889 0.6999999881
232635  -24.294  -49.417  -27.751 0.5000000000
232955  -21.108  -64.090  -24.317 0.6000000238
233040  -25.957  -60.386  -25.623 0.6999999881
233869  -22.902  -48.989  -28.892 0.5000000000
235319  -21.362  -63.893  -25.911 0.5000000000
235698  -23.350  -55.795  -20.088 0.6000000238
235794  -24.360  -46.542  -29.962 0.4000000060
236181  -25.257  -60.904  -24.640 0.6000000238
236483  -25.963  -54.219  -24.047 0.6000000238
236662  -27.189  -45.818  -27.184 0.4000000060
237135  -25.276  -58.090  -20.991 0.6000000238
237160  -24.550  -55.689  -20.115 0.6000000238
237540  -25.994  -60.419  -27.112 0.6000000238
237690  -25.982  -55.341  -22.458 0.6000000238
237719  -26.585  -43.775  -29.556 0.4000000060
237766  -24.752  -55.063  -28.885 0.6000000238
239063  -25.390  -58.440  -22.783 0.5000000000
239507  -22.867  -58.011  -19.609 0.5000000000
239809  -22.205  -59.731  -19.545 0.5000000000
240183  -23.300  -54.239  -31.296 0.6000000238
240267  -24.036  -51.285  -28.610 0.5000000000
240389  -22.136  -52.838  -20.680 0.5000000000
240673  -22.007  -51.946  -27.337 0.6999999881
241091  -23.917  -61.206  -20.819 0.6999999881
241595  -21.992  -62.195  -20.322 0.6999999881
242380  -21.328  -49.010  -25.497 0.4000000060
242452  -20.704  -49.943  -29.963 0.4000000060
242478  -20.476  -52.115  -20.046 0.5000000000
242925  -24.469  -61.066  -22.264 0.6999999881
243518  -25.326  -58.154  -21.689 0.6000000238
243885  -27.912  -40.325  -27.625 0.4000000060
244110  -28.162  -45.149  -26.396 0.4000000060
244150  -25.063  -56.293  -20.251 0.6000000238
244353  -21.419  -55.507  -20.793 0.5000000000
244461  -25.848  -55.295  -21.375 0.6000000238
245036  -21.780  -63.693  -24.811 0.6000000238
245604  -22.677  -59.435  -19.538 0.6000000238
245680  -25.617  -47.983  -27.467 0.5000000000
246063  -25.371  -52.396  -23.662 0.6000000238
246391  -26.030  -53.692  -23.364 0.6000000238
246673  -25.115  -52.405  -31.232 0.6000000238
247335  -26.490  -47.295  -27.174 0.4000000060
247482  -23.799  -52.747  -30.723 0.6000000238
248305  -27.883  -43.884  -27.395 0.4000000060
248461  -23.754  -59.563  -19.670 0.6000000238
248896  -28.113  -41.709  -27.433 0.4000000060
249144  -22.579  -53.039  -20.817 0.5000000000
249216  -26.057  -54.114  -23.593 0.6000000238
249608  -26.041  -55.018  -21.943 0.6999999881
249850  -22.952  -58.539  -19.591 0.5000000000
250304  -27.473  -47.308  -26.337 0.3000000119
250426  -25.180  -54.418  -20.852 0.6000000238
250559  -28.217  -57.951  -26.892 0.6999999881
250755  -25.046  -58.096  -20.384 0.6000000238
251417  -27.526  -57.138  -25.794 0.6000000238
251494  -24.467  -61.282  -22.823 0.6999999881
252011  -24.751  -57.811  -19.951 0.6000000238
252490  -27.888  -47.418  -26.083 0.3000000119
253744  -28.163  -42.228  -27.282 0.4000000060
253817  -26.521  -60.095  -26.912 0.6999999881
253985  -25.833  -55.941  -22.441 0.5000000000
253988  -22.569  -58.904  -19.626 0.5000000000
254358  -22.064  -50.666  -24.947 0.5000000000
254748  -30.062  -41.980  -26.832 0.3000000119
254770  -21.365  -54.571  -20.842 0.5000000000
254828  -26.760  -50.736  -27.762 0.4000000060
255941  -22.434  -50.013  -28.819 0.5000000000
256269  -23.159  -62.428  -22.204 0.6999999881
256278  -21.412  -63.832  -26.485 0.5000000000
256722  -25.004  -48.924  -27.570 0.5000000000
256939  -22.020  -63.564  -24.024 0.6000000238
258225  -23.959  -51.428  -22.944 0.6000000238
258232  -23.110  -62.285  -25.825 0.5000000000
258278  -21.670  -63.305  -22.294 0.6000000238
258608  -27.027  -43.770  -28.542 0.5000000000
259634  -25.170  -54.711  -26.148 0.5000000000
259778  -24.290  -60.435  -20.479 0.6999999881
260368  -20.888  -64.106  -23.437 0.5000000000
260711  -25.516  -56.755  -24.860 0.4000000060
260946  -26.218  -59.693  -24.288 0.6999999881
261839  -20.157  -51.232  -28.976 0.6000000238
263210  -26.420  -48.349  -26.874 0.3000000119
263376  -25.526  -45.480  -29.960 0.4000000060
263590  -22.612  -52.027  -29.748 0.6000000238
263603  -24.966  -52.671  -25.933 0.6000000238
264291  -22.674  -60.391  -19.593 0.5000000000
264454  -21.797  -50.803  -26.184 0.6000000238
265000  -25.841  -56.084  -21.961 0.6000000238
265233  -22.233  -59.245  -19.652 0.5000000000
265901  -23.180  -57.812  -19.534 0.5000000000
266083  -22.965  -50.900  -28.686 0.5000000000
266893  -24.803  -55.675  -27.622 0.6000000238
267970  -24.039  -46.350  -30.375 0.4000000060
268068  -26.311  -54.814  -28.489 0.6000000238
268218  -21.171  -50.414  -26.696 0.5000000000
269546  -24.256  -53.233  -21.160 0.6000000238
269585  -21.213  -49.559  -24.689 0.6000000238
269634  -23.555  -61.806  -26.499 0.5000000000
270473  -22.854  -52.600  -20.957 0.5000000000
270632  -24.689  -47.579  -28.589 0.5000000000
270762  -26.237  -48.828  -26.916 0.5000000000
271254  -26.070  -54.061  -23.159 0.6999999881
271255  -24.047  -61.829  -23.328 0.6000000238
