#!ascii label  , from subject corrected_filled vox2ras=TkReg
2065
25161  -34.400  -58.485  -32.275 0.5000000000
24249  -32.382  -58.484  -32.566 0.8000000119
28104  -32.562  -56.089  -32.762 0.8000000119
26177  -32.321  -57.326  -32.830 0.8000000119
26179  -33.718  -57.260  -32.685 0.8000000119
264347  -34.211  -59.678  -31.799 0.5000000000
25160  -33.722  -58.511  -32.412 0.5000000000
26180  -34.314  -57.412  -32.589 0.6000000238
229318  -32.931  -54.279  -32.819 0.6999999881
254149  -33.512  -55.071  -32.849 0.6999999881
243362  -34.369  -56.144  -32.740 0.8000000119
257581  -34.890  -56.605  -32.619 0.6999999881
22314  -33.679  -60.258  -31.044 0.6000000238
24241  -34.820  -59.009  -31.998 0.5000000000
255894  -36.022  -58.024  -32.029 0.6000000238
249723  -32.072  -52.813  -32.753 0.6999999881
26170  -34.773  -57.900  -32.366 0.6000000238
27137  -36.707  -56.659  -32.028 0.6000000238
32008  -32.295  -53.358  -32.855 0.6999999881
30138  -31.835  -54.407  -32.578 0.6999999881
226707  -34.133  -55.033  -32.862 0.6999999881
28098  -36.104  -56.221  -32.256 0.6000000238
265533  -38.022  -55.209  -31.974 0.6000000238
29143  -35.352  -54.841  -32.595 0.8000000119
262283  -35.749  -55.272  -32.463 0.8000000119
30135  -37.390  -54.716  -32.193 0.6999999881
24229  -36.143  -58.909  -30.682 0.4000000060
26166  -37.274  -57.564  -31.313 0.6000000238
33886  -32.225  -51.687  -32.788 0.6999999881
29137  -38.825  -55.503  -31.541 0.6000000238
33888  -33.141  -51.494  -33.018 0.6999999881
245071  -33.834  -52.772  -32.885 0.6999999881
227787  -33.960  -53.974  -32.885 0.6999999881
31067  -34.562  -53.895  -32.785 0.6999999881
31069  -35.761  -53.826  -32.582 0.6000000238
31062  -37.430  -54.151  -32.249 0.6999999881
34805  -40.251  -51.384  -31.325 0.5000000000
32952  -35.893  -52.744  -32.017 0.6000000238
32953  -36.574  -52.864  -31.965 0.6000000238
32954  -37.309  -52.944  -31.998 0.6000000238
33874  -38.615  -51.982  -31.699 0.6000000238
33873  -37.928  -51.886  -31.579 0.6000000238
35703  -39.217  -50.516  -31.472 0.5000000000
27126  -37.160  -57.469  -30.531 0.4000000060
26162  -37.065  -57.963  -30.928 0.5000000000
35711  -32.064  -50.173  -32.382 0.6999999881
28095  -38.478  -56.429  -30.653 0.6000000238
30127  -39.736  -55.067  -30.205 0.6000000238
247512  -33.954  -51.693  -32.521 0.6999999881
234828  -40.039  -53.860  -31.344 0.6000000238
265844  -34.864  -52.246  -32.268 0.6999999881
32946  -40.712  -52.826  -31.030 0.5000000000
33877  -40.894  -52.166  -31.061 0.6000000238
32940  -35.645  -52.304  -31.738 0.6999999881
33872  -37.282  -51.887  -31.493 0.6000000238
35705  -40.381  -50.634  -31.345 0.5000000000
35693  -41.436  -50.335  -30.833 0.5000000000
34802  -38.054  -50.765  -31.401 0.5000000000
35706  -28.654  -50.336  -32.012 0.6000000238
36647  -29.446  -49.486  -31.558 0.6000000238
27125  -36.797  -57.141  -30.197 0.5000000000
30124  -38.138  -55.412  -30.114 0.5000000000
36657  -30.601  -49.420  -32.307 0.6999999881
34808  -30.466  -50.542  -32.251 0.6999999881
29125  -38.699  -55.934  -30.146 0.5000000000
31049  -39.640  -54.774  -30.001 0.5000000000
32912  -40.622  -53.295  -29.481 0.4000000060
34794  -32.576  -50.436  -32.417 0.6999999881
31038  -40.916  -54.196  -29.648 0.5000000000
34796  -33.568  -51.215  -31.612 0.6999999881
253921  -33.960  -51.370  -31.230 0.6999999881
34763  -42.061  -51.716  -29.312 0.5000000000
34798  -35.027  -51.695  -31.215 0.6999999881
252144  -36.586  -51.088  -31.073 0.6000000238
260948  -42.037  -51.693  -30.366 0.5000000000
34800  -36.923  -51.415  -31.295 0.6000000238
35679  -42.872  -50.712  -30.099 0.5000000000
35691  -37.660  -49.954  -31.075 0.5000000000
36651  -38.114  -49.821  -31.208 0.5000000000
36643  -39.626  -49.566  -31.279 0.5000000000
37642  -42.099  -49.339  -30.408 0.5000000000
243632  -40.381  -49.494  -30.991 0.5000000000
39715  -43.353  -47.866  -29.957 0.3000000119
34774  -39.275  -51.796  -29.530 0.3000000119
35695  -27.980  -50.492  -31.608 0.6000000238
36632  -28.926  -49.838  -31.347 0.6000000238
32928  -38.542  -53.252  -30.011 0.4000000060
33849  -39.941  -52.442  -29.565 0.4000000060
35672  -31.635  -49.573  -31.024 0.6000000238
34762  -41.516  -51.647  -29.181 0.5000000000
35699  -32.080  -49.978  -31.978 0.6999999881
34782  -33.135  -50.921  -31.203 0.6999999881
34764  -42.491  -51.398  -29.279 0.5000000000
263983  -35.247  -50.684  -30.461 0.5000000000
35669  -43.354  -50.735  -29.112 0.5000000000
35690  -36.525  -50.541  -30.827 0.5000000000
37633  -43.908  -48.932  -29.306 0.4000000060
37632  -43.389  -49.065  -29.877 0.3000000119
39716  -44.122  -47.958  -29.413 0.4000000060
38658  -40.602  -48.381  -30.281 0.5000000000
38660  -42.048  -48.256  -30.309 0.4000000060
35681  -28.091  -50.571  -30.719 0.6000000238
35671  -29.120  -50.018  -30.028 0.6000000238
231871  -29.691  -49.396  -30.572 0.6000000238
36621  -30.591  -49.140  -30.493 0.6000000238
37624  -31.749  -49.235  -29.721 0.6000000238
252325  -41.603  -50.093  -28.525 0.3000000119
36599  -42.431  -50.206  -28.457 0.4000000060
35673  -32.408  -50.210  -30.401 0.6000000238
38635  -42.192  -48.902  -28.189 0.3000000119
35674  -33.043  -50.379  -30.210 0.6000000238
34784  -34.225  -51.160  -30.757 0.6999999881
40732  -43.886  -47.287  -28.177 0.3000000119
36600  -43.053  -50.146  -28.554 0.3000000119
250932  -34.511  -50.122  -30.002 0.6000000238
249272  -44.328  -45.446  -28.171 0.3000000119
39692  -44.014  -47.898  -28.407 0.3000000119
37626  -35.440  -49.142  -30.010 0.5000000000
36628  -35.677  -49.656  -30.220 0.5000000000
36638  -36.671  -49.430  -30.584 0.5000000000
42903  -44.804  -45.738  -29.039 0.3000000119
40733  -44.637  -46.423  -28.564 0.3000000119
37635  -37.482  -48.829  -30.780 0.5000000000
37637  -38.597  -49.004  -31.009 0.5000000000
41809  -44.057  -46.212  -29.849 0.3000000119
38663  -37.314  -48.503  -30.555 0.5000000000
40755  -42.017  -47.098  -30.184 0.4000000060
250964  -43.217  -46.316  -30.097 0.3000000119
35645  -28.518  -50.492  -28.809 0.5000000000
35646  -29.128  -50.113  -28.973 0.6000000238
36606  -30.053  -49.494  -29.468 0.5000000000
36623  -32.133  -49.717  -30.081 0.6000000238
239427  -32.390  -48.896  -29.271 0.5000000000
46168  -44.091  -43.280  -28.572 0.3000000119
36609  -33.700  -49.437  -29.543 0.6000000238
48526  -44.600  -42.179  -28.868 0.3000000119
45047  -44.600  -44.366  -28.442 0.3000000119
37625  -34.757  -49.490  -29.748 0.6000000238
37628  -36.543  -48.887  -30.391 0.5000000000
39701  -38.448  -47.603  -29.877 0.5000000000
39712  -40.853  -47.733  -30.100 0.4000000060
40753  -40.764  -46.758  -29.829 0.4000000060
36578  -29.292  -49.737  -27.967 0.5000000000
233864  -30.272  -49.227  -28.363 0.5000000000
37587  -31.213  -48.631  -28.331 0.5000000000
37615  -30.941  -49.074  -29.273 0.5000000000
37599  -31.582  -48.594  -28.690 0.5000000000
252273  -42.612  -40.940  -28.642 0.3000000119
49646  -43.747  -41.103  -28.801 0.3000000119
242197  -33.619  -48.868  -29.293 0.6000000238
38645  -35.031  -48.244  -29.524 0.6000000238
38646  -35.530  -48.134  -29.710 0.5000000000
39709  -37.756  -47.725  -29.935 0.5000000000
42913  -42.735  -45.690  -30.252 0.4000000060
42911  -41.297  -45.486  -30.194 0.4000000060
37585  -30.157  -49.083  -27.880 0.5000000000
38614  -31.043  -48.439  -27.881 0.5000000000
38615  -31.613  -48.177  -28.174 0.5000000000
226652  -42.198  -39.113  -28.527 0.4000000060
53272  -42.795  -38.440  -28.623 0.4000000060
38617  -32.846  -48.022  -28.619 0.5000000000
38630  -33.458  -47.985  -28.797 0.5000000000
270936  -43.472  -38.293  -28.875 0.4000000060
52040  -44.579  -39.733  -29.149 0.3000000119
40724  -33.881  -47.124  -28.546 0.4000000060
49655  -44.864  -41.181  -29.379 0.3000000119
39696  -34.597  -47.880  -29.212 0.5000000000
39698  -35.836  -47.520  -29.381 0.4000000060
235151  -36.172  -47.780  -29.745 0.4000000060
42910  -40.604  -45.605  -29.918 0.4000000060
38593  -30.532  -48.116  -26.709 0.5000000000
232757  -31.192  -47.928  -27.205 0.5000000000
39659  -32.187  -47.181  -27.232 0.5000000000
55393  -42.094  -37.195  -28.313 0.4000000060
39671  -32.905  -47.545  -28.192 0.5000000000
40699  -33.066  -46.666  -27.589 0.4000000060
260892  -43.184  -36.519  -29.710 0.4000000060
55406  -43.711  -37.586  -30.032 0.4000000060
40712  -33.692  -46.753  -28.171 0.4000000060
40725  -34.386  -47.085  -28.655 0.4000000060
53300  -44.135  -38.518  -30.104 0.4000000060
252335  -35.543  -46.785  -28.795 0.4000000060
41797  -36.540  -46.562  -29.068 0.4000000060
41798  -37.195  -46.245  -29.125 0.4000000060
40743  -38.840  -46.681  -29.448 0.4000000060
42900  -38.214  -45.587  -29.284 0.4000000060
238182  -40.198  -45.086  -30.051 0.4000000060
45076  -41.423  -43.937  -31.076 0.4000000060
44012  -40.876  -44.298  -30.806 0.4000000060
39647  -30.160  -47.935  -26.231 0.5000000000
39649  -31.262  -47.424  -26.520 0.4000000060
59247  -41.979  -35.150  -28.095 0.4000000060
57323  -42.827  -36.188  -29.250 0.4000000060
40689  -32.041  -46.627  -26.775 0.5000000000
41767  -32.933  -46.181  -27.243 0.4000000060
41777  -34.672  -46.160  -28.187 0.4000000060
54400  -42.474  -38.247  -30.381 0.4000000060
41786  -35.668  -46.257  -28.654 0.4000000060
42888  -36.455  -45.668  -28.729 0.4000000060
232929  -42.359  -43.066  -31.150 0.3000000119
42908  -39.450  -45.185  -29.631 0.4000000060
40676  -31.171  -46.586  -25.986 0.4000000060
41747  -31.892  -45.970  -26.334 0.5000000000
41759  -32.384  -46.015  -26.760 0.4000000060
57331  -41.319  -35.806  -29.430 0.4000000060
42852  -33.383  -45.290  -27.159 0.4000000060
42864  -33.698  -45.742  -27.556 0.4000000060
43967  -34.501  -44.820  -27.752 0.4000000060
42875  -34.529  -45.670  -27.962 0.4000000060
43969  -35.440  -45.059  -28.226 0.4000000060
43978  -36.079  -45.221  -28.454 0.4000000060
233405  -37.289  -45.103  -28.912 0.4000000060
43991  -38.440  -45.005  -29.403 0.4000000060
46206  -41.189  -43.457  -31.501 0.4000000060
45060  -39.503  -44.368  -30.255 0.4000000060
45072  -40.289  -43.981  -31.138 0.4000000060
42837  -31.726  -45.547  -25.998 0.4000000060
43948  -32.736  -44.690  -26.542 0.4000000060
43949  -33.279  -44.683  -26.884 0.4000000060
45024  -34.058  -43.937  -27.414 0.4000000060
253353  -35.258  -44.456  -28.112 0.4000000060
45039  -36.082  -44.001  -28.593 0.4000000060
47383  -41.553  -42.872  -31.769 0.4000000060
45052  -36.705  -43.678  -29.182 0.4000000060
242687  -37.650  -44.135  -29.443 0.4000000060
46182  -37.196  -43.122  -30.088 0.4000000060
46184  -38.388  -43.664  -30.431 0.4000000060
46195  -39.127  -43.715  -31.179 0.4000000060
45013  -32.640  -44.024  -26.246 0.4000000060
46130  -33.372  -43.667  -26.893 0.4000000060
46143  -33.727  -43.545  -27.262 0.4000000060
47338  -34.730  -42.933  -28.300 0.4000000060
45032  -35.043  -43.928  -28.006 0.4000000060
47359  -35.172  -42.469  -29.179 0.4000000060
46160  -35.744  -43.396  -28.591 0.4000000060
47361  -36.269  -42.821  -29.704 0.4000000060
47367  -36.669  -42.846  -30.201 0.4000000060
46212  -40.339  -43.275  -32.200 0.3000000119
46201  -38.189  -43.357  -31.664 0.4000000060
46211  -39.727  -43.319  -32.242 0.4000000060
47299  -32.082  -43.060  -26.069 0.4000000060
47315  -32.921  -42.884  -26.817 0.4000000060
48500  -32.561  -41.637  -27.719 0.4000000060
48494  -33.480  -42.225  -27.600 0.4000000060
48510  -34.317  -42.146  -28.954 0.4000000060
47366  -35.767  -42.553  -30.125 0.4000000060
47375  -35.818  -42.623  -30.965 0.4000000060
49694  -41.450  -41.564  -32.540 0.4000000060
47403  -41.013  -42.207  -32.675 0.3000000119
47377  -36.886  -43.076  -31.329 0.4000000060
47391  -38.768  -43.001  -32.633 0.5000000000
47401  -39.858  -42.290  -32.828 0.4000000060
47389  -37.461  -43.170  -32.731 0.5000000000
48499  -31.936  -41.530  -27.665 0.4000000060
49632  -32.719  -41.520  -28.312 0.4000000060
48501  -33.125  -41.827  -27.912 0.4000000060
49661  -32.681  -41.498  -29.847 0.4000000060
235424  -33.819  -41.885  -29.062 0.4000000060
47382  -36.263  -42.935  -31.722 0.4000000060
47398  -37.844  -42.608  -32.956 0.5000000000
49630  -31.631  -41.298  -28.319 0.4000000060
49639  -31.672  -41.186  -29.104 0.4000000060
49660  -32.113  -41.319  -30.197 0.4000000060
47396  -36.625  -42.935  -32.738 0.4000000060
48558  -37.444  -42.114  -32.999 0.5000000000
50824  -30.919  -40.446  -29.148 0.4000000060
50831  -31.037  -40.386  -29.794 0.4000000060
50847  -31.476  -40.710  -30.804 0.4000000060
49702  -36.939  -40.874  -33.377 0.5000000000
56367  -30.296  -37.326  -30.229 0.4000000060
53277  -30.476  -39.488  -29.791 0.4000000060
54407  -30.333  -37.944  -30.543 0.4000000060
53293  -30.652  -39.391  -30.334 0.4000000060
54408  -30.585  -38.553  -30.866 0.4000000060
54412  -31.013  -38.893  -31.831 0.5000000000
55410  -30.189  -37.825  -29.882 0.4000000060
38656  -38.792  -48.116  -30.206 0.5000000000
40751  -39.674  -47.220  -29.728 0.5000000000
41807  -41.682  -46.081  -30.136 0.4000000060
263426  -32.449  -59.910  -32.211 0.5000000000
26176  -31.555  -57.298  -32.871 0.8000000119
231900  -31.652  -56.251  -32.663 0.8000000119
29138  -31.851  -55.393  -32.535 0.6999999881
22299  -32.534  -60.402  -30.914 0.5000000000
30131  -31.351  -54.812  -32.076 0.6999999881
229209  -32.828  -60.369  -30.180 0.5000000000
239742  -31.135  -52.894  -32.074 0.6999999881
24222  -36.007  -58.855  -30.259 0.4000000060
22302  -34.532  -60.155  -30.322 0.4000000060
33883  -31.717  -51.529  -32.618 0.6999999881
233016  -29.757  -49.815  -32.145 0.6999999881
26157  -35.938  -57.722  -29.923 0.4000000060
28088  -36.443  -56.545  -30.118 0.4000000060
267953  -27.803  -50.987  -32.154 0.6000000238
32927  -37.843  -53.088  -30.099 0.4000000060
34767  -27.193  -51.141  -30.668 0.6000000238
34742  -27.916  -50.909  -28.865 0.5000000000
35634  -28.368  -50.377  -28.052 0.5000000000
36567  -29.052  -49.596  -27.351 0.5000000000
37566  -29.573  -48.849  -26.666 0.4000000060
40674  -30.137  -46.845  -25.489 0.4000000060
41733  -30.179  -45.898  -25.230 0.4000000060
41745  -30.830  -46.131  -25.542 0.4000000060
43920  -30.679  -44.932  -25.234 0.4000000060
46113  -31.288  -43.381  -25.665 0.4000000060
48478  -31.760  -42.222  -26.695 0.4000000060
48491  -31.564  -41.854  -27.179 0.4000000060
50805  -31.088  -41.143  -28.207 0.4000000060
52022  -30.491  -40.009  -28.847 0.4000000060
56356  -30.136  -37.261  -29.567 0.4000000060
24247  -31.150  -58.805  -32.748 0.8000000119
244154  -33.076  -56.319  -32.772 0.8000000119
24237  -35.919  -59.039  -31.252 0.5000000000
243774  -32.414  -55.479  -32.708 0.6999999881
32959  -34.450  -52.819  -32.763 0.6999999881
28101  -38.158  -56.417  -31.295 0.6000000238
32007  -38.724  -53.826  -31.872 0.6999999881
259976  -36.951  -53.800  -32.350 0.6999999881
31989  -41.046  -54.152  -29.960 0.6000000238
32945  -39.887  -52.577  -31.518 0.6000000238
268669  -38.707  -52.623  -31.809 0.6000000238
35698  -31.660  -49.582  -32.105 0.6999999881
233336  -41.785  -52.734  -30.007 0.5000000000
36635  -30.527  -48.984  -31.383 0.6000000238
246427  -37.483  -54.657  -30.186 0.5000000000
31988  -39.114  -54.056  -29.940 0.5000000000
264587  -41.157  -51.049  -28.974 0.3000000119
254456  -39.479  -48.745  -30.642 0.5000000000
266526  -31.346  -49.096  -29.520 0.6000000238
39707  -36.644  -47.941  -30.007 0.5000000000
269205  -39.847  -47.553  -29.892 0.5000000000
41800  -39.733  -46.172  -29.540 0.4000000060
40741  -37.634  -46.771  -29.347 0.4000000060
44014  -42.268  -44.628  -30.648 0.4000000060
43996  -39.197  -44.638  -29.843 0.4000000060
43980  -36.933  -44.614  -28.853 0.4000000060
246333  -31.803  -44.535  -25.758 0.4000000060
46193  -37.977  -43.351  -30.983 0.4000000060
52066  -31.069  -39.716  -31.147 0.4000000060
11144  -22.703  -69.795  -31.175 0.4000000060
11167  -23.045  -70.207  -32.637 0.4000000060
226287  -22.888  -70.238  -33.439 0.4000000060
227533  -23.489  -70.167  -33.912 0.4000000060
11164  -20.998  -69.851  -32.919 0.4000000060
11188  -21.772  -69.937  -33.836 0.4000000060
11193  -21.932  -69.777  -34.142 0.4000000060
11956  -21.577  -69.134  -34.221 0.4000000060
13455  -22.716  -68.404  -34.191 0.5000000000
11949  -20.313  -69.293  -33.414 0.4000000060
12707  -20.502  -68.980  -33.787 0.4000000060
233374  -20.944  -67.639  -34.141 0.5000000000
240414  -21.858  -67.816  -34.481 0.5000000000
15656  -22.279  -66.024  -34.215 0.6000000238
13428  -19.649  -68.167  -32.412 0.4000000060
13429  -19.936  -68.255  -32.904 0.4000000060
14920  -20.619  -66.685  -33.161 0.4000000060
14158  -22.126  -67.223  -34.412 0.5000000000
23238  -34.702  -59.847  -29.858 0.3000000119
24215  -34.752  -58.855  -29.508 0.4000000060
29120  -35.659  -55.324  -29.968 0.3000000119
14150  -22.853  -66.644  -33.781 0.5000000000
20527  -28.867  -61.720  -30.903 0.5000000000
22284  -31.224  -60.429  -29.882 0.4000000060
16375  -20.914  -64.935  -30.976 0.4000000060
15652  -21.266  -66.137  -33.627 0.5000000000
15653  -21.718  -65.919  -33.982 0.5000000000
15631  -20.328  -65.971  -31.553 0.4000000060
14911  -20.429  -66.480  -32.646 0.4000000060
15654  -22.732  -66.098  -34.145 0.6000000238
15650  -23.299  -65.774  -33.543 0.6000000238
17973  -25.067  -64.235  -33.386 0.6999999881
21424  -30.318  -61.088  -31.153 0.5000000000
16400  -23.825  -65.148  -32.763 0.6999999881
18794  -25.997  -63.508  -32.190 0.6999999881
20540  -29.083  -61.812  -31.760 0.6999999881
257649  -25.862  -63.764  -32.771 0.6999999881
18785  -27.386  -63.132  -32.600 0.6999999881
16406  -21.609  -65.166  -33.349 0.5000000000
260992  -21.766  -65.407  -33.833 0.6000000238
16413  -22.782  -65.200  -34.267 0.6000000238
17977  -23.850  -63.827  -34.035 0.6000000238
17156  -21.562  -64.078  -31.973 0.4000000060
256408  -21.613  -64.457  -32.499 0.5000000000
17975  -22.581  -63.908  -33.443 0.6000000238
16414  -23.367  -64.884  -34.185 0.6000000238
262766  -25.126  -63.704  -34.005 0.6000000238
17974  -25.525  -63.938  -33.702 0.6000000238
31046  -36.907  -54.080  -30.184 0.3000000119
17176  -24.234  -64.751  -33.764 0.6000000238
17966  -26.025  -63.795  -33.429 0.6999999881
21435  -30.352  -61.163  -31.895 0.6000000238
22312  -32.017  -60.340  -31.481 0.5000000000
19655  -22.940  -61.962  -30.918 0.6000000238
19663  -23.012  -62.108  -31.483 0.6000000238
19672  -23.177  -62.299  -31.986 0.6999999881
18800  -23.184  -62.972  -32.839 0.6000000238
18801  -23.798  -62.888  -33.068 0.6000000238
19682  -25.689  -62.987  -33.917 0.6000000238
17947  -22.016  -63.395  -31.134 0.5000000000
17170  -21.854  -64.607  -33.093 0.6000000238
18812  -27.025  -63.206  -34.072 0.6000000238
18805  -27.682  -63.065  -33.773 0.6999999881
262953  -29.018  -62.189  -33.160 0.6999999881
19675  -28.008  -63.025  -32.993 0.6999999881
22323  -31.649  -60.326  -32.015 0.6000000238
20552  -29.336  -61.841  -32.639 0.6999999881
20525  -24.029  -61.386  -31.155 0.6000000238
20537  -24.308  -61.408  -31.561 0.6999999881
21439  -25.345  -61.006  -32.208 0.6999999881
19674  -24.222  -61.963  -32.421 0.6999999881
20556  -25.822  -61.753  -33.047 0.6000000238
23264  -32.324  -59.583  -32.460 0.5000000000
20564  -27.653  -62.501  -33.824 0.6999999881
20560  -29.001  -61.890  -33.333 0.6999999881
259482  -30.524  -60.898  -32.615 0.6000000238
24234  -28.144  -58.979  -32.193 0.6999999881
24244  -29.438  -58.801  -32.675 0.6999999881
21433  -25.453  -60.646  -31.787 0.6999999881
22321  -27.583  -59.839  -32.718 0.6000000238
23268  -28.145  -59.754  -32.837 0.5000000000
21440  -25.811  -60.809  -32.329 0.6999999881
21445  -26.041  -61.237  -32.751 0.6000000238
21447  -28.571  -61.167  -33.266 0.6999999881
260043  -31.355  -59.528  -32.736 0.5000000000
20562  -26.234  -62.244  -33.535 0.6000000238
21448  -29.229  -61.223  -33.211 0.6999999881
21449  -30.321  -60.766  -32.779 0.6000000238
25157  -29.428  -58.209  -32.160 0.6999999881
26174  -30.250  -57.649  -32.632 0.6999999881
259892  -30.676  -56.699  -32.514 0.6999999881
23272  -30.806  -59.479  -32.805 0.6000000238
24246  -30.474  -58.807  -32.733 0.6999999881
267381  -31.009  -60.562  -30.409 0.5000000000
247560  -29.420  -59.787  -32.931 0.6000000238
11166  -22.276  -70.099  -32.727 0.4000000060
12714  -22.140  -68.975  -34.279 0.4000000060
14898  -20.015  -66.599  -31.992 0.4000000060
14155  -20.567  -67.711  -33.722 0.4000000060
16405  -21.232  -65.469  -32.958 0.4000000060
16397  -21.128  -65.256  -32.315 0.4000000060
19665  -27.481  -62.790  -31.745 0.6999999881
20551  -28.839  -62.325  -32.491 0.6999999881
17976  -23.171  -63.792  -33.802 0.6000000238
18808  -24.153  -63.339  -33.731 0.6000000238
17956  -22.124  -63.336  -31.722 0.6999999881
18792  -22.905  -62.725  -32.302 0.6000000238
20554  -24.718  -61.851  -32.684 0.6000000238
22319  -26.524  -60.151  -32.219 0.6999999881
245020  -27.251  -61.136  -33.035 0.6000000238
24238  -28.660  -58.835  -32.370 0.6000000238
22309  -25.847  -60.279  -31.371 0.5000000000
19643  -22.612  -62.314  -30.563 0.4000000060
20523  -23.355  -61.637  -30.601 0.5000000000
22296  -26.285  -60.001  -30.823 0.6000000238
18760  -21.994  -63.253  -29.715 0.4000000060
20498  -23.460  -61.449  -29.357 0.5000000000
20511  -23.349  -61.544  -29.849 0.5000000000
21412  -24.839  -60.770  -30.327 0.5000000000
23245  -26.813  -59.713  -30.453 0.5000000000
24211  -28.298  -58.838  -30.137 0.5000000000
227802  -24.864  -60.831  -30.894 0.5000000000
23254  -27.237  -59.430  -31.537 0.6000000238
25150  -28.936  -58.443  -31.414 0.5000000000
24219  -28.046  -58.953  -30.827 0.5000000000
25151  -29.297  -58.091  -31.137 0.6999999881
245248  -29.262  -58.137  -30.557 0.6000000238
28094  -30.791  -55.840  -31.125 0.6000000238
19623  -22.807  -61.956  -28.824 0.5000000000
21388  -24.341  -61.021  -29.198 0.5000000000
22269  -25.580  -60.527  -29.389 0.5000000000
23224  -27.814  -59.249  -29.696 0.5000000000
23233  -26.806  -59.759  -29.781 0.5000000000
26165  -29.964  -57.240  -31.783 0.6000000238
25143  -29.448  -57.781  -30.175 0.6000000238
27124  -30.177  -56.735  -30.657 0.5000000000
30129  -31.050  -54.670  -31.510 0.6000000238
227827  -24.734  -60.993  -28.540 0.5000000000
22259  -26.455  -60.176  -28.761 0.5000000000
23213  -27.792  -59.283  -28.599 0.5000000000
246327  -27.693  -59.388  -29.117 0.5000000000
25135  -29.197  -57.953  -29.594 0.5000000000
27130  -30.601  -56.298  -31.610 0.6000000238
270462  -29.838  -56.937  -29.840 0.5000000000
29121  -30.819  -54.899  -30.863 0.6000000238
20480  -24.125  -61.361  -27.790 0.5000000000
21375  -25.608  -60.651  -28.142 0.5000000000
23200  -26.963  -59.867  -27.766 0.5000000000
25122  -28.541  -58.169  -27.932 0.5000000000
235336  -28.975  -56.982  -27.796 0.6000000238
261991  -28.490  -58.520  -28.342 0.4000000060
29086  -28.992  -55.424  -28.031 0.4000000060
26137  -29.212  -57.028  -28.239 0.5000000000
246087  -29.429  -56.997  -28.807 0.5000000000
25129  -29.003  -57.860  -29.040 0.4000000060
31021  -28.257  -53.694  -29.111 0.4000000060
31022  -28.914  -53.690  -29.128 0.5000000000
30092  -29.831  -54.882  -28.863 0.5000000000
31951  -27.816  -53.478  -29.670 0.4000000060
29112  -30.053  -55.286  -29.239 0.6000000238
30113  -30.600  -54.588  -30.452 0.6000000238
31996  -30.853  -53.230  -31.595 0.6000000238
33866  -30.446  -51.756  -32.143 0.6000000238
30091  -29.456  -54.637  -28.624 0.5000000000
32902  -28.436  -52.678  -30.670 0.5000000000
32922  -28.763  -52.357  -31.083 0.5000000000
252633  -29.410  -53.764  -29.253 0.5000000000
31981  -26.977  -53.075  -31.164 0.4000000060
262107  -27.829  -52.677  -30.925 0.5000000000
32923  -29.452  -52.482  -30.945 0.6000000238
31963  -30.062  -53.478  -30.145 0.6000000238
32924  -30.008  -52.637  -31.033 0.6000000238
32935  -28.427  -51.951  -31.656 0.5000000000
34750  -26.758  -51.452  -30.204 0.3000000119
33855  -26.445  -51.794  -31.416 0.4000000060
33860  -26.739  -52.117  -31.834 0.4000000060
34791  -27.300  -51.323  -31.989 0.5000000000
33879  -28.690  -51.136  -32.139 0.5000000000
34807  -29.684  -50.471  -32.119 0.6000000238
38577  -29.192  -48.140  -25.984 0.3000000119
37564  -28.585  -49.068  -26.503 0.3000000119
36566  -28.458  -49.766  -27.156 0.4000000060
34733  -27.539  -50.873  -28.267 0.4000000060
40662  -29.228  -46.523  -25.411 0.3000000119
44987  -30.512  -44.379  -25.249 0.3000000119
270421  -30.005  -44.921  -25.240 0.3000000119
266118  -30.045  -43.448  -25.864 0.3000000119
47297  -31.027  -42.884  -25.963 0.3000000119
48476  -30.584  -42.072  -26.723 0.3000000119
48489  -30.372  -41.748  -27.145 0.3000000119
50803  -29.931  -40.373  -28.045 0.3000000119
239907  -30.123  -39.545  -28.763 0.3000000119
34779  -27.226  -51.032  -31.350 0.5000000000
39632  -29.210  -47.543  -25.792 0.3000000119
24235  -28.523  -58.707  -31.755 0.5000000000
21399  -24.531  -60.895  -29.880 0.5000000000
27114  -29.654  -56.949  -29.370 0.5000000000
31044  -30.405  -53.660  -30.597 0.6000000238
235515  -29.528  -61.287  -29.953 0.3000000119
18783  -26.167  -63.153  -31.433 0.6000000238
254749  -27.549  -62.472  -31.167 0.6000000238
23204  -31.828  -59.626  -27.548 0.3000000119
23214  -31.938  -59.960  -28.112 0.3000000119
22262  -32.070  -60.115  -28.660 0.3000000119
268177  -33.204  -59.891  -28.988 0.3000000119
21391  -30.209  -60.884  -28.485 0.3000000119
22271  -30.918  -60.520  -29.340 0.3000000119
22273  -32.979  -60.202  -29.441 0.3000000119
18775  -26.567  -62.893  -30.883 0.6000000238
20526  -28.350  -61.902  -30.537 0.5000000000
23194  -31.496  -59.530  -27.025 0.3000000119
24206  -32.951  -58.999  -28.242 0.3000000119
23216  -33.091  -59.509  -28.577 0.3000000119
25138  -34.449  -58.337  -29.330 0.3000000119
234460  -29.840  -61.090  -28.820 0.3000000119
21401  -29.704  -61.170  -29.350 0.3000000119
20513  -28.366  -61.836  -29.786 0.4000000060
247381  -21.722  -63.648  -30.621 0.4000000060
270528  -31.241  -59.545  -26.607 0.3000000119
25130  -32.741  -58.435  -28.063 0.3000000119
26149  -33.607  -57.509  -28.819 0.3000000119
25137  -33.962  -58.103  -29.066 0.3000000119
11953  -25.245  -69.654  -34.416 0.5000000000
12709  -25.651  -69.335  -34.162 0.5000000000
226241  -23.596  -70.311  -33.318 0.4000000060
228188  -24.178  -70.225  -33.793 0.4000000060
11191  -24.799  -70.090  -34.097 0.4000000060
11183  -25.988  -69.458  -33.990 0.5000000000
13413  -24.132  -67.537  -31.757 0.5000000000
12688  -24.846  -68.443  -32.826 0.5000000000
11952  -24.691  -69.605  -34.455 0.5000000000
12700  -24.595  -68.734  -33.499 0.5000000000
255080  -23.748  -69.916  -34.135 0.4000000060
15615  -23.911  -65.751  -30.410 0.6000000238
14900  -23.598  -66.587  -31.294 0.6000000238
14117  -23.386  -66.892  -31.817 0.5000000000
12686  -23.793  -68.101  -32.771 0.5000000000
11958  -22.717  -69.454  -34.335 0.3000000119
12715  -23.210  -69.074  -34.245 0.4000000060
268030  -23.569  -68.473  -33.651 0.5000000000
237456  -24.313  -64.885  -30.034 0.6000000238
15633  -23.505  -65.499  -31.343 0.6000000238
15643  -23.185  -66.074  -32.356 0.6000000238
248796  -22.948  -67.806  -33.880 0.4000000060
13430  -23.507  -67.724  -32.561 0.5000000000
17938  -25.235  -63.703  -30.107 0.6000000238
20490  -28.938  -61.695  -28.546 0.3000000119
19634  -27.416  -62.357  -29.640 0.4000000060
17149  -24.455  -64.367  -31.289 0.6000000238
233161  -23.018  -66.930  -33.000 0.4000000060
20481  -28.887  -61.755  -27.941 0.3000000119
21377  -30.124  -60.941  -27.879 0.3000000119
240634  -28.985  -61.583  -29.065 0.3000000119
19633  -26.838  -62.672  -29.815 0.5000000000
17158  -24.574  -64.403  -32.052 0.6000000238
17949  -25.243  -63.643  -30.796 0.6000000238
16376  -23.752  -65.295  -30.868 0.6000000238
19626  -28.084  -62.157  -28.838 0.3000000119
15616  -24.345  -65.985  -29.967 0.5000000000
15606  -24.551  -65.619  -29.405 0.5000000000
17925  -24.932  -64.054  -29.725 0.5000000000
15598  -24.806  -65.519  -28.804 0.4000000060
17918  -25.389  -63.773  -29.062 0.5000000000
14850  -25.147  -66.472  -29.314 0.5000000000
14085  -24.966  -66.771  -29.900 0.5000000000
14831  -25.368  -66.272  -28.720 0.4000000060
16343  -25.129  -65.026  -28.033 0.4000000060
17912  -25.452  -63.941  -28.525 0.4000000060
17927  -25.759  -63.351  -29.419 0.5000000000
14119  -24.324  -67.220  -31.191 0.5000000000
14098  -24.526  -66.939  -30.516 0.5000000000
230942  -26.210  -63.121  -29.039 0.4000000060
9893  -30.917  -71.207  -30.630 0.3000000119
9900  -30.352  -71.595  -31.085 0.3000000119
10520  -31.381  -70.701  -30.664 0.3000000119
11148  -31.711  -70.187  -30.782 0.3000000119
11149  -32.058  -69.529  -30.889 0.4000000060
10508  -31.469  -70.299  -29.993 0.3000000119
11129  -31.329  -69.764  -29.576 0.3000000119
11910  -32.396  -69.004  -31.534 0.4000000060
12652  -31.950  -68.842  -30.604 0.4000000060
11895  -31.586  -69.310  -30.047 0.3000000119
228306  -30.355  -68.741  -29.441 0.3000000119
13406  -32.667  -67.598  -31.781 0.4000000060
233717  -32.127  -67.734  -31.253 0.4000000060
13391  -31.370  -68.271  -30.455 0.4000000060
12650  -30.910  -68.528  -30.001 0.4000000060
234231  -29.705  -68.461  -29.863 0.4000000060
12648  -29.712  -68.033  -30.773 0.4000000060
14872  -32.361  -66.475  -30.769 0.3000000119
241363  -32.130  -67.050  -31.464 0.4000000060
14126  -30.972  -66.621  -31.742 0.4000000060
13404  -30.905  -67.099  -31.580 0.4000000060
13388  -29.975  -67.345  -31.781 0.4000000060
13402  -29.311  -67.736  -32.067 0.4000000060
12663  -29.237  -68.052  -31.115 0.4000000060
14853  -30.352  -66.416  -29.818 0.3000000119
267280  -30.743  -66.419  -31.427 0.4000000060
14882  -29.464  -66.751  -32.174 0.4000000060
14903  -30.695  -66.624  -31.956 0.4000000060
14125  -29.545  -67.059  -32.517 0.4000000060
14123  -28.382  -67.189  -32.770 0.4000000060
13419  -29.164  -67.346  -32.743 0.4000000060
14142  -28.501  -67.581  -33.295 0.4000000060
12674  -28.904  -68.024  -32.349 0.4000000060
12661  -28.332  -68.517  -31.830 0.4000000060
265344  -29.262  -66.553  -30.303 0.4000000060
14868  -29.165  -66.613  -31.093 0.4000000060
14141  -28.057  -67.443  -33.153 0.4000000060
13445  -27.902  -68.018  -33.536 0.4000000060
11933  -27.468  -68.943  -33.095 0.4000000060
12691  -28.328  -67.928  -33.326 0.4000000060
259767  -27.586  -68.820  -31.291 0.4000000060
14103  -27.988  -67.067  -31.208 0.4000000060
258151  -27.974  -67.158  -31.834 0.4000000060
231919  -26.498  -67.832  -32.494 0.4000000060
13444  -26.956  -68.350  -33.692 0.4000000060
11944  -26.933  -69.105  -33.587 0.4000000060
12711  -26.769  -68.824  -33.822 0.4000000060
14102  -27.354  -67.205  -31.200 0.4000000060
13416  -25.943  -67.740  -31.677 0.4000000060
13433  -25.054  -68.069  -32.185 0.4000000060
14074  -25.893  -66.924  -29.570 0.4000000060
14101  -26.545  -67.285  -30.815 0.4000000060
14099  -25.141  -67.159  -30.474 0.4000000060
14811  -25.816  -66.119  -27.792 0.3000000119
16333  -25.364  -65.087  -27.485 0.3000000119
12689  -25.640  -68.411  -33.064 0.4000000060
14086  -25.523  -67.047  -30.000 0.4000000060
17905  -25.530  -64.101  -27.959 0.3000000119
13415  -25.238  -67.731  -31.578 0.4000000060
12665  -32.383  -68.315  -31.343 0.4000000060
13405  -31.589  -67.523  -31.115 0.4000000060
13389  -30.327  -67.509  -31.266 0.4000000060
14854  -31.018  -66.368  -30.453 0.4000000060
14885  -31.579  -66.720  -31.475 0.4000000060
238761  -31.345  -66.414  -29.579 0.3000000119
259449  -30.015  -66.778  -32.367 0.4000000060
14852  -29.702  -66.474  -29.898 0.3000000119
14870  -30.348  -66.336  -30.750 0.4000000060
14884  -30.351  -66.442  -31.693 0.4000000060
239358  -28.411  -67.077  -31.903 0.4000000060
14090  -28.559  -66.785  -30.650 0.4000000060
14121  -26.946  -67.425  -31.609 0.4000000060
13451  -27.405  -68.435  -33.656 0.4000000060
227929  -25.769  -68.000  -32.318 0.4000000060
251984  -26.883  -67.140  -30.370 0.4000000060
14129  -33.850  -67.371  -31.852 0.3000000119
11173  -33.175  -69.452  -32.551 0.3000000119
11160  -32.765  -69.877  -32.843 0.3000000119
264146  -33.100  -69.055  -32.587 0.3000000119
13421  -33.122  -67.721  -32.289 0.3000000119
11923  -32.677  -69.266  -32.536 0.3000000119
12675  -32.958  -68.256  -32.245 0.3000000119
14108  -32.966  -66.963  -31.567 0.3000000119
14127  -32.804  -67.265  -31.748 0.3000000119
14107  -32.333  -66.863  -31.452 0.3000000119
224823  -29.022  -66.657  -29.626 0.3000000119
14077  -27.864  -66.925  -29.456 0.3000000119
14076  -27.255  -66.962  -29.465 0.3000000119
14833  -26.343  -66.657  -28.639 0.3000000119
14873  -32.948  -66.414  -30.667 0.3000000119
244219  -27.533  -67.081  -30.549 0.3000000119
9902  -31.247  -70.834  -31.705 0.3000000119
10541  -32.247  -70.157  -33.098 0.3000000119
10542  -32.661  -70.328  -33.023 0.3000000119
11139  -31.657  -69.823  -30.158 0.3000000119
11154  -22.545  -69.982  -31.956 0.4000000060
11155  -23.163  -69.999  -31.800 0.4000000060
11161  -33.408  -70.014  -32.127 0.3000000119
11165  -21.569  -69.912  -32.471 0.4000000060
11168  -23.706  -70.141  -32.397 0.4000000060
11172  -32.468  -69.720  -32.951 0.3000000119
11179  -21.641  -70.001  -33.174 0.4000000060
11180  -22.233  -70.113  -33.500 0.4000000060
11181  -24.240  -70.216  -33.174 0.4000000060
11187  -21.088  -69.806  -33.577 0.4000000060
11189  -22.555  -70.031  -33.984 0.4000000060
11190  -24.277  -70.025  -34.093 0.4000000060
11192  -25.295  -69.778  -34.311 0.5000000000
11194  -22.459  -69.773  -34.218 0.4000000060
11195  -23.079  -69.876  -34.155 0.3000000119
11196  -24.867  -69.794  -34.379 0.4000000060
11878  -30.943  -69.496  -29.227 0.3000000119
11934  -32.835  -69.442  -32.704 0.3000000119
11935  -33.013  -68.945  -32.534 0.3000000119
11941  -20.172  -69.273  -32.908 0.4000000060
11942  -20.504  -69.680  -33.272 0.4000000060
11945  -27.329  -68.630  -33.630 0.4000000060
11950  -20.708  -69.564  -33.774 0.4000000060
11951  -21.307  -69.702  -34.013 0.4000000060
11954  -25.637  -69.557  -34.224 0.5000000000
11955  -26.519  -69.132  -33.866 0.4000000060
11957  -22.045  -69.535  -34.280 0.4000000060
11959  -23.524  -69.636  -34.252 0.4000000060
11960  -24.270  -69.748  -34.291 0.4000000060
12635  -30.931  -69.026  -29.486 0.3000000119
12636  -31.237  -69.266  -29.611 0.3000000119
12649  -30.294  -68.205  -30.309 0.4000000060
12651  -31.409  -68.808  -30.045 0.3000000119
12662  -28.765  -68.276  -31.433 0.4000000060
12664  -31.837  -68.269  -30.689 0.4000000060
12672  -27.902  -68.720  -32.193 0.4000000060
12673  -28.485  -68.209  -32.844 0.4000000060
12676  -33.261  -68.384  -32.584 0.3000000119
12687  -24.221  -68.293  -32.736 0.5000000000
12690  -28.008  -68.483  -33.112 0.4000000060
12697  -19.996  -68.854  -33.143 0.4000000060
12698  -23.238  -68.483  -33.923 0.4000000060
12699  -23.930  -68.499  -33.375 0.5000000000
12701  -25.401  -68.846  -33.781 0.5000000000
12702  -26.247  -68.764  -33.859 0.4000000060
12703  -27.887  -68.283  -33.566 0.4000000060
12708  -24.962  -69.241  -34.130 0.5000000000
12710  -26.114  -69.234  -33.978 0.5000000000
12712  -21.106  -68.720  -34.161 0.4000000060
12713  -21.675  -68.496  -34.336 0.4000000060
12716  -23.980  -69.411  -34.256 0.5000000000
13390  -30.905  -67.878  -30.750 0.4000000060
13400  -24.843  -67.360  -31.031 0.4000000060
13401  -25.485  -67.470  -31.039 0.4000000060
13403  -30.440  -66.866  -32.137 0.4000000060
13414  -24.634  -67.638  -31.617 0.5000000000
13417  -27.243  -67.585  -32.609 0.4000000060
13418  -28.766  -67.656  -33.091 0.4000000060
13420  -29.566  -67.062  -32.513 0.4000000060
13422  -33.474  -67.783  -32.343 0.3000000119
13423  -33.962  -67.817  -32.022 0.3000000119
13431  -23.938  -67.863  -32.283 0.5000000000
13432  -24.434  -67.992  -32.176 0.5000000000
13434  -26.395  -68.167  -33.216 0.4000000060
13435  -27.116  -67.923  -33.334 0.4000000060
13436  -27.751  -67.762  -33.423 0.4000000060
13437  -28.846  -67.416  -32.977 0.4000000060
13442  -20.294  -68.321  -33.454 0.4000000060
13443  -23.446  -68.106  -33.258 0.5000000000
13446  -28.186  -67.856  -33.441 0.4000000060
13450  -20.738  -68.241  -33.970 0.5000000000
13452  -21.261  -68.002  -34.334 0.5000000000
13453  -21.494  -67.199  -34.324 0.5000000000
13454  -22.414  -67.769  -34.318 0.5000000000
14064  -26.171  -66.783  -29.090 0.4000000060
14065  -26.757  -66.801  -28.995 0.3000000119
14073  -25.406  -66.782  -29.565 0.5000000000
14075  -26.609  -67.009  -29.639 0.3000000119
14078  -28.437  -66.802  -29.530 0.3000000119
14087  -26.184  -67.140  -30.136 0.4000000060
14088  -27.206  -67.069  -30.000 0.3000000119
14089  -27.703  -67.015  -30.014 0.3000000119
14097  -24.010  -66.797  -30.896 0.5000000000
14100  -25.812  -67.268  -30.584 0.4000000060
14104  -28.658  -66.904  -31.427 0.4000000060
14105  -30.756  -66.642  -31.937 0.4000000060
14106  -31.266  -66.687  -31.588 0.4000000060
14116  -19.559  -67.258  -32.107 0.4000000060
14118  -23.852  -67.085  -31.459 0.6000000238
14120  -26.202  -67.482  -31.207 0.4000000060
14122  -27.679  -67.285  -32.223 0.4000000060
14124  -29.001  -67.064  -32.501 0.4000000060
14128  -33.263  -67.319  -32.054 0.3000000119
14138  -19.837  -67.655  -32.586 0.4000000060
14139  -23.253  -67.192  -32.408 0.5000000000
14140  -23.671  -67.386  -32.010 0.5000000000
14148  -20.232  -67.733  -33.173 0.4000000060
14149  -20.561  -67.171  -33.440 0.4000000060
14151  -22.929  -67.205  -33.614 0.5000000000
14156  -20.932  -67.135  -33.915 0.5000000000
14157  -22.591  -67.188  -34.112 0.5000000000
14832  -25.892  -66.511  -28.656 0.3000000119
14849  -24.701  -66.271  -29.584 0.5000000000
14851  -25.621  -66.637  -29.136 0.4000000060
14855  -31.584  -66.425  -30.120 0.3000000119
14866  -24.139  -66.410  -30.394 0.6000000238
14867  -24.524  -66.500  -30.055 0.5000000000
14869  -29.768  -66.444  -30.935 0.4000000060
14871  -31.704  -66.499  -30.946 0.3000000119
14881  -23.424  -66.034  -31.269 0.6000000238
14883  -29.879  -66.538  -31.930 0.4000000060
14886  -32.629  -66.635  -31.203 0.3000000119
14887  -33.223  -66.625  -31.120 0.3000000119
14899  -23.241  -66.322  -31.767 0.5000000000
14901  -29.928  -66.762  -32.405 0.4000000060
14902  -30.274  -66.696  -32.216 0.4000000060
14910  -20.024  -67.048  -32.446 0.4000000060
14912  -23.120  -66.629  -32.351 0.6000000238
14919  -20.267  -67.132  -32.917 0.4000000060
14921  -23.108  -66.323  -33.086 0.4000000060
14926  -20.930  -66.611  -33.554 0.5000000000
14927  -21.354  -66.566  -33.943 0.5000000000
14928  -23.049  -66.098  -33.799 0.6000000238
14929  -21.818  -66.506  -34.208 0.5000000000
14930  -22.349  -66.640  -34.228 0.6000000238
15585  -25.507  -65.661  -27.576 0.3000000119
15592  -25.379  -65.879  -28.157 0.4000000060
15599  -25.104  -65.836  -28.612 0.4000000060
15607  -24.919  -66.021  -29.057 0.5000000000
15623  -23.641  -65.783  -30.899 0.6000000238
15632  -20.784  -65.623  -31.871 0.4000000060
15641  -20.476  -66.095  -32.127 0.4000000060
15642  -20.851  -65.833  -32.521 0.4000000060
15648  -20.942  -66.092  -33.168 0.4000000060
15649  -21.402  -65.657  -33.512 0.5000000000
15655  -23.150  -65.624  -34.096 0.6000000238
15657  -22.726  -65.602  -34.295 0.6000000238
15658  -23.083  -65.306  -34.213 0.6000000238
16342  -24.879  -65.032  -28.527 0.4000000060
16351  -25.049  -65.467  -28.322 0.4000000060
16359  -24.649  -65.043  -29.038 0.5000000000
16366  -24.237  -65.391  -29.940 0.5000000000
16386  -20.664  -65.456  -31.231 0.4000000060
16387  -21.014  -65.057  -31.649 0.4000000060
16388  -23.307  -65.770  -31.826 0.6000000238
16389  -23.839  -65.024  -31.482 0.6000000238
16398  -21.482  -64.938  -32.723 0.4000000060
16399  -23.409  -65.560  -32.496 0.6999999881
16407  -23.586  -65.339  -33.816 0.6000000238
16408  -23.937  -65.086  -33.497 0.6000000238
16409  -22.220  -65.429  -34.219 0.6000000238
16410  -22.424  -65.003  -34.082 0.6000000238
16411  -23.419  -65.215  -34.079 0.6000000238
16412  -23.811  -64.982  -33.990 0.6000000238
17108  -25.311  -64.590  -27.721 0.3000000119
17115  -25.137  -64.496  -28.327 0.4000000060
17121  -24.822  -64.635  -28.777 0.4000000060
17122  -25.087  -64.231  -28.866 0.5000000000
17127  -24.743  -64.480  -29.279 0.5000000000
17128  -25.075  -64.049  -29.287 0.5000000000
17135  -24.039  -65.094  -30.405 0.6000000238
17136  -24.403  -64.496  -30.527 0.6000000238
17146  -21.246  -64.491  -31.442 0.4000000060
17147  -21.531  -63.937  -31.156 0.4000000060
17148  -24.077  -64.800  -30.989 0.6000000238
17155  -21.354  -64.691  -32.108 0.4000000060
17157  -24.115  -64.777  -32.270 0.6000000238
17164  -21.849  -64.045  -32.593 0.6000000238
17165  -24.281  -64.811  -33.136 0.6999999881
17166  -24.657  -64.497  -32.827 0.6999999881
17171  -22.153  -64.115  -33.101 0.6000000238
17172  -24.609  -64.491  -33.517 0.6999999881
17173  -22.003  -65.013  -33.771 0.6000000238
17174  -22.361  -64.505  -33.684 0.6000000238
17175  -22.919  -64.284  -33.990 0.6000000238
17177  -24.419  -64.386  -33.981 0.6000000238
17178  -22.849  -64.762  -34.142 0.6000000238
17179  -23.943  -64.590  -34.103 0.6000000238
17906  -25.906  -63.720  -27.671 0.3000000119
17919  -25.800  -63.482  -28.779 0.4000000060
17926  -25.315  -63.723  -29.574 0.5000000000
17937  -24.816  -64.018  -30.317 0.6000000238
17948  -24.777  -64.004  -30.993 0.6000000238
17955  -21.822  -63.665  -31.648 0.5000000000
17957  -24.892  -64.048  -31.747 0.6000000238
17958  -25.169  -63.767  -31.432 0.6000000238
17963  -21.996  -63.626  -32.144 0.6999999881
17964  -25.060  -64.195  -32.536 0.6999999881
17965  -25.440  -63.810  -32.157 0.6999999881
17971  -22.322  -63.581  -32.755 0.6000000238
17972  -22.854  -63.388  -33.188 0.6000000238
17978  -24.570  -63.932  -34.044 0.6000000238
17979  -25.511  -63.829  -33.906 0.6000000238
17980  -25.926  -63.715  -33.899 0.6000000238
17981  -23.532  -64.318  -34.180 0.6000000238
17982  -24.094  -64.226  -34.140 0.6000000238
18730  -26.177  -63.344  -27.956 0.3000000119
18739  -26.693  -62.942  -28.741 0.4000000060
18740  -27.226  -62.658  -28.546 0.3000000119
18747  -25.566  -63.462  -29.900 0.6000000238
18748  -26.280  -62.992  -29.623 0.5000000000
18761  -22.340  -62.817  -30.120 0.4000000060
18762  -25.935  -63.170  -30.030 0.6000000238
18763  -26.419  -62.909  -30.224 0.5000000000
18771  -22.023  -63.279  -30.412 0.4000000060
18772  -22.327  -62.844  -30.838 0.6000000238
18773  -25.610  -63.389  -30.399 0.6000000238
18774  -26.051  -63.106  -30.645 0.6000000238
18780  -22.362  -62.914  -31.491 0.5000000000
18781  -22.697  -62.519  -31.793 0.6999999881
18782  -25.606  -63.507  -31.485 0.6000000238
18784  -26.859  -62.950  -31.646 0.6999999881
18791  -22.413  -63.080  -32.139 0.6000000238
18793  -23.465  -62.571  -32.475 0.6000000238
18795  -26.358  -63.636  -33.048 0.6999999881
18796  -27.059  -63.503  -33.405 0.6999999881
18797  -27.665  -63.216  -33.523 0.6999999881
18799  -22.686  -63.095  -32.656 0.6000000238
18802  -24.459  -62.799  -33.358 0.6000000238
18803  -26.563  -63.597  -33.892 0.6000000238
18804  -27.235  -63.385  -33.950 0.6999999881
18806  -27.873  -62.829  -33.795 0.6999999881
18807  -23.477  -63.310  -33.502 0.6000000238
18809  -24.996  -63.045  -33.798 0.6000000238
18810  -25.646  -63.565  -34.032 0.6000000238
18811  -26.245  -63.509  -34.067 0.6000000238
18813  -27.445  -63.017  -33.978 0.6000000238
19624  -27.062  -62.647  -29.160 0.4000000060
19625  -27.566  -62.351  -29.004 0.3000000119
19631  -22.649  -62.296  -29.861 0.4000000060
19632  -22.967  -61.827  -29.479 0.5000000000
19635  -27.974  -62.123  -29.395 0.4000000060
19644  -22.962  -61.894  -30.243 0.5000000000
19645  -26.849  -62.703  -30.456 0.6000000238
19646  -27.337  -62.421  -30.427 0.5000000000
19647  -27.877  -62.134  -30.100 0.5000000000
19654  -22.620  -62.380  -31.213 0.6000000238
19656  -27.094  -62.673  -31.038 0.6000000238
19657  -27.928  -62.229  -30.896 0.6000000238
19664  -23.498  -61.931  -31.696 0.6999999881
19666  -28.072  -62.488  -31.819 0.6999999881
19673  -23.721  -62.143  -32.184 0.6999999881
19676  -28.392  -62.771  -32.842 0.6999999881
19677  -24.023  -62.428  -32.695 0.6000000238
19678  -25.033  -62.395  -33.344 0.6000000238
19679  -25.710  -62.325  -33.517 0.6000000238
19680  -28.212  -62.824  -33.514 0.6999999881
19681  -28.740  -62.598  -33.207 0.6999999881
19683  -26.413  -62.978  -33.989 0.6000000238
19684  -28.658  -62.398  -33.404 0.6999999881
20488  -23.173  -61.719  -28.480 0.5000000000
20489  -23.543  -61.465  -28.780 0.5000000000
20491  -29.400  -61.384  -28.790 0.3000000119
20497  -23.154  -61.662  -28.982 0.5000000000
20499  -28.520  -61.857  -29.061 0.3000000119
20500  -28.824  -61.604  -29.558 0.4000000060
20501  -29.259  -61.406  -29.419 0.3000000119
20512  -23.789  -61.335  -30.357 0.5000000000
20514  -28.763  -61.635  -30.189 0.3000000119
20515  -29.247  -61.467  -30.459 0.3000000119
20524  -23.752  -61.478  -30.901 0.6000000238
20528  -29.427  -61.553  -31.197 0.6999999881
20535  -23.363  -61.751  -31.186 0.6000000238
20536  -23.820  -61.609  -31.402 0.6000000238
20538  -24.692  -61.263  -31.906 0.6999999881
20539  -28.528  -62.073  -31.391 0.6999999881
20541  -29.594  -61.566  -31.997 0.6000000238
20547  -23.994  -61.755  -31.912 0.6999999881
20548  -24.473  -61.589  -32.148 0.6999999881
20549  -24.980  -61.365  -32.360 0.6999999881
20550  -25.494  -61.287  -32.602 0.6999999881
20553  -29.742  -61.413  -32.658 0.6999999881
20555  -25.256  -61.801  -32.906 0.6000000238
20557  -26.434  -61.780  -33.190 0.6000000238
20558  -27.113  -61.838  -33.332 0.6000000238
20559  -28.458  -61.901  -33.481 0.6999999881
20561  -29.325  -61.627  -33.051 0.6999999881
20563  -26.940  -62.545  -33.814 0.6999999881
20565  -28.201  -62.495  -33.677 0.6999999881
21372  -24.100  -61.240  -28.536 0.5000000000
21373  -24.539  -61.123  -28.043 0.5000000000
21374  -25.081  -60.919  -27.916 0.5000000000
21376  -29.650  -61.184  -27.750 0.3000000119
21387  -23.861  -61.224  -29.163 0.5000000000
21389  -25.029  -60.827  -29.159 0.5000000000
21390  -29.730  -61.159  -28.300 0.3000000119
21400  -25.126  -60.667  -29.870 0.5000000000
21402  -30.280  -60.856  -29.235 0.3000000119
21410  -24.109  -61.222  -30.689 0.5000000000
21411  -24.468  -60.958  -30.506 0.5000000000
21413  -29.831  -61.271  -30.674 0.5000000000
21414  -30.024  -61.044  -29.961 0.3000000119
21415  -30.619  -60.746  -30.022 0.4000000060
21421  -24.403  -61.119  -31.031 0.6000000238
21422  -25.350  -60.574  -31.123 0.5000000000
21423  -29.932  -61.357  -31.506 0.6000000238
21425  -30.682  -60.780  -30.765 0.5000000000
21431  -24.722  -61.057  -31.455 0.6999999881
21432  -25.130  -60.983  -31.947 0.6999999881
21434  -30.002  -61.355  -32.165 0.6999999881
21441  -26.742  -60.552  -32.673 0.6000000238
21442  -29.759  -61.070  -32.925 0.6000000238
21443  -30.248  -61.135  -32.566 0.6000000238
21444  -30.659  -60.924  -32.286 0.6999999881
21446  -26.617  -61.201  -32.876 0.6000000238
22225  -30.962  -59.935  -26.328 0.3000000119
22250  -26.032  -60.378  -28.413 0.5000000000
22251  -26.495  -60.156  -28.106 0.5000000000
22252  -30.632  -60.694  -28.040 0.3000000119
22253  -31.478  -60.149  -27.869 0.3000000119
22260  -30.795  -60.564  -28.672 0.3000000119
22261  -31.447  -60.270  -28.504 0.3000000119
22270  -26.249  -60.197  -29.539 0.5000000000
22272  -32.294  -60.230  -29.238 0.3000000119
22281  -25.318  -60.529  -30.461 0.5000000000
22282  -25.953  -60.215  -30.278 0.5000000000
22283  -26.436  -59.973  -30.160 0.5000000000
22285  -31.837  -60.264  -29.827 0.4000000060
22286  -32.426  -60.304  -29.793 0.4000000060
22287  -33.483  -60.291  -29.986 0.5000000000
22288  -34.098  -60.106  -29.912 0.3000000119
22295  -25.744  -60.306  -30.815 0.5000000000
22297  -31.147  -60.531  -30.941 0.5000000000
22298  -31.779  -60.422  -30.948 0.5000000000
22300  -33.268  -60.373  -30.617 0.5000000000
22301  -33.929  -60.343  -30.436 0.4000000060
22303  -35.005  -59.950  -30.281 0.4000000060
22310  -30.806  -60.826  -31.543 0.6000000238
22311  -31.384  -60.500  -31.538 0.5000000000
22313  -33.059  -60.259  -31.263 0.5000000000
22315  -34.315  -60.185  -30.898 0.6000000238
22316  -34.903  -60.022  -30.723 0.4000000060
22318  -26.010  -60.335  -31.975 0.6999999881
22320  -27.048  -60.010  -32.515 0.6000000238
22322  -31.121  -60.642  -32.150 0.6000000238
22324  -32.246  -60.175  -31.937 0.6000000238
22325  -32.891  -60.026  -31.875 0.5000000000
22326  -27.384  -60.440  -32.884 0.5000000000
22327  -27.999  -60.398  -33.029 0.6000000238
22328  -28.685  -60.450  -33.110 0.6999999881
22329  -29.350  -60.490  -33.077 0.6999999881
22330  -29.912  -60.400  -32.956 0.6999999881
22331  -30.828  -60.611  -32.672 0.6000000238
22332  -31.529  -59.973  -32.618 0.5000000000
23192  -27.711  -59.248  -27.605 0.5000000000
23193  -31.204  -60.015  -26.813 0.3000000119
23201  -27.438  -59.511  -28.085 0.5000000000
23202  -27.920  -59.097  -28.021 0.5000000000
23203  -31.372  -60.061  -27.311 0.3000000119
23205  -32.282  -59.522  -27.927 0.3000000119
23211  -26.950  -59.918  -28.440 0.5000000000
23212  -27.337  -59.606  -28.795 0.5000000000
23215  -32.691  -59.529  -28.250 0.3000000119
23222  -26.866  -59.897  -29.120 0.5000000000
23223  -27.297  -59.561  -29.422 0.5000000000
23225  -32.705  -59.976  -28.742 0.3000000119
23226  -33.524  -59.456  -28.889 0.3000000119
23227  -33.985  -59.402  -29.185 0.3000000119
23234  -27.296  -59.493  -30.081 0.5000000000
23235  -27.742  -59.216  -30.437 0.5000000000
23236  -33.649  -59.953  -29.400 0.3000000119
23237  -34.195  -59.771  -29.550 0.3000000119
23239  -35.249  -59.618  -30.101 0.3000000119
23246  -27.260  -59.450  -30.792 0.6000000238
23247  -27.638  -59.144  -31.171 0.5000000000
23248  -35.366  -59.792  -30.546 0.4000000060
23249  -35.654  -59.448  -30.887 0.4000000060
23253  -26.792  -59.686  -31.171 0.6000000238
23255  -27.650  -59.145  -31.931 0.6999999881
23256  -33.440  -60.064  -31.562 0.5000000000
23257  -34.008  -60.031  -31.497 0.5000000000
23258  -34.691  -59.880  -31.356 0.6000000238
23259  -35.221  -59.777  -30.992 0.6000000238
23260  -26.853  -59.746  -31.905 0.6999999881
23261  -27.330  -59.536  -32.256 0.6999999881
23262  -28.368  -59.218  -32.673 0.6999999881
23263  -31.900  -60.002  -32.333 0.6000000238
23265  -33.566  -59.695  -31.983 0.5000000000
23266  -34.117  -59.181  -32.172 0.5000000000
23267  -34.627  -59.464  -31.798 0.5000000000
23269  -28.794  -59.762  -32.903 0.5000000000
23270  -29.923  -59.788  -32.928 0.6000000238
23271  -30.210  -59.370  -32.849 0.6000000238
23273  -31.825  -59.571  -32.613 0.5000000000
24194  -27.986  -58.868  -27.478 0.5000000000
24195  -31.398  -58.909  -26.703 0.3000000119
24198  -28.263  -58.669  -27.929 0.5000000000
24199  -32.194  -59.001  -27.552 0.3000000119
24200  -32.584  -59.007  -27.904 0.3000000119
24204  -28.073  -59.012  -29.115 0.5000000000
24205  -28.486  -58.613  -28.855 0.4000000060
24207  -33.302  -58.902  -28.586 0.3000000119
24212  -28.455  -58.717  -29.448 0.5000000000
24213  -33.731  -58.802  -28.908 0.3000000119
24214  -34.225  -58.812  -29.218 0.3000000119
24220  -34.490  -59.383  -29.465 0.4000000060
24221  -35.423  -58.891  -29.892 0.3000000119
24226  -28.070  -58.914  -31.483 0.5000000000
24227  -28.537  -58.677  -30.971 0.5000000000
24228  -35.727  -59.349  -30.388 0.4000000060
24230  -36.411  -58.714  -31.064 0.5000000000
24236  -35.246  -59.423  -31.470 0.5000000000
24239  -29.156  -58.637  -32.429 0.6000000238
24240  -32.699  -59.092  -32.504 0.5000000000
24242  -35.465  -58.825  -31.786 0.5000000000
24243  -29.015  -59.108  -32.776 0.6999999881
24245  -29.962  -58.808  -32.729 0.6999999881
24248  -32.118  -59.077  -32.609 0.5000000000
25124  -32.377  -58.419  -27.709 0.3000000119
25128  -28.744  -58.076  -28.577 0.4000000060
25131  -33.051  -58.485  -28.378 0.3000000119
25134  -28.791  -58.307  -29.217 0.5000000000
25136  -33.379  -58.180  -28.663 0.3000000119
25142  -28.821  -58.447  -29.801 0.6000000238
25144  -34.929  -58.229  -29.548 0.4000000060
25145  -35.481  -58.149  -29.789 0.4000000060
25146  -36.041  -58.440  -30.043 0.4000000060
25152  -36.432  -58.516  -30.354 0.4000000060
25153  -36.640  -58.426  -30.732 0.4000000060
25154  -29.307  -58.106  -31.728 0.5000000000
25155  -36.709  -58.404  -31.176 0.5000000000
25156  -28.932  -58.529  -31.948 0.5000000000
25158  -29.829  -57.899  -32.356 0.6999999881
25159  -33.032  -58.480  -32.472 0.5000000000
25162  -35.480  -58.248  -32.091 0.6000000238
25163  -36.180  -58.528  -31.596 0.6000000238
25164  -36.668  -57.970  -31.610 0.6000000238
25165  -29.608  -58.394  -32.488 0.6999999881
25166  -30.086  -58.261  -32.610 0.6999999881
25167  -30.653  -58.161  -32.729 0.6999999881
25168  -31.311  -58.014  -32.802 0.6999999881
25169  -32.684  -57.881  -32.620 0.8000000119
25170  -33.362  -57.867  -32.530 0.8000000119
26129  -28.703  -57.169  -27.420 0.6000000238
26136  -28.826  -57.522  -27.990 0.5000000000
26143  -29.088  -57.494  -28.634 0.5000000000
26145  -33.177  -57.583  -28.547 0.3000000119
26148  -29.576  -57.399  -29.746 0.5000000000
26150  -34.040  -57.430  -29.125 0.3000000119
26151  -34.457  -57.743  -29.339 0.3000000119
26155  -29.787  -57.199  -30.349 0.5000000000
26158  -36.448  -58.160  -30.201 0.4000000060
26159  -29.603  -57.656  -31.457 0.6999999881
26160  -29.903  -57.217  -31.073 0.6999999881
26161  -36.789  -58.072  -30.459 0.4000000060
26163  -37.413  -57.402  -30.946 0.5000000000
26164  -29.690  -57.718  -32.005 0.5000000000
26167  -30.081  -57.375  -32.303 0.6999999881
26168  -30.430  -57.084  -32.643 0.8000000119
26169  -34.042  -57.892  -32.490 0.6000000238
26171  -35.454  -57.662  -32.320 0.6000000238
26172  -36.099  -57.501  -32.131 0.6000000238
26173  -36.756  -57.317  -31.851 0.6000000238
26175  -30.809  -57.470  -32.803 0.6999999881
26178  -33.012  -57.300  -32.743 0.8000000119
27090  -29.110  -56.527  -27.972 0.6000000238
27091  -29.402  -56.506  -28.480 0.5000000000
27106  -29.689  -56.467  -29.011 0.5000000000
27107  -29.891  -55.889  -29.162 0.6000000238
27115  -29.989  -56.423  -29.612 0.5000000000
27116  -33.819  -56.837  -29.038 0.3000000119
27117  -34.416  -56.986  -29.351 0.3000000119
27120  -30.049  -56.699  -30.123 0.5000000000
27123  -36.196  -57.080  -30.004 0.4000000060
27127  -37.710  -56.951  -30.734 0.5000000000
27128  -38.204  -56.582  -30.586 0.6000000238
27129  -30.271  -56.765  -31.366 0.6999999881
27131  -37.703  -57.176  -31.099 0.6000000238
27132  -38.039  -56.751  -30.890 0.6000000238
27133  -30.351  -56.806  -32.147 0.6000000238
27134  -30.787  -56.337  -32.161 0.6999999881
27135  -31.160  -56.386  -32.511 0.6999999881
27136  -35.461  -57.032  -32.391 0.6000000238
27138  -37.297  -57.037  -31.557 0.6000000238
27139  -37.771  -56.790  -31.334 0.6000000238
27140  -30.966  -56.905  -32.767 0.8000000119
27141  -31.560  -56.686  -32.788 0.8000000119
27142  -32.078  -56.430  -32.771 0.8000000119
27143  -32.637  -56.733  -32.826 0.8000000119
27144  -33.319  -56.785  -32.782 0.8000000119
27145  -34.224  -56.824  -32.726 0.8000000119
27146  -34.842  -57.235  -32.538 0.6000000238
27147  -35.512  -56.394  -32.421 0.6999999881
28051  -28.813  -55.954  -27.706 0.4000000060
28052  -29.232  -55.976  -28.210 0.5000000000
28065  -29.561  -55.951  -28.685 0.5000000000
28081  -30.231  -55.779  -29.654 0.5000000000
28086  -30.366  -56.204  -30.195 0.5000000000
28087  -30.674  -55.781  -30.537 0.5000000000
28089  -37.233  -56.778  -30.310 0.5000000000
28090  -37.954  -56.584  -30.369 0.4000000060
28091  -38.475  -56.334  -30.323 0.5000000000
28092  -38.855  -56.124  -30.369 0.6000000238
28093  -30.541  -56.287  -30.890 0.6000000238
28096  -30.930  -55.835  -31.729 0.6000000238
28097  -31.176  -55.865  -32.164 0.6999999881
28099  -36.680  -56.077  -32.169 0.6000000238
28100  -37.262  -56.434  -31.838 0.6000000238
28102  -31.538  -55.863  -32.461 0.6999999881
28103  -32.005  -55.913  -32.668 0.6999999881
28105  -33.139  -55.687  -32.802 0.8000000119
28106  -33.892  -55.627  -32.774 0.8000000119
28107  -35.002  -55.964  -32.581 0.8000000119
28108  -35.158  -55.380  -32.576 0.8000000119
29102  -29.379  -55.453  -28.424 0.5000000000
29103  -29.719  -55.408  -28.814 0.5000000000
29115  -30.341  -55.187  -29.754 0.6000000238
29116  -30.621  -55.174  -30.333 0.6000000238
29122  -36.301  -55.424  -30.069 0.4000000060
29123  -37.021  -55.621  -30.137 0.5000000000
29124  -37.911  -55.974  -30.160 0.5000000000
29126  -39.084  -55.753  -30.152 0.5000000000
29127  -39.427  -55.528  -30.300 0.6000000238
29128  -30.952  -55.335  -31.310 0.6000000238
29129  -38.767  -56.150  -31.020 0.6000000238
29130  -39.236  -55.856  -30.664 0.6000000238
29131  -31.155  -55.300  -31.867 0.6999999881
29132  -31.462  -55.345  -32.241 0.6999999881
29133  -36.202  -55.679  -32.359 0.6999999881
29134  -36.829  -55.580  -32.259 0.6000000238
29135  -37.431  -55.334  -32.110 0.6000000238
29136  -38.195  -55.820  -31.710 0.6000000238
29139  -32.153  -54.906  -32.611 0.6999999881
29140  -32.832  -54.909  -32.759 0.6999999881
29141  -34.536  -55.514  -32.710 0.8000000119
29142  -34.734  -54.943  -32.789 0.8000000119
30075  -28.651  -54.869  -27.956 0.4000000060
30076  -29.208  -54.952  -28.276 0.5000000000
30089  -28.353  -54.329  -28.216 0.4000000060
30090  -28.969  -54.466  -28.395 0.4000000060
30103  -29.735  -54.440  -28.942 0.5000000000
30104  -30.078  -54.617  -29.349 0.6000000238
30112  -30.368  -54.609  -29.974 0.6000000238
30116  -35.900  -54.807  -30.036 0.3000000119
30121  -30.716  -54.179  -30.880 0.6000000238
30122  -36.585  -54.955  -30.096 0.3000000119
30123  -37.313  -55.164  -30.156 0.5000000000
30125  -38.846  -55.617  -30.001 0.5000000000
30126  -39.213  -55.315  -30.096 0.5000000000
30128  -40.160  -54.761  -30.224 0.6000000238
30130  -39.487  -55.287  -30.945 0.6000000238
30132  -31.510  -54.446  -32.325 0.6999999881
30133  -35.960  -54.784  -32.476 0.8000000119
30134  -36.668  -54.848  -32.280 0.8000000119
30136  -38.084  -54.691  -32.024 0.6999999881
30137  -38.768  -54.658  -31.693 0.6000000238
30139  -32.389  -54.378  -32.711 0.6999999881
30140  -33.295  -54.587  -32.856 0.6999999881
30141  -33.778  -54.546  -32.900 0.6999999881
30142  -34.343  -54.466  -32.833 0.6999999881
30143  -34.958  -54.382  -32.690 0.6999999881
30144  -35.561  -54.315  -32.556 0.6000000238
31012  -28.655  -54.025  -28.688 0.4000000060
31013  -29.313  -54.118  -28.844 0.5000000000
31023  -30.101  -54.038  -29.727 0.6000000238
31032  -30.391  -54.077  -30.276 0.6000000238
31037  -39.972  -54.357  -29.789 0.5000000000
31047  -37.544  -54.099  -30.193 0.5000000000
31048  -38.801  -54.504  -30.049 0.5000000000
31050  -40.147  -54.682  -29.953 0.5000000000
31051  -40.602  -54.486  -29.988 0.6000000238
31057  -30.960  -53.901  -31.527 0.6999999881
31058  -39.350  -54.599  -31.460 0.6000000238
31059  -31.252  -54.231  -32.025 0.6000000238
31060  -31.537  -53.908  -32.433 0.6999999881
31061  -36.366  -53.732  -32.483 0.6000000238
31063  -38.034  -54.005  -32.082 0.6999999881
31064  -32.034  -53.886  -32.722 0.6999999881
31065  -32.579  -53.851  -32.869 0.6999999881
31066  -33.055  -53.809  -32.938 0.6999999881
31068  -35.175  -53.851  -32.671 0.6999999881
31952  -28.538  -53.329  -29.551 0.5000000000
31953  -29.205  -53.390  -29.534 0.5000000000
31954  -29.739  -53.599  -29.591 0.5000000000
31960  -27.464  -52.912  -30.805 0.4000000060
31961  -28.853  -53.040  -30.020 0.5000000000
31962  -29.527  -53.199  -30.000 0.5000000000
31969  -39.377  -53.528  -29.821 0.5000000000
31970  -40.403  -53.909  -29.597 0.4000000060
31971  -41.275  -53.784  -29.705 0.6000000238
31972  -41.483  -53.533  -29.945 0.5000000000
31982  -29.788  -52.955  -30.502 0.6000000238
31983  -30.212  -53.153  -30.725 0.6000000238
31984  -30.617  -53.484  -31.069 0.6000000238
31986  -37.045  -53.527  -30.134 0.3000000119
31987  -37.646  -53.567  -30.169 0.3000000119
31990  -41.260  -53.719  -30.368 0.5000000000
31994  -26.664  -52.825  -31.744 0.4000000060
31995  -30.464  -52.863  -31.236 0.6000000238
31997  -38.425  -53.004  -31.953 0.6000000238
31998  -39.173  -53.263  -31.756 0.6000000238
31999  -40.747  -54.149  -30.617 0.6000000238
32000  -31.202  -53.592  -32.022 0.6999999881
32001  -31.790  -53.372  -32.648 0.6999999881
32002  -35.571  -53.062  -32.354 0.6000000238
32003  -36.163  -53.205  -32.277 0.6000000238
32004  -36.792  -53.348  -32.244 0.6000000238
32005  -37.391  -53.566  -32.188 0.6999999881
32006  -37.943  -53.317  -32.093 0.6999999881
32009  -33.500  -53.453  -32.941 0.6999999881
32010  -34.183  -53.370  -32.842 0.6999999881
32011  -34.803  -53.369  -32.743 0.6000000238
32012  -35.367  -53.421  -32.615 0.6999999881
32013  -35.852  -53.458  -32.535 0.6000000238
32903  -29.179  -52.798  -30.492 0.5000000000
32910  -38.059  -52.594  -29.968 0.4000000060
32911  -38.757  -52.738  -29.858 0.4000000060
32913  -41.276  -53.421  -29.515 0.5000000000
32914  -41.558  -53.216  -29.724 0.5000000000
32920  -27.291  -52.548  -31.520 0.4000000060
32921  -28.003  -52.291  -31.498 0.5000000000
32929  -41.512  -53.051  -30.323 0.5000000000
32932  -26.464  -52.655  -31.829 0.4000000060
32933  -26.946  -52.317  -31.840 0.4000000060
32934  -27.525  -52.098  -31.885 0.5000000000
32936  -29.017  -51.955  -31.466 0.5000000000
32937  -29.650  -52.108  -31.469 0.6000000238
32938  -30.279  -52.301  -31.664 0.6000000238
32939  -35.048  -52.076  -31.871 0.6999999881
32941  -36.280  -52.397  -31.670 0.6000000238
32942  -36.955  -52.415  -31.689 0.6000000238
32943  -37.898  -52.803  -31.957 0.6000000238
32944  -38.194  -52.444  -31.770 0.6000000238
32947  -30.822  -52.283  -32.047 0.6000000238
32948  -31.335  -52.272  -32.365 0.6999999881
32949  -33.542  -51.555  -32.815 0.6999999881
32950  -34.073  -52.176  -32.720 0.6999999881
32951  -35.234  -52.547  -32.191 0.6999999881
32955  -31.893  -52.228  -32.602 0.6999999881
32956  -32.453  -52.165  -32.822 0.6999999881
32957  -32.938  -52.211  -32.903 0.6999999881
32958  -33.469  -52.133  -32.872 0.6999999881
32960  -35.016  -52.942  -32.565 0.6000000238
33835  -41.720  -52.198  -29.474 0.5000000000
33836  -42.179  -51.825  -29.562 0.5000000000
33841  -26.292  -51.655  -30.632 0.3000000119
33847  -38.279  -52.142  -29.702 0.4000000060
33848  -38.910  -52.251  -29.596 0.3000000119
33850  -40.883  -52.721  -29.438 0.4000000060
33851  -41.521  -52.816  -29.524 0.5000000000
33852  -41.846  -52.389  -29.655 0.5000000000
33853  -42.147  -52.029  -29.958 0.5000000000
33856  -36.295  -51.548  -31.181 0.6000000238
33857  -41.579  -52.253  -30.610 0.5000000000
33858  -41.961  -52.198  -30.162 0.5000000000
33861  -27.215  -51.758  -31.908 0.5000000000
33862  -27.607  -51.346  -32.116 0.6000000238
33863  -28.491  -51.499  -31.987 0.5000000000
33864  -29.168  -51.524  -31.863 0.5000000000
33865  -29.842  -51.658  -31.926 0.6000000238
33867  -33.020  -50.807  -32.787 0.6999999881
33868  -33.515  -51.185  -32.573 0.6999999881
33869  -34.059  -51.604  -31.847 0.6999999881
33870  -35.994  -51.986  -31.393 0.6999999881
33871  -36.626  -51.943  -31.449 0.6000000238
33875  -39.324  -51.820  -31.645 0.5000000000
33876  -40.097  -51.996  -31.439 0.5000000000
33878  -28.099  -51.103  -32.185 0.5000000000
33880  -29.341  -51.075  -32.067 0.6000000238
33881  -30.087  -51.139  -32.143 0.6000000238
33882  -31.044  -51.722  -32.343 0.6000000238
33884  -33.263  -51.085  -32.950 0.6999999881
33885  -34.500  -51.989  -32.291 0.6999999881
33887  -32.695  -51.474  -32.958 0.6999999881
34751  -27.249  -51.244  -29.769 0.5000000000
34752  -27.703  -51.049  -29.454 0.5000000000
34760  -39.579  -51.143  -29.346 0.3000000119
34761  -40.539  -51.227  -29.257 0.3000000119
34766  -26.748  -51.365  -31.066 0.4000000060
34768  -27.698  -50.961  -30.234 0.6000000238
34769  -34.779  -50.935  -30.533 0.5000000000
34775  -40.185  -51.843  -29.498 0.4000000060
34776  -41.094  -52.064  -29.389 0.5000000000
34777  -42.506  -51.537  -29.726 0.5000000000
34778  -26.929  -51.534  -31.726 0.5000000000
34780  -27.558  -50.785  -31.201 0.5000000000
34781  -32.645  -50.459  -31.641 0.6999999881
34783  -33.650  -51.101  -30.936 0.6999999881
34785  -35.308  -51.183  -30.753 0.6999999881
34786  -36.029  -51.116  -30.878 0.6000000238
34787  -37.081  -50.838  -31.137 0.6000000238
34788  -41.601  -51.580  -30.717 0.6000000238
34789  -41.774  -51.059  -30.665 0.6000000238
34790  -42.275  -51.375  -30.252 0.5000000000
34792  -27.586  -50.898  -31.981 0.6000000238
34793  -28.101  -50.669  -32.142 0.6000000238
34795  -33.100  -50.811  -32.112 0.6999999881
34797  -34.414  -51.545  -31.215 0.6999999881
34799  -35.678  -51.619  -31.088 0.6000000238
34801  -37.601  -51.232  -31.386 0.6000000238
34803  -38.794  -50.750  -31.500 0.5000000000
34804  -39.222  -51.101  -31.564 0.6000000238
34806  -40.983  -51.451  -31.090 0.6000000238
34809  -31.143  -50.554  -32.395 0.6999999881
34810  -31.896  -50.647  -32.580 0.6999999881
34811  -32.567  -50.606  -32.742 0.6999999881
34812  -32.406  -51.069  -32.849 0.6999999881
34813  -32.947  -51.009  -32.938 0.6999999881
35623  -28.118  -50.193  -27.475 0.4000000060
35635  -28.933  -50.101  -28.347 0.5000000000
35636  -29.496  -49.815  -28.567 0.5000000000
35651  -41.335  -50.615  -28.722 0.3000000119
35652  -42.167  -50.768  -28.623 0.4000000060
35653  -42.935  -50.722  -28.715 0.5000000000
35657  -28.263  -50.754  -29.685 0.5000000000
35658  -29.264  -50.005  -29.492 0.6000000238
35667  -41.866  -51.239  -28.883 0.5000000000
35668  -42.477  -51.197  -28.918 0.4000000060
35670  -28.658  -50.336  -30.284 0.6000000238
35675  -33.784  -50.427  -30.092 0.6000000238
35676  -34.334  -50.693  -30.310 0.6999999881
35677  -34.915  -50.415  -30.260 0.5000000000
35678  -35.492  -50.208  -30.300 0.5000000000
35680  -42.948  -51.063  -29.563 0.5000000000
35682  -28.458  -50.155  -31.130 0.6000000238
35683  -28.962  -49.913  -30.706 0.6000000238
35684  -31.739  -49.533  -31.741 0.6999999881
35685  -32.144  -50.128  -31.095 0.6000000238
35686  -32.781  -50.533  -30.801 0.6000000238
35687  -33.346  -50.776  -30.570 0.6999999881
35688  -33.845  -50.892  -30.477 0.6000000238
35689  -35.785  -50.629  -30.589 0.5000000000
35692  -41.132  -50.819  -31.034 0.5000000000
35694  -42.251  -50.659  -30.482 0.5000000000
35696  -28.472  -50.228  -31.719 0.6000000238
35697  -29.040  -49.939  -31.766 0.6000000238
35700  -37.608  -50.538  -31.221 0.6000000238
35701  -37.982  -50.277  -31.249 0.5000000000
35702  -38.396  -50.371  -31.357 0.5000000000
35704  -39.721  -50.851  -31.482 0.5000000000
35707  -29.224  -50.153  -32.018 0.6999999881
35708  -30.240  -49.856  -32.263 0.6999999881
35709  -30.862  -49.909  -32.338 0.6999999881
35710  -31.511  -49.956  -32.305 0.6999999881
36554  -28.238  -49.475  -26.719 0.3000000119
36555  -28.799  -49.372  -26.832 0.4000000060
36568  -29.617  -49.337  -27.607 0.5000000000
36577  -28.703  -49.965  -27.720 0.5000000000
36579  -29.846  -49.493  -28.193 0.5000000000
36590  -30.050  -49.487  -28.793 0.5000000000
36601  -43.383  -50.236  -28.847 0.5000000000
36605  -29.607  -49.800  -29.173 0.5000000000
36607  -32.435  -49.301  -29.621 0.5000000000
36608  -33.119  -49.395  -29.575 0.6000000238
36617  -43.596  -50.149  -29.306 0.5000000000
36618  -43.715  -49.524  -29.394 0.4000000060
36619  -29.589  -49.696  -29.878 0.5000000000
36620  -30.080  -49.340  -30.142 0.6000000238
36622  -31.096  -49.180  -30.901 0.6000000238
36624  -32.727  -49.884  -29.928 0.6000000238
36625  -33.400  -49.937  -29.791 0.6000000238
36626  -34.088  -49.789  -29.710 0.6000000238
36627  -35.141  -49.842  -30.060 0.5000000000
36629  -36.102  -49.263  -30.288 0.5000000000
36630  -42.693  -50.053  -30.238 0.3000000119
36631  -43.382  -49.819  -29.843 0.5000000000
36633  -29.340  -49.543  -30.983 0.6000000238
36634  -29.821  -49.158  -31.225 0.6000000238
36636  -31.258  -49.170  -31.768 0.6000000238
36637  -36.161  -49.948  -30.480 0.5000000000
36639  -37.210  -49.632  -30.863 0.5000000000
36640  -37.711  -49.329  -31.024 0.5000000000
36641  -38.302  -49.352  -31.201 0.5000000000
36642  -38.896  -49.432  -31.259 0.5000000000
36644  -40.756  -50.117  -31.158 0.5000000000
36645  -41.071  -49.692  -30.810 0.5000000000
36646  -41.802  -49.861  -30.601 0.5000000000
36648  -29.990  -49.163  -31.835 0.6999999881
36649  -30.627  -49.135  -32.064 0.6999999881
36650  -31.130  -49.378  -32.222 0.6999999881
36652  -38.599  -49.850  -31.281 0.5000000000
36653  -39.135  -49.953  -31.375 0.5000000000
36654  -39.718  -50.204  -31.455 0.5000000000
36655  -29.590  -49.589  -31.984 0.6999999881
36656  -30.118  -49.394  -32.218 0.6999999881
37552  -28.887  -48.683  -26.190 0.3000000119
37565  -29.104  -48.983  -26.518 0.4000000060
37573  -29.348  -49.179  -27.008 0.4000000060
37574  -29.955  -48.882  -27.197 0.5000000000
37575  -30.538  -48.692  -27.594 0.5000000000
37586  -30.713  -48.901  -28.209 0.5000000000
37597  -30.570  -49.121  -28.745 0.5000000000
37598  -31.083  -48.875  -28.732 0.5000000000
37600  -32.025  -48.701  -29.035 0.6000000238
37601  -32.573  -48.531  -28.989 0.5000000000
37609  -42.703  -49.592  -28.377 0.3000000119
37610  -43.421  -49.596  -28.650 0.3000000119
37611  -43.758  -48.940  -28.600 0.3000000119
37614  -30.526  -49.213  -29.740 0.5000000000
37616  -31.529  -48.927  -29.193 0.6000000238
37617  -32.027  -49.010  -29.381 0.6000000238
37618  -32.890  -48.915  -29.288 0.5000000000
37619  -34.263  -49.146  -29.492 0.6000000238
37620  -34.913  -48.801  -29.630 0.6000000238
37621  -43.687  -49.793  -28.973 0.5000000000
37622  -43.831  -49.275  -28.937 0.5000000000
37623  -31.122  -49.202  -29.977 0.6000000238
37627  -35.978  -48.717  -30.094 0.5000000000
37629  -36.955  -48.635  -30.519 0.5000000000
37630  -41.696  -48.764  -30.436 0.4000000060
37631  -42.797  -49.411  -30.145 0.3000000119
37634  -37.112  -49.097  -30.713 0.5000000000
37636  -38.022  -48.918  -30.966 0.5000000000
37638  -39.220  -49.078  -30.996 0.5000000000
37639  -40.431  -48.922  -30.591 0.5000000000
37640  -40.835  -49.222  -30.671 0.5000000000
37641  -41.383  -49.254  -30.571 0.5000000000
38578  -29.423  -48.604  -26.270 0.4000000060
38579  -29.711  -48.214  -26.140 0.3000000119
38592  -29.980  -48.473  -26.565 0.5000000000
38603  -30.382  -48.479  -27.076 0.5000000000
38604  -30.875  -48.227  -27.275 0.5000000000
38605  -31.337  -47.997  -27.587 0.5000000000
38616  -32.324  -47.823  -28.193 0.5000000000
38629  -32.136  -48.285  -28.642 0.5000000000
38631  -33.981  -47.981  -28.979 0.5000000000
38636  -43.621  -48.478  -28.285 0.3000000119
38637  -44.049  -48.425  -28.690 0.3000000119
38642  -33.201  -48.440  -28.987 0.5000000000
38643  -33.734  -48.330  -29.054 0.5000000000
38644  -34.332  -48.442  -29.291 0.6000000238
38647  -44.211  -48.461  -29.089 0.4000000060
38650  -35.462  -48.511  -29.868 0.5000000000
38651  -35.855  -48.333  -29.936 0.5000000000
38652  -36.370  -48.325  -30.115 0.5000000000
38653  -36.965  -48.263  -30.269 0.5000000000
38654  -37.486  -48.185  -30.307 0.5000000000
38655  -38.090  -48.129  -30.288 0.5000000000
38657  -39.440  -48.316  -30.279 0.5000000000
38659  -41.302  -48.267  -30.292 0.5000000000
38661  -42.910  -48.360  -30.100 0.3000000119
38662  -43.783  -48.465  -29.644 0.4000000060
38664  -37.776  -48.520  -30.664 0.5000000000
38665  -38.350  -48.548  -30.703 0.5000000000
38666  -38.965  -48.653  -30.650 0.5000000000
38667  -39.970  -48.577  -30.407 0.5000000000
38668  -41.025  -48.791  -30.464 0.5000000000
39633  -29.706  -47.727  -25.904 0.3000000119
39634  -30.291  -47.343  -25.844 0.5000000000
39648  -30.714  -47.652  -26.352 0.4000000060
39657  -31.029  -47.844  -26.843 0.5000000000
39658  -31.537  -47.621  -27.082 0.5000000000
39670  -31.884  -47.680  -27.695 0.5000000000
39672  -33.388  -47.220  -28.283 0.4000000060
39683  -33.260  -47.657  -28.507 0.4000000060
39684  -33.691  -47.557  -28.671 0.4000000060
39685  -34.847  -47.430  -28.970 0.5000000000
39686  -35.417  -47.505  -29.206 0.4000000060
39691  -43.043  -47.837  -28.154 0.3000000119
39697  -35.182  -47.840  -29.400 0.4000000060
39699  -36.754  -47.543  -29.630 0.4000000060
39700  -37.383  -47.364  -29.587 0.4000000060
39702  -39.035  -47.243  -29.700 0.5000000000
39703  -44.335  -47.930  -28.838 0.4000000060
39708  -37.147  -47.834  -29.980 0.5000000000
39710  -39.390  -47.736  -29.936 0.5000000000
39711  -40.054  -47.967  -30.050 0.5000000000
39713  -41.643  -47.711  -30.222 0.4000000060
39714  -42.454  -47.742  -30.242 0.4000000060
40663  -29.832  -46.478  -25.308 0.4000000060
40672  -28.847  -47.051  -25.682 0.3000000119
40673  -29.594  -47.084  -25.588 0.3000000119
40675  -30.968  -47.168  -26.041 0.4000000060
40688  -31.719  -47.128  -26.726 0.5000000000
40700  -33.429  -46.557  -27.848 0.4000000060
40710  -32.518  -47.394  -27.777 0.4000000060
40711  -32.998  -47.120  -27.877 0.4000000060
40713  -34.091  -46.810  -28.412 0.4000000060
40726  -35.253  -47.102  -28.851 0.4000000060
40727  -35.719  -47.174  -29.044 0.4000000060
40728  -35.990  -46.705  -28.930 0.4000000060
40739  -36.273  -47.225  -29.268 0.4000000060
40740  -36.961  -46.970  -29.322 0.4000000060
40742  -38.534  -47.076  -29.586 0.4000000060
40744  -39.419  -46.708  -29.545 0.4000000060
40745  -44.488  -47.438  -29.141 0.4000000060
40746  -44.720  -46.848  -28.945 0.3000000119
40752  -40.052  -46.721  -29.650 0.5000000000
40754  -41.456  -46.623  -30.001 0.4000000060
40756  -42.585  -46.690  -30.122 0.3000000119
40757  -44.172  -46.845  -29.646 0.3000000119
40758  -44.567  -46.505  -29.408 0.3000000119
41731  -28.660  -46.442  -25.656 0.3000000119
41732  -29.546  -45.981  -25.308 0.3000000119
41743  -28.887  -46.109  -25.566 0.3000000119
41744  -30.325  -46.451  -25.354 0.4000000060
41746  -31.430  -46.045  -25.987 0.4000000060
41758  -31.654  -46.441  -26.387 0.5000000000
41766  -32.572  -46.620  -27.195 0.4000000060
41768  -33.358  -46.229  -27.564 0.4000000060
41775  -33.723  -46.283  -27.885 0.4000000060
41776  -34.120  -46.441  -28.170 0.4000000060
41778  -35.212  -46.055  -28.372 0.4000000060
41784  -34.530  -46.687  -28.430 0.4000000060
41785  -35.103  -46.590  -28.554 0.4000000060
41787  -36.217  -46.176  -28.834 0.4000000060
41788  -36.676  -46.050  -28.927 0.4000000060
41792  -43.315  -46.584  -28.133 0.3000000119
41799  -37.917  -46.176  -29.238 0.4000000060
41801  -44.790  -46.296  -28.885 0.3000000119
41805  -40.373  -46.152  -29.668 0.4000000060
41806  -41.039  -46.116  -29.888 0.4000000060
41808  -42.335  -46.142  -30.192 0.4000000060
41810  -44.533  -46.111  -29.442 0.3000000119
42821  -29.767  -45.401  -25.237 0.3000000119
42822  -30.232  -45.250  -25.195 0.3000000119
42823  -30.728  -45.491  -25.312 0.4000000060
42836  -31.251  -45.578  -25.644 0.4000000060
42838  -32.141  -45.491  -26.365 0.5000000000
42850  -32.564  -45.331  -26.656 0.4000000060
42851  -32.912  -45.636  -26.996 0.4000000060
42863  -33.251  -45.817  -27.310 0.4000000060
42865  -34.199  -45.352  -27.714 0.4000000060
42874  -34.149  -45.947  -27.903 0.4000000060
42876  -35.004  -45.554  -28.133 0.4000000060
42877  -35.576  -45.665  -28.409 0.4000000060
42887  -36.060  -45.851  -28.675 0.4000000060
42889  -37.002  -45.627  -28.896 0.4000000060
42893  -43.783  -46.026  -28.188 0.3000000119
42894  -44.615  -45.933  -28.324 0.3000000119
42895  -44.784  -45.798  -28.529 0.3000000119
42899  -37.593  -45.625  -29.099 0.4000000060
42901  -38.893  -45.532  -29.443 0.4000000060
42902  -39.443  -45.720  -29.520 0.4000000060
42909  -39.959  -45.578  -29.687 0.4000000060
42912  -42.036  -45.584  -30.269 0.4000000060
42915  -44.228  -45.690  -29.778 0.3000000119
43919  -30.130  -44.782  -25.231 0.3000000119
43921  -31.211  -44.553  -25.369 0.4000000060
43934  -31.159  -45.133  -25.393 0.4000000060
43935  -31.546  -45.073  -25.680 0.4000000060
43936  -31.981  -45.048  -26.043 0.4000000060
43947  -32.325  -45.022  -26.370 0.4000000060
43959  -33.687  -44.723  -27.207 0.4000000060
43960  -34.089  -44.776  -27.471 0.4000000060
43968  -34.922  -44.903  -27.988 0.4000000060
43979  -36.714  -45.138  -28.670 0.4000000060
43986  -44.611  -44.929  -28.229 0.3000000119
43990  -37.476  -44.582  -29.154 0.4000000060
43992  -38.942  -44.949  -29.561 0.4000000060
43993  -44.841  -44.850  -28.446 0.3000000119
43997  -39.703  -44.827  -29.976 0.4000000060
43998  -40.545  -44.712  -30.416 0.4000000060
43999  -41.143  -44.863  -30.481 0.4000000060
44000  -41.806  -45.026  -30.429 0.4000000060
44001  -42.468  -45.145  -30.378 0.4000000060
44004  -44.855  -44.686  -28.779 0.3000000119
44011  -40.312  -44.336  -30.650 0.4000000060
44013  -41.604  -44.483  -30.752 0.4000000060
44999  -30.141  -43.848  -25.560 0.3000000119
45000  -30.907  -43.883  -25.429 0.3000000119
45001  -31.576  -43.954  -25.568 0.4000000060
45002  -32.147  -44.001  -25.882 0.4000000060
45014  -33.122  -44.097  -26.669 0.4000000060
45015  -33.599  -44.129  -27.091 0.4000000060
45025  -34.553  -43.895  -27.709 0.4000000060
45031  -34.786  -44.376  -27.837 0.4000000060
45033  -35.544  -43.968  -28.292 0.4000000060
45040  -36.592  -44.086  -28.873 0.4000000060
45046  -44.003  -43.922  -28.421 0.3000000119
45053  -37.115  -44.028  -29.228 0.4000000060
45054  -38.633  -44.488  -29.645 0.4000000060
45058  -38.128  -43.986  -29.827 0.4000000060
45059  -38.878  -44.106  -30.148 0.4000000060
45061  -40.016  -44.560  -30.328 0.4000000060
45070  -38.878  -43.779  -30.663 0.4000000060
45071  -39.329  -44.013  -30.664 0.4000000060
45073  -42.079  -44.067  -30.903 0.4000000060
45075  -40.857  -43.859  -31.236 0.4000000060
45077  -41.888  -43.388  -31.242 0.4000000060
46111  -29.927  -43.075  -26.149 0.3000000119
46112  -30.542  -43.319  -25.798 0.3000000119
46114  -31.897  -43.447  -25.783 0.4000000060
46128  -32.397  -43.465  -26.088 0.4000000060
46129  -32.920  -43.444  -26.558 0.4000000060
46142  -33.328  -43.168  -27.027 0.4000000060
46144  -34.193  -43.443  -27.637 0.4000000060
46151  -34.761  -43.398  -28.020 0.4000000060
46152  -35.269  -43.547  -28.244 0.4000000060
46159  -35.182  -43.120  -28.432 0.4000000060
46161  -36.312  -43.536  -28.912 0.4000000060
46169  -44.620  -43.716  -28.620 0.3000000119
46173  -36.082  -42.999  -29.058 0.4000000060
46174  -36.534  -43.227  -29.339 0.4000000060
46175  -36.985  -43.418  -29.531 0.4000000060
46176  -37.490  -43.658  -29.697 0.4000000060
46181  -36.760  -43.020  -29.747 0.4000000060
46183  -37.787  -43.462  -30.260 0.4000000060
46192  -37.408  -43.140  -30.838 0.4000000060
46194  -38.580  -43.524  -31.083 0.4000000060
46196  -39.663  -43.884  -31.203 0.4000000060
46199  -36.813  -43.246  -32.111 0.4000000060
46200  -37.457  -43.263  -31.679 0.4000000060
46202  -38.823  -43.478  -31.720 0.4000000060
46203  -39.405  -43.595  -31.756 0.4000000060
46204  -39.983  -43.625  -31.718 0.4000000060
46205  -40.584  -43.568  -31.650 0.4000000060
46207  -37.253  -43.282  -32.341 0.5000000000
46208  -37.816  -43.289  -32.281 0.5000000000
46209  -38.474  -43.283  -32.266 0.4000000060
46210  -39.111  -43.303  -32.252 0.5000000000
46213  -40.959  -43.086  -32.043 0.4000000060
47296  -30.485  -42.815  -26.109 0.3000000119
47298  -31.624  -42.956  -25.946 0.4000000060
47312  -30.800  -42.428  -26.301 0.3000000119
47313  -31.392  -42.500  -26.265 0.3000000119
47314  -32.458  -42.883  -26.474 0.4000000060
47326  -32.680  -42.420  -26.912 0.4000000060
47327  -33.200  -42.578  -27.175 0.4000000060
47328  -33.751  -42.898  -27.509 0.4000000060
47329  -34.297  -42.941  -27.976 0.4000000060
47337  -33.950  -42.399  -27.979 0.4000000060
47346  -34.416  -42.517  -28.473 0.4000000060
47347  -34.958  -42.718  -28.707 0.4000000060
47348  -35.504  -42.859  -28.867 0.4000000060
47354  -43.719  -42.586  -28.642 0.3000000119
47355  -44.568  -42.827  -28.794 0.3000000119
47360  -35.701  -42.646  -29.418 0.4000000060
47368  -36.964  -42.908  -30.638 0.4000000060
47376  -36.479  -42.809  -30.857 0.4000000060
47384  -42.088  -42.731  -31.547 0.4000000060
47386  -35.974  -42.771  -32.246 0.4000000060
47387  -36.424  -43.071  -32.460 0.4000000060
47388  -36.900  -43.198  -32.626 0.4000000060
47390  -38.114  -43.091  -32.733 0.5000000000
47392  -39.440  -42.940  -32.585 0.4000000060
47393  -40.096  -42.908  -32.582 0.3000000119
47394  -41.393  -42.414  -32.392 0.3000000119
47395  -41.977  -42.295  -32.052 0.4000000060
47397  -37.111  -42.883  -32.856 0.4000000060
47399  -38.489  -42.558  -32.929 0.5000000000
47400  -39.151  -42.428  -32.871 0.4000000060
48477  -31.184  -42.135  -26.689 0.4000000060
48490  -30.975  -41.827  -27.146 0.3000000119
48492  -32.247  -41.980  -27.155 0.4000000060
48493  -32.909  -42.068  -27.374 0.4000000060
48509  -33.938  -42.081  -28.485 0.4000000060
48521  -33.268  -41.648  -29.369 0.4000000060
48525  -43.777  -41.878  -28.693 0.3000000119
48527  -44.813  -41.656  -29.118 0.3000000119
48554  -36.175  -42.633  -32.642 0.4000000060
48555  -41.749  -41.919  -32.355 0.4000000060
48557  -36.690  -42.238  -32.861 0.4000000060
48563  -41.332  -41.820  -32.683 0.3000000119
49619  -30.119  -41.280  -27.468 0.3000000119
49620  -31.234  -41.417  -27.678 0.4000000060
49628  -30.128  -40.845  -27.832 0.3000000119
49629  -30.639  -41.113  -27.892 0.3000000119
49631  -32.221  -41.447  -28.124 0.4000000060
49640  -32.174  -41.390  -28.728 0.4000000060
49651  -31.688  -41.146  -29.843 0.4000000060
49652  -32.147  -41.359  -29.471 0.4000000060
49653  -32.710  -41.537  -29.052 0.4000000060
49654  -44.776  -40.977  -29.169 0.3000000119
49659  -31.721  -41.105  -30.540 0.4000000060
49684  -41.537  -41.409  -32.101 0.4000000060
49685  -41.968  -41.699  -32.058 0.4000000060
49698  -37.162  -41.520  -33.108 0.5000000000
49699  -37.772  -41.551  -33.328 0.5000000000
50804  -30.463  -40.665  -28.180 0.4000000060
50813  -30.386  -40.261  -28.400 0.4000000060
50814  -30.730  -40.546  -28.614 0.4000000060
50815  -31.175  -40.936  -28.747 0.4000000060
50818  -42.463  -40.299  -28.507 0.3000000119
50819  -43.342  -40.415  -28.692 0.3000000119
50825  -31.318  -40.853  -29.468 0.4000000060
50826  -44.381  -40.379  -28.899 0.3000000119
50827  -44.862  -40.327  -29.295 0.3000000119
50828  -44.978  -40.578  -29.589 0.3000000119
50832  -31.380  -40.802  -30.163 0.4000000060
52012  -30.071  -39.855  -28.387 0.3000000119
52024  -41.757  -39.625  -28.447 0.4000000060
52025  -42.343  -39.693  -28.525 0.4000000060
52026  -43.123  -39.801  -28.637 0.3000000119
52030  -30.306  -39.530  -29.235 0.4000000060
52031  -30.670  -39.949  -29.482 0.4000000060
52041  -44.566  -39.264  -29.548 0.3000000119
52042  -44.582  -39.396  -29.863 0.4000000060
52045  -31.109  -40.335  -30.445 0.4000000060
52061  -30.916  -39.816  -30.681 0.4000000060
52062  -31.257  -40.192  -31.015 0.4000000060
53263  -30.072  -39.016  -28.931 0.3000000119
53271  -42.044  -38.563  -28.443 0.4000000060
53273  -43.077  -39.038  -28.677 0.4000000060
53276  -30.299  -39.131  -29.490 0.4000000060
53287  -44.024  -38.535  -29.136 0.4000000060
53288  -44.380  -38.639  -29.602 0.3000000119
53289  -44.452  -38.795  -29.854 0.4000000060
53292  -30.467  -38.940  -29.973 0.4000000060
53305  -30.809  -39.241  -30.916 0.4000000060
53308  -31.083  -39.339  -31.471 0.4000000060
54375  -42.016  -37.933  -28.332 0.4000000060
54376  -42.744  -37.832  -28.615 0.4000000060
54387  -43.428  -37.756  -28.950 0.4000000060
54388  -43.780  -37.866  -29.398 0.4000000060
54389  -44.165  -38.132  -29.711 0.4000000060
54390  -44.318  -38.364  -29.865 0.4000000060
54394  -30.334  -38.416  -30.114 0.4000000060
54395  -30.622  -38.884  -30.428 0.4000000060
54401  -43.332  -38.045  -30.395 0.4000000060
54402  -43.996  -38.085  -30.079 0.4000000060
54415  -30.987  -38.334  -32.117 0.5000000000
55394  -42.751  -37.155  -28.668 0.4000000060
55404  -43.420  -37.140  -29.045 0.4000000060
55405  -43.675  -37.324  -29.474 0.4000000060
55415  -42.881  -37.027  -30.339 0.4000000060
55416  -43.276  -37.194  -30.227 0.4000000060
55420  -30.459  -38.100  -31.136 0.4000000060
56352  -42.771  -36.367  -28.790 0.4000000060
56353  -43.232  -36.578  -29.225 0.4000000060
56360  -41.686  -36.255  -29.703 0.4000000060
56361  -42.571  -36.342  -29.791 0.4000000060
56362  -43.554  -36.812  -29.607 0.4000000060
56363  -43.561  -37.107  -29.910 0.4000000060
56369  -42.930  -36.653  -30.093 0.4000000060
56370  -43.303  -36.813  -30.044 0.4000000060
57322  -42.444  -35.751  -28.693 0.4000000060
57332  -42.253  -35.737  -29.210 0.4000000060
57335  -30.464  -36.796  -30.546 0.4000000060
58257  -42.254  -35.350  -28.206 0.4000000060
58270  -42.185  -35.385  -28.641 0.4000000060
59256  -41.268  -34.843  -28.333 0.4000000060
226571  -26.627  -63.301  -32.379 0.6999999881
226630  -27.886  -62.877  -32.408 0.6999999881
227539  -24.629  -61.135  -27.496 0.5000000000
227796  -33.423  -54.110  -32.912 0.6999999881
228003  -31.766  -58.552  -32.666 0.8000000119
228148  -32.154  -60.387  -30.358 0.5000000000
228548  -26.241  -60.499  -32.385 0.6999999881
228782  -25.126  -64.018  -33.869 0.6000000238
229065  -24.577  -64.466  -29.888 0.5000000000
229306  -29.146  -68.416  -30.168 0.4000000060
229381  -32.725  -68.760  -32.093 0.4000000060
229463  -36.830  -54.226  -32.422 0.6999999881
229616  -42.335  -37.449  -30.410 0.4000000060
229961  -39.859  -44.185  -30.679 0.4000000060
230333  -31.547  -60.280  -29.211 0.3000000119
230498  -43.318  -50.500  -29.726 0.5000000000
230807  -31.363  -60.343  -32.482 0.6000000238
231347  -33.338  -41.743  -28.584 0.4000000060
232383  -29.537  -55.048  -28.577 0.5000000000
232543  -24.303  -69.057  -34.021 0.5000000000
232560  -38.549  -46.143  -29.351 0.4000000060
232829  -37.605  -52.402  -31.709 0.6000000238
232860  -29.332  -61.483  -28.149 0.3000000119
232970  -31.590  -49.489  -30.336 0.6000000238
233077  -38.313  -54.822  -30.148 0.5000000000
233121  -36.188  -54.267  -32.484 0.6999999881
233247  -30.413  -49.254  -29.185 0.5000000000
233738  -30.849  -38.897  -31.347 0.4000000060
233956  -44.342  -39.085  -29.249 0.3000000119
234362  -39.148  -46.166  -29.452 0.4000000060
234431  -32.218  -42.402  -26.697 0.4000000060
234696  -23.600  -65.461  -33.214 0.6000000238
234701  -43.817  -47.411  -29.761 0.3000000119
234726  -40.713  -42.729  -32.470 0.3000000119
234887  -26.271  -60.824  -32.596 0.6999999881
234935  -43.881  -44.515  -28.338 0.3000000119
234939  -32.854  -53.354  -32.951 0.6999999881
235195  -38.314  -53.737  -30.105 0.4000000060
235201  -30.798  -55.418  -30.813 0.5000000000
235827  -34.618  -51.795  -31.698 0.6999999881
235887  -24.795  -64.254  -33.829 0.6000000238
236112  -43.931  -39.320  -28.851 0.4000000060
236408  -26.200  -66.473  -28.117 0.3000000119
236518  -34.703  -52.423  -32.547 0.6999999881
236608  -42.988  -37.539  -30.455 0.4000000060
236881  -25.226  -65.439  -27.887 0.4000000060
236971  -23.176  -67.502  -33.082 0.5000000000
237217  -27.799  -50.560  -27.834 0.4000000060
237406  -34.955  -59.369  -29.732 0.3000000119
237619  -30.467  -60.127  -32.864 0.5000000000
237940  -27.898  -61.125  -33.201 0.6999999881
237949  -27.252  -51.160  -28.867 0.5000000000
238150  -29.772  -54.061  -29.244 0.5000000000
238256  -31.429  -46.935  -26.357 0.4000000060
238721  -31.840  -66.385  -29.480 0.3000000119
238814  -35.807  -44.559  -28.334 0.4000000060
239224  -35.478  -51.955  -31.431 0.6000000238
239312  -29.555  -57.683  -30.794 0.6000000238
239394  -31.091  -60.081  -32.742 0.5000000000
239437  -22.233  -68.359  -34.353 0.4000000060
239549  -40.447  -53.387  -31.188 0.5000000000
239576  -32.691  -47.005  -27.531 0.4000000060
240031  -34.854  -46.954  -28.675 0.4000000060
240170  -32.810  -51.820  -32.941 0.6999999881
240752  -34.625  -45.264  -27.926 0.4000000060
240755  -44.446  -47.237  -28.585 0.3000000119
240811  -23.607  -65.265  -31.997 0.6000000238
240822  -37.856  -45.058  -29.186 0.4000000060
240860  -28.171  -58.863  -28.475 0.5000000000
241109  -30.636  -46.779  -25.653 0.4000000060
241151  -34.227  -47.503  -28.842 0.4000000060
241255  -42.976  -50.963  -28.952 0.5000000000
241259  -38.241  -51.338  -31.550 0.6000000238
241264  -24.469  -64.984  -29.574 0.5000000000
241413  -30.736  -51.177  -32.321 0.6999999881
241464  -43.163  -49.012  -28.320 0.3000000119
241652  -38.374  -42.143  -33.180 0.5000000000
241822  -31.650  -59.104  -32.695 0.8000000119
241909  -41.032  -53.853  -29.508 0.5000000000
241913  -38.097  -54.116  -30.153 0.5000000000
242199  -28.870  -58.475  -30.389 0.6000000238
242313  -36.782  -49.946  -30.715 0.5000000000
242459  -32.031  -56.894  -32.854 0.8000000119
242729  -27.514  -67.997  -33.558 0.4000000060
243219  -33.598  -42.026  -28.071 0.4000000060
243262  -38.268  -46.682  -29.371 0.4000000060
243329  -31.022  -60.438  -27.645 0.3000000119
243342  -31.934  -42.631  -26.314 0.4000000060
243507  -33.319  -46.860  -27.957 0.4000000060
243636  -31.672  -54.882  -32.405 0.6999999881
243650  -28.019  -53.022  -30.235 0.5000000000
243694  -30.682  -41.478  -27.476 0.3000000119
243752  -29.334  -49.713  -30.418 0.6000000238
244168  -38.763  -51.304  -31.636 0.5000000000
244491  -26.765  -63.432  -34.079 0.6000000238
244608  -38.814  -50.284  -31.387 0.5000000000
244891  -33.192  -52.796  -32.900 0.6999999881
245016  -33.816  -45.190  -27.415 0.4000000060
245213  -32.605  -52.803  -32.907 0.6999999881
245341  -33.685  -56.311  -32.806 0.8000000119
245351  -26.384  -60.002  -31.578 0.6999999881
245777  -28.858  -50.328  -29.534 0.6000000238
245842  -38.045  -44.511  -29.402 0.4000000060
245895  -29.338  -57.456  -29.190 0.5000000000
246251  -34.730  -51.338  -30.853 0.5000000000
246477  -25.506  -63.986  -32.979 0.6999999881
246642  -28.166  -67.709  -33.451 0.4000000060
246894  -23.301  -65.843  -32.925 0.6999999881
247438  -26.626  -62.888  -29.269 0.4000000060
247569  -30.275  -60.977  -30.523 0.5000000000
247585  -42.898  -47.272  -30.114 0.3000000119
247690  -32.000  -57.913  -32.769 0.8000000119
247694  -36.079  -56.836  -32.180 0.6000000238
247986  -25.078  -60.827  -31.432 0.5000000000
248049  -30.727  -52.693  -31.691 0.6000000238
248388  -23.899  -61.137  -29.752 0.5000000000
248473  -27.801  -59.302  -32.539 0.6000000238
248537  -39.202  -52.530  -31.701 0.6000000238
248574  -27.814  -61.853  -33.486 0.6999999881
248700  -41.996  -46.521  -30.098 0.4000000060
248728  -44.348  -46.647  -28.259 0.3000000119
248850  -36.366  -44.618  -28.598 0.4000000060
248864  -30.243  -36.723  -29.899 0.4000000060
248870  -32.887  -59.602  -32.265 0.5000000000
249102  -41.250  -47.194  -30.110 0.4000000060
249181  -32.988  -45.145  -26.830 0.4000000060
249211  -23.749  -66.258  -30.810 0.6000000238
249494  -30.734  -38.457  -31.545 0.5000000000
249640  -36.636  -57.680  -30.212 0.4000000060
249739  -41.761  -40.136  -28.465 0.4000000060
249994  -31.581  -52.836  -32.484 0.6999999881
250191  -31.306  -51.135  -32.462 0.6999999881
250564  -36.714  -56.065  -30.157 0.4000000060
250640  -44.594  -41.619  -28.887 0.3000000119
250743  -29.624  -59.230  -32.858 0.6999999881
251114  -36.871  -54.582  -30.158 0.3000000119
251340  -36.020  -55.903  -30.032 0.3000000119
251603  -41.892  -49.575  -28.303 0.3000000119
251696  -34.978  -58.483  -32.129 0.5000000000
251803  -28.227  -66.865  -30.066 0.4000000060
251975  -44.858  -45.347  -28.303 0.3000000119
252013  -32.942  -57.959  -28.308 0.3000000119
252035  -32.264  -44.554  -26.154 0.4000000060
252039  -40.181  -49.961  -31.362 0.5000000000
252170  -40.290  -47.310  -29.898 0.5000000000
252326  -44.960  -45.251  -28.515 0.3000000119
252464  -43.778  -38.889  -30.324 0.4000000060
252754  -36.267  -55.221  -32.364 0.8000000119
252965  -35.666  -47.826  -29.580 0.4000000060
252992  -32.550  -60.281  -31.510 0.5000000000
253304  -30.125  -49.136  -30.778 0.6000000238
253321  -44.873  -39.908  -29.549 0.3000000119
253519  -42.610  -51.091  -30.076 0.5000000000
253740  -44.246  -38.981  -30.084 0.4000000060
253966  -25.226  -60.810  -28.486 0.5000000000
254020  -33.351  -59.126  -32.355 0.5000000000
254021  -27.959  -51.683  -32.023 0.5000000000
254059  -38.014  -47.201  -29.582 0.5000000000
254341  -34.336  -44.340  -27.551 0.4000000060
254394  -39.843  -49.059  -30.840 0.5000000000
254412  -33.898  -44.330  -27.295 0.4000000060
254460  -39.587  -52.901  -29.661 0.4000000060
254832  -40.748  -45.160  -30.232 0.4000000060
255006  -42.839  -48.478  -28.168 0.3000000119
255410  -37.173  -50.231  -30.962 0.5000000000
255595  -22.703  -62.225  -28.514 0.5000000000
255762  -30.214  -38.655  -29.495 0.4000000060
255856  -30.396  -66.712  -32.136 0.4000000060
255968  -39.559  -54.144  -31.531 0.6000000238
256555  -31.512  -60.436  -30.405 0.5000000000
256626  -42.612  -43.665  -30.885 0.3000000119
257254  -24.193  -64.646  -31.593 0.6000000238
257326  -31.057  -60.416  -28.147 0.3000000119
257561  -37.526  -55.994  -31.907 0.6000000238
257562  -28.753  -66.695  -30.192 0.4000000060
257678  -25.594  -60.610  -28.761 0.5000000000
257715  -30.795  -39.896  -30.098 0.4000000060
257895  -30.516  -55.642  -30.066 0.5000000000
257983  -32.098  -66.644  -31.257 0.3000000119
258370  -26.574  -67.649  -31.863 0.4000000060
258412  -26.007  -60.379  -28.964 0.5000000000
258482  -43.737  -38.384  -30.315 0.4000000060
258691  -38.450  -50.905  -31.495 0.5000000000
258818  -42.471  -48.844  -30.266 0.5000000000
258962  -31.451  -53.339  -32.350 0.6999999881
259133  -39.887  -54.772  -30.882 0.6000000238
259155  -28.042  -50.698  -28.324 0.5000000000
259343  -24.693  -63.384  -33.925 0.6000000238
259517  -25.720  -66.272  -28.275 0.3000000119
259663  -25.613  -60.431  -29.917 0.5000000000
259844  -28.096  -66.941  -30.621 0.4000000060
259865  -31.976  -49.907  -30.539 0.6000000238
260049  -24.157  -61.082  -30.245 0.5000000000
260459  -29.119  -61.457  -29.904 0.4000000060
260568  -23.702  -68.854  -34.023 0.5000000000
261654  -35.604  -55.799  -32.421 0.6999999881
261817  -28.728  -50.712  -32.186 0.6000000238
262192  -43.324  -46.897  -30.006 0.3000000119
262293  -21.073  -69.356  -34.075 0.4000000060
262413  -36.196  -42.699  -30.364 0.4000000060
262458  -44.041  -48.817  -28.891 0.4000000060
262552  -39.688  -51.407  -31.526 0.5000000000
263191  -33.741  -56.794  -32.777 0.8000000119
263459  -37.382  -56.231  -30.239 0.5000000000
263627  -25.711  -63.322  -30.957 0.6000000238
263968  -29.147  -58.184  -30.089 0.6000000238
264477  -40.321  -54.506  -30.702 0.6000000238
264496  -21.935  -66.878  -34.337 0.6000000238
264535  -40.502  -54.427  -29.755 0.5000000000
264829  -39.991  -54.360  -31.195 0.6000000238
264966  -39.361  -52.324  -29.586 0.4000000060
265158  -31.128  -66.544  -31.532 0.4000000060
265356  -39.835  -45.166  -29.812 0.4000000060
265718  -38.914  -47.671  -29.928 0.5000000000
265909  -40.792  -47.246  -30.030 0.4000000060
266013  -31.982  -46.255  -26.562 0.5000000000
266021  -35.906  -48.071  -29.854 0.5000000000
266036  -42.036  -41.992  -32.053 0.4000000060
266348  -22.607  -68.853  -34.310 0.3000000119
266804  -39.715  -53.090  -31.564 0.5000000000
266815  -27.014  -68.841  -33.780 0.4000000060
266921  -23.182  -64.568  -34.172 0.6000000238
267015  -44.587  -43.259  -28.717 0.3000000119
267493  -24.484  -62.251  -32.886 0.6000000238
267735  -24.507  -70.206  -33.729 0.4000000060
268229  -31.149  -60.349  -28.949 0.3000000119
269138  -28.997  -58.386  -30.880 0.6999999881
269377  -31.709  -46.777  -26.567 0.5000000000
269465  -43.912  -39.916  -28.793 0.3000000119
269638  -25.430  -64.673  -27.345 0.3000000119
270006  -21.559  -69.565  -34.184 0.4000000060
270316  -37.056  -55.994  -32.080 0.6000000238
270534  -32.364  -59.859  -28.313 0.3000000119
270662  -30.121  -38.194  -29.543 0.4000000060
270698  -30.823  -40.906  -28.337 0.4000000060
270959  -28.155  -58.956  -29.598 0.5000000000
271278  -37.699  -56.423  -31.599 0.6000000238
