#!ascii label  , from subject corrected_filled vox2ras=TkReg
1529
15375  -36.829  -66.021  -14.003 0.0000000000
22155  -41.664  -60.264  -22.277 0.0000000000
22079  -33.679  -60.228  -17.524 0.0000000000
245441  -35.640  -65.344  -19.041 0.0000000000
27843  -39.365  -55.941  -18.264 0.0000000000
23965  -40.467  -58.830  -14.550 0.0000000000
27747  -33.278  -56.329  -12.206 0.0000000000
33503  -32.269  -52.025  -8.136 0.0000000000
265456  -33.889  -55.861  -16.942 0.0000000000
25978  -35.446  -57.876  -19.790 0.0000000000
29865  -36.966  -54.536  -16.506 0.0000000000
24861  -37.415  -57.922  -12.816 0.0000000000
28696  -36.604  -55.247  -11.274 0.0000000000
38217  -30.985  -48.406  -6.631 0.0000000000
253241  -29.713  -49.030  -9.490 0.0000000000
10234  -35.812  -70.764  -13.429 0.0000000000
253057  -38.787  -62.194  -20.772 0.0000000000
13160  -37.056  -68.272  -19.008 0.0000000000
256936  -40.159  -65.940  -19.966 0.0000000000
245574  -35.037  -63.777  -15.225 0.0000000000
264046  -33.574  -67.171  -15.566 0.0000000000
24073  -37.320  -59.221  -21.244 0.0000000000
26921  -41.715  -57.039  -20.238 0.0000000000
22049  -37.158  -60.447  -15.442 0.0000000000
233415  -33.824  -58.801  -14.792 0.0000000000
30774  -31.844  -53.965  -14.837 0.0000000000
31635  -36.240  -52.703  -9.298 0.0000000000
31655  -32.530  -52.964  -10.486 0.0000000000
33574  -30.045  -51.332  -12.074 0.0000000000
38331  -31.080  -48.429  -13.472 0.0000000000
246380  -34.186  -69.841  -17.200 0.0000000000
27950  -40.224  -55.955  -23.315 0.0000000000
22203  -39.763  -60.068  -25.068 0.0000000000
17008  -36.201  -64.541  -21.643 0.0000000000
244306  -34.021  -53.714  -16.002 0.0000000000
28805  -35.474  -55.050  -16.813 0.0000000000
13081  -36.245  -68.350  -13.377 0.0000000000
266135  -40.685  -61.508  -21.113 0.0000000000
17761  -40.118  -63.919  -20.220 0.0000000000
18643  -41.145  -63.035  -21.320 0.0000000000
16243  -40.377  -65.035  -21.327 0.0000000000
19544  -40.303  -62.595  -23.104 0.0000000000
19448  -34.210  -62.179  -16.608 0.0000000000
20325  -33.563  -61.691  -18.528 0.0000000000
245322  -37.502  -56.840  -19.112 0.0000000000
24057  -35.862  -58.953  -20.611 0.0000000000
25982  -38.301  -57.572  -20.218 0.0000000000
25000  -39.134  -57.984  -20.898 0.0000000000
27866  -40.653  -56.438  -19.226 0.0000000000
20304  -38.085  -61.555  -15.725 0.0000000000
22934  -38.854  -59.522  -14.664 0.0000000000
25848  -35.159  -57.519  -12.571 0.0000000000
23921  -35.320  -58.620  -13.525 0.0000000000
25890  -33.364  -57.759  -13.668 0.0000000000
26837  -32.452  -56.769  -14.639 0.0000000000
28744  -31.884  -55.516  -13.462 0.0000000000
31632  -34.710  -52.436  -8.693 0.0000000000
32599  -34.279  -52.565  -10.109 0.0000000000
268367  -32.562  -52.277  -9.246 0.0000000000
39352  -29.535  -47.464  -10.459 0.0000000000
233225  -29.643  -50.001  -10.757 0.0000000000
247492  -29.639  -48.642  -11.836 0.0000000000
265543  -30.309  -49.981  -13.399 0.0000000000
13874  -33.499  -66.736  -17.602 0.0000000000
12315  -33.576  -68.661  -16.399 0.0000000000
13145  -34.464  -67.998  -18.276 0.0000000000
10319  -35.471  -71.217  -18.624 0.0000000000
28974  -39.043  -55.324  -24.409 0.0000000000
26074  -40.600  -57.180  -24.620 0.0000000000
19542  -36.137  -62.389  -23.327 0.0000000000
25945  -33.368  -57.957  -17.608 0.0000000000
23003  -33.893  -59.125  -19.051 0.0000000000
26889  -34.577  -57.029  -18.493 0.0000000000
27839  -36.573  -55.918  -17.932 0.0000000000
28813  -38.130  -55.311  -17.343 0.0000000000
24898  -38.672  -58.433  -13.599 0.0000000000
26777  -37.026  -56.643  -11.892 0.0000000000
27713  -34.834  -55.781  -11.523 0.0000000000
35315  -31.016  -50.172  -7.145 0.0000000000
35359  -30.540  -50.393  -8.525 0.0000000000
38244  -30.041  -48.523  -8.103 0.0000000000
40372  -30.052  -46.741  -9.016 0.0000000000
43656  -30.544  -44.705  -10.395 0.0000000000
17758  -37.330  -63.601  -19.905 0.0000000000
14640  -36.431  -66.159  -19.003 0.0000000000
16213  -37.936  -64.868  -19.611 0.0000000000
251895  -39.042  -66.785  -19.395 0.0000000000
11641  -38.404  -69.213  -20.155 0.0000000000
251934  -39.073  -68.119  -21.219 0.0000000000
13961  -38.765  -67.672  -22.029 0.0000000000
13945  -37.813  -67.106  -22.048 0.0000000000
16147  -36.029  -64.991  -14.446 0.0000000000
13840  -34.913  -66.828  -14.385 0.0000000000
16193  -33.283  -65.175  -17.211 0.0000000000
16948  -34.911  -64.347  -19.108 0.0000000000
239675  -34.442  -60.815  -19.773 0.0000000000
20364  -35.468  -61.513  -20.351 0.0000000000
19498  -36.350  -62.006  -20.453 0.0000000000
259954  -37.976  -60.938  -21.148 0.0000000000
24077  -40.058  -59.053  -21.584 0.0000000000
25019  -41.965  -58.783  -21.430 0.0000000000
17682  -37.177  -63.426  -14.913 0.0000000000
19432  -36.547  -61.944  -15.670 0.0000000000
21202  -34.895  -60.858  -16.355 0.0000000000
22914  -37.395  -59.256  -14.196 0.0000000000
22954  -35.497  -59.718  -15.116 0.0000000000
22979  -33.710  -59.526  -16.496 0.0000000000
25939  -32.930  -57.710  -16.318 0.0000000000
28791  -32.902  -55.349  -15.791 0.0000000000
32674  -32.687  -52.701  -15.452 0.0000000000
30703  -36.417  -53.259  -10.504 0.0000000000
30717  -34.367  -54.125  -10.847 0.0000000000
29757  -32.572  -54.425  -11.421 0.0000000000
33527  -30.566  -51.490  -9.931 0.0000000000
31668  -31.091  -53.036  -11.329 0.0000000000
30741  -31.565  -54.111  -12.462 0.0000000000
31700  -30.917  -52.858  -13.472 0.0000000000
244768  -31.402  -51.343  -14.491 0.0000000000
11534  -34.585  -68.761  -14.320 0.0000000000
10864  -34.608  -70.607  -14.779 0.0000000000
11608  -35.458  -69.151  -18.536 0.0000000000
9678  -34.616  -71.497  -17.637 0.0000000000
29906  -43.065  -55.170  -18.511 0.0000000000
26923  -43.529  -56.541  -20.714 0.0000000000
25031  -42.871  -57.802  -22.518 0.0000000000
26056  -42.246  -57.248  -23.988 0.0000000000
241260  -40.875  -60.097  -23.700 0.0000000000
19559  -39.221  -62.286  -24.091 0.0000000000
17034  -37.931  -64.236  -22.179 0.0000000000
32676  -33.877  -52.731  -15.681 0.0000000000
31740  -34.795  -53.297  -15.865 0.0000000000
13082  -36.846  -68.202  -13.180 0.0000000000
13829  -36.531  -67.219  -13.571 0.0000000000
21279  -41.387  -60.959  -21.486 0.0000000000
20384  -41.213  -61.925  -21.327 0.0000000000
20397  -41.246  -61.707  -21.975 0.0000000000
19545  -40.732  -62.607  -22.525 0.0000000000
20410  -41.089  -61.420  -22.571 0.0000000000
245653  -33.753  -61.398  -17.260 0.0000000000
20318  -33.602  -61.803  -17.548 0.0000000000
20322  -33.542  -61.248  -17.710 0.0000000000
27857  -38.335  -56.313  -18.544 0.0000000000
25970  -38.019  -56.960  -19.352 0.0000000000
26896  -39.368  -56.363  -18.767 0.0000000000
26918  -39.036  -57.093  -19.745 0.0000000000
27844  -39.926  -56.130  -18.605 0.0000000000
22937  -40.868  -59.209  -14.926 0.0000000000
22960  -39.854  -59.899  -15.215 0.0000000000
250696  -39.354  -60.238  -15.422 0.0000000000
22935  -39.510  -59.455  -14.742 0.0000000000
26790  -34.307  -56.955  -12.288 0.0000000000
25872  -34.073  -57.585  -12.909 0.0000000000
26807  -33.392  -56.977  -12.720 0.0000000000
224572  -32.401  -56.535  -13.260 0.0000000000
255355  -32.244  -56.165  -12.970 0.0000000000
33494  -32.210  -52.085  -7.486 0.0000000000
31604  -33.140  -52.948  -7.471 0.0000000000
31616  -33.492  -52.638  -7.987 0.0000000000
30672  -34.781  -53.182  -8.348 0.0000000000
32541  -33.879  -52.416  -8.516 0.0000000000
32555  -33.928  -52.200  -9.100 0.0000000000
258776  -32.130  -51.945  -8.565 0.0000000000
40393  -29.698  -46.878  -10.665 0.0000000000
39359  -29.372  -47.873  -10.873 0.0000000000
39371  -29.947  -47.558  -12.218 0.0000000000
41468  -30.259  -46.173  -12.065 0.0000000000
242713  -34.865  -65.882  -18.780 0.0000000000
263174  -34.026  -67.146  -18.180 0.0000000000
14628  -35.027  -66.374  -18.773 0.0000000000
249086  -38.589  -59.167  -25.110 0.0000000000
20434  -37.155  -61.524  -24.575 0.0000000000
262466  -36.288  -61.626  -24.135 0.0000000000
26877  -33.558  -57.071  -17.443 0.0000000000
25952  -33.872  -57.653  -18.486 0.0000000000
27836  -34.330  -56.402  -17.700 0.0000000000
29871  -36.191  -54.927  -16.817 0.0000000000
28818  -35.705  -55.597  -17.552 0.0000000000
28811  -37.056  -55.247  -17.209 0.0000000000
28820  -37.293  -55.594  -17.596 0.0000000000
250905  -37.402  -54.899  -16.856 0.0000000000
27730  -35.891  -56.036  -11.545 0.0000000000
27714  -35.449  -55.645  -11.367 0.0000000000
35316  -31.353  -50.531  -6.799 0.0000000000
36225  -30.877  -49.516  -7.019 0.0000000000
36235  -30.625  -49.730  -7.616 0.0000000000
38230  -30.480  -48.407  -7.162 0.0000000000
41445  -30.112  -46.177  -9.536 0.0000000000
9610  -35.613  -71.357  -13.628 0.0000000000
18624  -37.925  -62.711  -20.457 0.0000000000
16967  -37.484  -64.453  -19.668 0.0000000000
242806  -38.497  -63.859  -20.015 0.0000000000
16216  -40.202  -64.981  -20.053 0.0000000000
15472  -39.481  -65.906  -19.516 0.0000000000
14644  -39.507  -66.773  -19.558 0.0000000000
13179  -39.102  -68.291  -19.998 0.0000000000
11655  -38.576  -69.054  -20.729 0.0000000000
16242  -39.724  -65.287  -21.723 0.0000000000
225272  -39.317  -66.277  -21.623 0.0000000000
15491  -38.839  -65.915  -21.790 0.0000000000
13960  -38.204  -67.583  -22.273 0.0000000000
229541  -38.310  -65.681  -21.777 0.0000000000
247546  -35.825  -64.306  -14.732 0.0000000000
225152  -35.478  -65.457  -14.473 0.0000000000
16941  -34.002  -64.747  -18.397 0.0000000000
17738  -34.437  -63.427  -19.102 0.0000000000
24031  -34.315  -58.819  -19.445 0.0000000000
236517  -34.128  -59.982  -19.572 0.0000000000
244759  -35.044  -58.927  -20.109 0.0000000000
251990  -35.922  -59.968  -20.744 0.0000000000
21262  -36.150  -60.824  -20.704 0.0000000000
19497  -35.781  -61.970  -20.335 0.0000000000
21263  -36.589  -61.136  -20.749 0.0000000000
229658  -36.998  -62.002  -20.561 0.0000000000
25998  -40.206  -57.620  -20.750 0.0000000000
25016  -39.532  -58.460  -21.359 0.0000000000
25002  -40.608  -58.042  -21.134 0.0000000000
24078  -40.895  -59.025  -21.466 0.0000000000
26015  -41.885  -57.993  -21.060 0.0000000000
21206  -37.866  -61.089  -15.684 0.0000000000
19433  -37.169  -61.995  -15.627 0.0000000000
20302  -36.871  -61.489  -15.777 0.0000000000
20301  -36.219  -61.459  -15.914 0.0000000000
22064  -36.311  -60.617  -15.752 0.0000000000
24882  -37.772  -58.207  -13.160 0.0000000000
23944  -38.334  -58.825  -13.909 0.0000000000
23924  -37.462  -58.565  -13.475 0.0000000000
23938  -34.529  -58.799  -14.111 0.0000000000
22911  -35.438  -59.221  -14.261 0.0000000000
22928  -34.621  -59.361  -14.878 0.0000000000
22952  -34.453  -59.531  -15.358 0.0000000000
23983  -33.693  -58.955  -15.349 0.0000000000
253409  -33.176  -58.639  -16.513 0.0000000000
24944  -33.022  -58.173  -15.605 0.0000000000
27805  -32.246  -55.440  -14.681 0.0000000000
224796  -32.691  -56.300  -15.387 0.0000000000
29831  -32.339  -54.621  -15.302 0.0000000000
251622  -32.706  -53.708  -15.551 0.0000000000
31722  -32.286  -53.673  -15.284 0.0000000000
245734  -36.156  -52.728  -9.855 0.0000000000
31657  -33.886  -52.970  -10.398 0.0000000000
30702  -34.723  -53.574  -10.569 0.0000000000
30700  -33.418  -53.634  -10.697 0.0000000000
29759  -33.605  -54.586  -11.124 0.0000000000
30715  -32.895  -54.057  -11.055 0.0000000000
36287  -30.076  -49.679  -8.859 0.0000000000
34445  -30.632  -51.206  -9.402 0.0000000000
240505  -30.060  -50.292  -9.435 0.0000000000
35415  -29.730  -50.275  -11.569 0.0000000000
33561  -30.180  -51.736  -11.134 0.0000000000
33568  -30.219  -51.885  -11.815 0.0000000000
31676  -30.968  -53.144  -11.864 0.0000000000
31684  -30.667  -52.856  -12.551 0.0000000000
30747  -31.243  -53.803  -13.199 0.0000000000
33580  -30.405  -51.907  -13.014 0.0000000000
36352  -30.599  -49.613  -13.608 0.0000000000
35424  -30.578  -50.292  -13.755 0.0000000000
250198  -31.127  -50.347  -14.175 0.0000000000
35431  -31.623  -50.537  -14.505 0.0000000000
13839  -34.485  -67.098  -14.594 0.0000000000
13093  -34.643  -68.123  -14.312 0.0000000000
13105  -34.098  -67.944  -14.913 0.0000000000
11572  -33.703  -69.010  -16.827 0.0000000000
11561  -33.902  -69.302  -15.661 0.0000000000
10260  -34.170  -70.566  -15.963 0.0000000000
9637  -34.571  -71.757  -15.486 0.0000000000
10273  -34.188  -71.078  -16.310 0.0000000000
230821  -36.664  -67.605  -18.960 0.0000000000
13148  -35.760  -67.939  -18.785 0.0000000000
13159  -36.315  -68.231  -18.883 0.0000000000
250291  -34.800  -72.407  -18.456 0.0000000000
10318  -35.112  -71.162  -18.258 0.0000000000
29884  -42.515  -54.896  -18.067 0.0000000000
29885  -43.473  -54.667  -18.181 0.0000000000
26924  -44.107  -55.920  -21.058 0.0000000000
26017  -43.287  -57.168  -21.839 0.0000000000
26018  -43.515  -56.588  -22.439 0.0000000000
25092  -40.488  -58.368  -24.753 0.0000000000
26075  -41.225  -57.242  -24.536 0.0000000000
24154  -40.864  -58.788  -24.627 0.0000000000
25059  -41.729  -58.320  -24.138 0.0000000000
22188  -40.459  -60.029  -24.409 0.0000000000
20438  -39.881  -61.327  -24.173 0.0000000000
20437  -39.418  -61.366  -24.614 0.0000000000
18654  -36.920  -63.146  -22.785 0.0000000000
17852  -37.977  -63.428  -22.801 0.0000000000
17010  -37.358  -64.330  -21.933 0.0000000000
29860  -34.126  -54.830  -16.324 0.0000000000
28808  -34.778  -55.413  -17.020 0.0000000000
29861  -34.649  -54.704  -16.409 0.0000000000
30813  -35.431  -54.279  -16.255 0.0000000000
30795  -36.209  -53.770  -16.037 0.0000000000
263887  -30.730  -47.501  -7.015 0.0000000000
41396  -31.812  -46.273  -6.900 0.0000000000
256927  -35.842  -69.528  -13.467 0.0000000000
19517  -40.143  -61.955  -20.918 0.0000000000
18625  -39.317  -62.740  -20.545 0.0000000000
19502  -40.620  -62.566  -20.668 0.0000000000
17787  -40.707  -63.685  -20.488 0.0000000000
16987  -40.842  -64.194  -20.883 0.0000000000
15484  -40.208  -66.026  -20.540 0.0000000000
17013  -40.551  -64.494  -21.517 0.0000000000
250838  -40.264  -63.659  -22.416 0.0000000000
232790  -39.734  -63.987  -22.490 0.0000000000
18537  -34.861  -62.704  -15.874 0.0000000000
18551  -34.098  -62.821  -16.441 0.0000000000
18559  -33.545  -62.975  -17.488 0.0000000000
253934  -33.648  -62.566  -18.564 0.0000000000
26904  -36.505  -57.021  -19.090 0.0000000000
24981  -35.782  -58.116  -20.174 0.0000000000
254774  -36.721  -57.682  -19.964 0.0000000000
24984  -37.702  -57.859  -20.322 0.0000000000
24998  -37.913  -58.218  -20.820 0.0000000000
25014  -38.193  -58.541  -21.234 0.0000000000
25996  -38.680  -57.733  -20.549 0.0000000000
25984  -39.891  -57.300  -20.257 0.0000000000
26908  -40.988  -56.656  -19.633 0.0000000000
21195  -38.354  -60.728  -15.656 0.0000000000
22050  -38.098  -60.266  -15.341 0.0000000000
25850  -36.292  -57.623  -12.491 0.0000000000
24880  -36.216  -58.383  -13.230 0.0000000000
24858  -35.243  -57.950  -12.919 0.0000000000
24877  -34.519  -58.225  -13.408 0.0000000000
23937  -33.752  -58.208  -13.938 0.0000000000
24914  -32.826  -57.664  -14.967 0.0000000000
25889  -32.925  -57.506  -14.025 0.0000000000
27782  -32.230  -56.370  -14.270 0.0000000000
28758  -31.953  -55.288  -14.103 0.0000000000
30673  -35.140  -53.422  -8.409 0.0000000000
249623  -35.368  -52.679  -8.987 0.0000000000
31646  -35.280  -52.561  -9.753 0.0000000000
32557  -34.916  -52.338  -9.427 0.0000000000
32598  -33.796  -52.442  -9.930 0.0000000000
32596  -32.241  -52.556  -10.054 0.0000000000
261810  -29.434  -48.460  -9.925 0.0000000000
36303  -29.669  -49.657  -10.285 0.0000000000
266465  -29.473  -49.060  -10.422 0.0000000000
245343  -29.532  -49.334  -11.325 0.0000000000
35419  -29.886  -50.252  -12.078 0.0000000000
34500  -30.132  -50.796  -12.837 0.0000000000
37331  -29.824  -48.996  -12.162 0.0000000000
38327  -30.219  -48.517  -12.755 0.0000000000
39377  -30.799  -47.404  -12.973 0.0000000000
13861  -33.282  -67.209  -16.524 0.0000000000
13121  -33.401  -67.685  -16.189 0.0000000000
243312  -33.426  -67.571  -16.954 0.0000000000
13137  -33.783  -67.787  -17.726 0.0000000000
12322  -34.162  -68.993  -17.657 0.0000000000
239070  -36.456  -69.516  -18.940 0.0000000000
227238  -39.106  -56.656  -24.992 0.0000000000
230238  -39.812  -56.082  -24.519 0.0000000000
27988  -40.539  -56.220  -24.311 0.0000000000
25074  -39.701  -57.566  -24.662 0.0000000000
249764  -39.256  -59.143  -25.174 0.0000000000
22202  -39.265  -60.171  -25.257 0.0000000000
21331  -38.993  -61.125  -25.056 0.0000000000
19556  -36.971  -62.193  -23.866 0.0000000000
17831  -36.463  -63.476  -22.350 0.0000000000
22993  -33.335  -59.290  -17.903 0.0000000000
22086  -33.510  -60.022  -18.519 0.0000000000
24959  -33.540  -58.463  -18.314 0.0000000000
25964  -34.161  -57.912  -18.988 0.0000000000
25954  -34.925  -57.243  -18.864 0.0000000000
232144  -34.943  -56.101  -17.777 0.0000000000
27853  -35.726  -56.385  -18.329 0.0000000000
26891  -36.015  -56.826  -18.808 0.0000000000
26892  -36.690  -56.656  -18.716 0.0000000000
27841  -38.059  -55.970  -18.052 0.0000000000
28823  -39.031  -55.548  -17.795 0.0000000000
23946  -39.531  -58.608  -14.059 0.0000000000
239410  -37.678  -57.474  -12.489 0.0000000000
26778  -37.631  -56.558  -11.935 0.0000000000
25833  -36.697  -57.137  -12.147 0.0000000000
25832  -36.078  -57.087  -12.131 0.0000000000
26774  -34.775  -56.722  -11.989 0.0000000000
26772  -33.692  -56.207  -11.985 0.0000000000
33481  -31.876  -51.566  -7.208 0.0000000000
33493  -31.812  -51.637  -7.773 0.0000000000
33502  -31.728  -51.676  -8.280 0.0000000000
232977  -30.879  -50.367  -7.698 0.0000000000
36253  -30.350  -49.658  -8.075 0.0000000000
242181  -29.974  -48.917  -8.541 0.0000000000
39305  -30.203  -47.658  -7.801 0.0000000000
39327  -30.041  -47.353  -8.284 0.0000000000
38274  -29.692  -48.228  -9.134 0.0000000000
40371  -29.824  -47.068  -9.496 0.0000000000
41448  -29.829  -46.420  -10.356 0.0000000000
42550  -30.216  -45.274  -11.041 0.0000000000
16966  -36.562  -64.123  -19.649 0.0000000000
15467  -35.992  -65.787  -19.022 0.0000000000
16952  -36.888  -64.668  -19.531 0.0000000000
15469  -37.421  -65.911  -19.243 0.0000000000
14642  -37.872  -66.464  -19.219 0.0000000000
241980  -38.072  -67.656  -19.171 0.0000000000
11639  -37.678  -69.918  -19.751 0.0000000000
13932  -39.845  -66.965  -20.863 0.0000000000
262002  -39.105  -67.763  -21.595 0.0000000000
12445  -38.469  -68.609  -22.237 0.0000000000
248314  -38.267  -68.507  -22.802 0.0000000000
13237  -37.869  -67.994  -22.653 0.0000000000
15394  -36.470  -65.504  -14.171 0.0000000000
14557  -35.803  -66.571  -14.072 0.0000000000
15393  -35.577  -66.072  -14.346 0.0000000000
15392  -34.709  -65.984  -14.725 0.0000000000
14585  -33.837  -66.384  -15.223 0.0000000000
16176  -33.563  -65.467  -15.877 0.0000000000
14591  -33.221  -66.245  -16.280 0.0000000000
15455  -33.512  -65.746  -17.801 0.0000000000
16199  -34.382  -65.141  -18.661 0.0000000000
16201  -35.351  -64.778  -19.109 0.0000000000
21227  -33.623  -60.623  -18.734 0.0000000000
250153  -33.907  -61.130  -19.324 0.0000000000
24056  -35.517  -59.347  -20.506 0.0000000000
21250  -35.138  -61.054  -20.246 0.0000000000
18600  -35.228  -62.779  -19.798 0.0000000000
18601  -35.722  -62.942  -19.910 0.0000000000
16965  -36.059  -64.049  -19.607 0.0000000000
18603  -37.004  -63.111  -20.100 0.0000000000
19499  -37.634  -62.168  -20.596 0.0000000000
20368  -38.623  -61.669  -20.954 0.0000000000
23087  -38.256  -59.376  -21.579 0.0000000000
22143  -39.167  -59.884  -21.584 0.0000000000
254265  -39.196  -60.878  -21.281 0.0000000000
239659  -40.752  -60.228  -21.427 0.0000000000
23091  -41.704  -59.954  -21.476 0.0000000000
23108  -41.856  -59.856  -21.819 0.0000000000
16148  -36.771  -64.917  -14.290 0.0000000000
17667  -36.836  -63.875  -14.745 0.0000000000
253862  -36.617  -63.331  -14.960 0.0000000000
19414  -38.146  -62.482  -15.433 0.0000000000
18519  -37.003  -62.948  -15.191 0.0000000000
18517  -35.905  -62.702  -15.476 0.0000000000
231306  -35.193  -62.083  -15.989 0.0000000000
255399  -35.091  -61.819  -16.148 0.0000000000
21216  -34.424  -61.096  -16.659 0.0000000000
23945  -38.937  -58.744  -13.974 0.0000000000
249003  -38.219  -59.539  -14.635 0.0000000000
269162  -37.407  -59.746  -14.837 0.0000000000
271287  -36.607  -58.931  -13.832 0.0000000000
22931  -36.420  -59.565  -14.592 0.0000000000
243028  -36.112  -59.860  -15.102 0.0000000000
22062  -35.354  -60.221  -15.808 0.0000000000
22061  -34.541  -60.248  -16.236 0.0000000000
22985  -33.648  -59.736  -17.108 0.0000000000
24001  -33.231  -58.718  -17.087 0.0000000000
248362  -33.148  -58.004  -17.068 0.0000000000
26874  -33.212  -56.538  -16.540 0.0000000000
26849  -32.702  -56.854  -15.423 0.0000000000
26864  -32.923  -56.323  -15.968 0.0000000000
28802  -33.648  -55.582  -16.584 0.0000000000
29847  -33.657  -54.599  -16.072 0.0000000000
31738  -33.586  -53.322  -15.811 0.0000000000
31659  -35.063  -52.930  -10.286 0.0000000000
261782  -35.542  -54.205  -10.997 0.0000000000
28695  -35.643  -54.960  -11.095 0.0000000000
28694  -35.009  -55.202  -11.222 0.0000000000
28710  -33.820  -55.429  -11.528 0.0000000000
27726  -32.928  -55.566  -11.981 0.0000000000
244218  -31.658  -51.745  -8.804 0.0000000000
33514  -31.606  -51.924  -9.439 0.0000000000
32595  -31.534  -52.557  -10.303 0.0000000000
35379  -29.945  -50.877  -10.313 0.0000000000
33562  -30.555  -52.083  -10.798 0.0000000000
32609  -31.274  -52.841  -10.801 0.0000000000
30713  -31.868  -53.681  -11.403 0.0000000000
29775  -31.919  -54.376  -12.138 0.0000000000
28729  -32.178  -55.267  -12.561 0.0000000000
28728  -31.879  -55.054  -13.048 0.0000000000
29802  -31.427  -54.248  -13.609 0.0000000000
30762  -31.381  -53.582  -14.125 0.0000000000
242569  -30.441  -51.403  -13.310 0.0000000000
33587  -30.900  -51.989  -14.003 0.0000000000
31720  -31.629  -52.934  -14.757 0.0000000000
251541  -32.066  -52.295  -15.053 0.0000000000
34526  -32.479  -51.259  -14.995 0.0000000000
259648  -35.384  -67.499  -13.939 0.0000000000
12280  -35.043  -68.589  -13.996 0.0000000000
232607  -35.371  -69.640  -13.730 0.0000000000
12307  -33.800  -68.671  -15.502 0.0000000000
231278  -34.508  -69.796  -14.616 0.0000000000
10865  -34.908  -70.440  -14.271 0.0000000000
9625  -35.035  -71.771  -14.632 0.0000000000
13883  -35.435  -67.385  -18.761 0.0000000000
13146  -34.934  -68.174  -18.453 0.0000000000
11592  -34.578  -69.522  -17.940 0.0000000000
11621  -35.895  -69.750  -18.725 0.0000000000
253521  -34.985  -70.581  -18.113 0.0000000000
10294  -34.398  -71.012  -17.299 0.0000000000
32680  -36.127  -52.867  -15.575 0.0000000000
235498  -38.641  -54.220  -16.456 0.0000000000
254189  -39.441  -54.733  -16.980 0.0000000000
29876  -39.948  -54.811  -17.124 0.0000000000
29882  -40.716  -55.128  -17.620 0.0000000000
28826  -41.521  -55.380  -18.233 0.0000000000
27860  -41.777  -55.936  -18.939 0.0000000000
27861  -42.380  -56.046  -19.213 0.0000000000
29907  -44.012  -54.866  -18.690 0.0000000000
27868  -43.626  -55.951  -19.837 0.0000000000
26922  -42.465  -56.785  -20.174 0.0000000000
26001  -42.697  -57.414  -20.976 0.0000000000
25021  -42.888  -57.845  -21.826 0.0000000000
24116  -42.075  -59.312  -22.133 0.0000000000
27989  -41.173  -56.325  -24.283 0.0000000000
226064  -42.143  -56.261  -23.841 0.0000000000
27954  -42.998  -56.152  -23.182 0.0000000000
26042  -42.477  -57.597  -23.589 0.0000000000
227314  -41.877  -59.055  -23.030 0.0000000000
22163  -41.155  -60.464  -23.124 0.0000000000
21308  -40.772  -61.058  -23.268 0.0000000000
19560  -39.753  -62.472  -23.632 0.0000000000
17854  -39.202  -63.615  -22.915 0.0000000000
17853  -38.579  -63.560  -22.895 0.0000000000
17011  -38.326  -64.789  -22.021 0.0000000000
16240  -37.887  -65.238  -21.795 0.0000000000
9025  -34.519  -72.372  -17.647 0.0000000000
9057  -34.995  -72.381  -18.903 0.0000000000
9598  -35.531  -71.831  -13.420 0.0000000000
9609  -35.346  -71.731  -14.117 0.0000000000
9679  -34.817  -71.861  -18.080 0.0000000000
9692  -35.134  -71.825  -18.538 0.0000000000
10233  -35.374  -70.998  -13.953 0.0000000000
10246  -34.716  -71.369  -14.961 0.0000000000
10247  -35.018  -71.190  -14.458 0.0000000000
10261  -34.375  -70.794  -15.380 0.0000000000
10274  -34.329  -71.359  -15.924 0.0000000000
10286  -34.286  -71.294  -16.787 0.0000000000
10304  -34.583  -70.799  -17.626 0.0000000000
10305  -34.833  -71.009  -17.921 0.0000000000
10847  -35.386  -70.289  -13.825 0.0000000000
10848  -35.851  -70.076  -13.435 0.0000000000
10871  -34.156  -69.996  -15.549 0.0000000000
10877  -33.989  -69.873  -16.122 0.0000000000
10885  -33.988  -69.717  -16.745 0.0000000000
10892  -34.234  -70.398  -16.997 0.0000000000
10898  -34.409  -70.293  -17.431 0.0000000000
10899  -34.688  -70.247  -17.830 0.0000000000
10912  -34.963  -70.012  -18.159 0.0000000000
10913  -35.282  -70.559  -18.376 0.0000000000
10928  -35.797  -70.552  -18.714 0.0000000000
10946  -37.449  -70.327  -19.941 0.0000000000
10947  -37.810  -70.017  -20.396 0.0000000000
11520  -36.297  -69.764  -13.165 0.0000000000
11535  -34.962  -69.168  -14.042 0.0000000000
11536  -35.486  -69.077  -13.693 0.0000000000
11551  -33.999  -69.009  -15.185 0.0000000000
11552  -34.273  -69.037  -14.728 0.0000000000
11553  -34.903  -69.747  -14.134 0.0000000000
11562  -34.194  -69.519  -15.129 0.0000000000
11565  -33.757  -69.232  -16.291 0.0000000000
11571  -33.709  -68.707  -17.240 0.0000000000
11581  -33.959  -69.306  -17.220 0.0000000000
11591  -34.347  -69.665  -17.545 0.0000000000
11607  -34.940  -69.291  -18.246 0.0000000000
11624  -37.955  -69.161  -19.422 0.0000000000
11640  -38.051  -69.529  -19.855 0.0000000000
11654  -38.202  -69.523  -20.588 0.0000000000
11695  -38.266  -69.137  -22.742 0.0000000000
12267  -36.167  -69.071  -13.343 0.0000000000
12268  -36.793  -68.820  -13.056 0.0000000000
12281  -35.618  -68.479  -13.681 0.0000000000
12292  -34.016  -68.529  -15.040 0.0000000000
12293  -34.316  -68.402  -14.652 0.0000000000
12314  -33.445  -68.143  -16.475 0.0000000000
12320  -33.563  -68.446  -16.866 0.0000000000
12328  -33.884  -68.354  -17.648 0.0000000000
12329  -34.281  -68.507  -18.007 0.0000000000
12330  -34.529  -68.980  -18.038 0.0000000000
12341  -34.803  -68.624  -18.296 0.0000000000
12342  -35.227  -68.569  -18.504 0.0000000000
12343  -35.754  -68.563  -18.713 0.0000000000
12363  -36.257  -68.870  -18.850 0.0000000000
12364  -36.773  -68.899  -19.008 0.0000000000
12383  -38.725  -68.800  -20.088 0.0000000000
12399  -38.957  -68.537  -20.672 0.0000000000
12423  -38.650  -68.693  -21.482 0.0000000000
12446  -38.426  -68.098  -22.354 0.0000000000
13094  -35.186  -67.996  -13.968 0.0000000000
13095  -35.774  -67.862  -13.676 0.0000000000
13096  -36.357  -67.724  -13.462 0.0000000000
13106  -34.876  -67.459  -14.251 0.0000000000
13117  -33.534  -67.648  -15.690 0.0000000000
13118  -33.779  -68.099  -15.377 0.0000000000
13122  -33.572  -68.251  -15.929 0.0000000000
13126  -33.390  -67.730  -16.589 0.0000000000
13131  -33.596  -68.060  -17.265 0.0000000000
13138  -34.035  -67.600  -18.097 0.0000000000
13147  -35.327  -68.043  -18.635 0.0000000000
13161  -37.791  -68.251  -19.111 0.0000000000
13164  -39.119  -67.267  -19.433 0.0000000000
13180  -39.426  -67.681  -20.056 0.0000000000
13254  -37.931  -68.454  -23.149 0.0000000000
13827  -35.330  -67.006  -14.088 0.0000000000
13828  -35.932  -67.193  -13.764 0.0000000000
13838  -34.104  -67.332  -14.903 0.0000000000
13853  -33.400  -67.142  -15.969 0.0000000000
13854  -33.786  -66.963  -15.241 0.0000000000
13867  -33.321  -66.986  -17.069 0.0000000000
13875  -33.752  -67.234  -17.874 0.0000000000
13882  -34.407  -67.359  -18.380 0.0000000000
13884  -36.042  -67.493  -18.888 0.0000000000
13893  -35.818  -66.962  -18.887 0.0000000000
13894  -36.981  -67.130  -19.040 0.0000000000
13895  -37.611  -67.071  -19.149 0.0000000000
13896  -38.455  -67.051  -19.260 0.0000000000
13897  -39.551  -67.191  -19.759 0.0000000000
13946  -39.153  -67.310  -21.661 0.0000000000
13947  -39.557  -67.063  -21.343 0.0000000000
13959  -37.569  -67.528  -22.287 0.0000000000
14558  -36.496  -66.636  -13.836 0.0000000000
14559  -37.228  -66.490  -13.777 0.0000000000
14572  -34.146  -66.753  -14.892 0.0000000000
14573  -34.242  -66.186  -14.924 0.0000000000
14574  -35.041  -66.309  -14.503 0.0000000000
14592  -33.467  -66.562  -15.727 0.0000000000
14598  -33.197  -66.603  -16.689 0.0000000000
14605  -33.231  -66.384  -17.193 0.0000000000
14614  -33.390  -66.176  -17.584 0.0000000000
14615  -33.631  -66.242  -17.967 0.0000000000
14626  -34.050  -66.272  -18.336 0.0000000000
14627  -34.553  -66.340  -18.623 0.0000000000
14638  -35.408  -66.678  -18.831 0.0000000000
14639  -35.902  -66.405  -18.932 0.0000000000
14641  -37.051  -66.482  -19.086 0.0000000000
14653  -39.828  -66.243  -19.694 0.0000000000
14654  -40.072  -66.384  -20.170 0.0000000000
14661  -40.035  -66.513  -20.747 0.0000000000
14671  -38.119  -66.547  -21.906 0.0000000000
14672  -38.751  -66.445  -21.829 0.0000000000
14673  -39.720  -66.648  -21.294 0.0000000000
14674  -39.883  -66.138  -21.202 0.0000000000
15374  -36.190  -66.074  -14.134 0.0000000000
15409  -33.652  -65.945  -15.549 0.0000000000
15410  -33.965  -65.902  -15.213 0.0000000000
15421  -33.249  -65.613  -16.379 0.0000000000
15422  -33.405  -65.960  -15.956 0.0000000000
15431  -33.157  -66.027  -16.797 0.0000000000
15444  -33.260  -65.762  -17.315 0.0000000000
15456  -33.859  -65.765  -18.194 0.0000000000
15463  -34.344  -65.741  -18.562 0.0000000000
15465  -35.147  -65.403  -18.913 0.0000000000
15466  -35.424  -65.982  -18.907 0.0000000000
15468  -36.475  -65.585  -19.138 0.0000000000
15476  -39.913  -65.570  -19.734 0.0000000000
15477  -40.346  -65.521  -20.231 0.0000000000
15490  -37.739  -65.951  -21.728 0.0000000000
15492  -39.490  -65.761  -21.635 0.0000000000
15493  -40.193  -65.589  -21.076 0.0000000000
16146  -35.253  -64.792  -14.741 0.0000000000
16149  -37.502  -64.896  -14.241 0.0000000000
16175  -33.479  -64.998  -16.231 0.0000000000
16186  -33.306  -65.092  -16.732 0.0000000000
16195  -33.463  -65.235  -17.630 0.0000000000
16196  -33.732  -65.257  -18.047 0.0000000000
16198  -34.060  -65.329  -18.364 0.0000000000
16200  -34.850  -64.976  -18.912 0.0000000000
16202  -35.810  -64.878  -19.204 0.0000000000
16203  -36.107  -65.224  -19.174 0.0000000000
16204  -37.023  -65.362  -19.334 0.0000000000
16205  -37.699  -65.399  -19.437 0.0000000000
16206  -38.416  -65.389  -19.484 0.0000000000
16212  -37.382  -64.942  -19.542 0.0000000000
16215  -39.200  -65.424  -19.540 0.0000000000
16241  -38.793  -65.348  -21.860 0.0000000000
16892  -36.469  -64.377  -14.582 0.0000000000
16893  -37.096  -64.386  -14.504 0.0000000000
16910  -35.287  -64.173  -14.918 0.0000000000
16933  -33.632  -64.694  -17.948 0.0000000000
16942  -34.442  -64.567  -18.804 0.0000000000
16949  -35.291  -64.079  -19.383 0.0000000000
16950  -35.725  -64.391  -19.379 0.0000000000
16951  -36.234  -64.638  -19.404 0.0000000000
16968  -38.128  -64.266  -19.776 0.0000000000
16970  -39.825  -64.385  -20.032 0.0000000000
16971  -40.517  -64.421  -20.393 0.0000000000
17009  -36.777  -64.440  -21.765 0.0000000000
17012  -39.929  -64.787  -21.858 0.0000000000
17033  -37.431  -63.934  -22.167 0.0000000000
17035  -38.651  -64.384  -22.292 0.0000000000
17666  -36.239  -63.796  -14.819 0.0000000000
17680  -35.632  -63.719  -14.985 0.0000000000
17681  -36.024  -63.219  -15.075 0.0000000000
17683  -37.739  -63.454  -14.866 0.0000000000
17729  -34.073  -63.580  -18.771 0.0000000000
17730  -34.468  -63.958  -18.972 0.0000000000
17739  -34.857  -63.621  -19.319 0.0000000000
17740  -35.652  -63.882  -19.553 0.0000000000
17755  -35.355  -63.412  -19.631 0.0000000000
17756  -35.901  -63.504  -19.740 0.0000000000
17757  -36.781  -63.613  -19.843 0.0000000000
17759  -37.903  -63.702  -19.986 0.0000000000
17760  -39.230  -63.738  -20.167 0.0000000000
17785  -39.045  -63.159  -20.398 0.0000000000
17786  -39.870  -63.290  -20.349 0.0000000000
17788  -40.991  -63.717  -20.869 0.0000000000
17815  -36.347  -63.976  -21.884 0.0000000000
17816  -36.935  -63.931  -22.030 0.0000000000
17817  -40.885  -63.955  -21.381 0.0000000000
17832  -37.158  -63.591  -22.411 0.0000000000
17833  -37.717  -63.719  -22.451 0.0000000000
17834  -38.296  -63.881  -22.518 0.0000000000
17835  -38.965  -64.008  -22.592 0.0000000000
17836  -40.421  -64.024  -21.988 0.0000000000
17837  -40.809  -63.489  -21.865 0.0000000000
17851  -37.473  -63.345  -22.682 0.0000000000
17855  -39.798  -63.476  -22.861 0.0000000000
18515  -34.711  -63.397  -15.623 0.0000000000
18516  -35.359  -63.134  -15.394 0.0000000000
18518  -36.452  -62.840  -15.283 0.0000000000
18520  -37.948  -62.974  -15.143 0.0000000000
18535  -33.983  -63.401  -16.292 0.0000000000
18536  -34.363  -63.109  -16.036 0.0000000000
18538  -35.437  -62.527  -15.704 0.0000000000
18550  -33.802  -63.105  -16.704 0.0000000000
18560  -33.659  -62.862  -17.087 0.0000000000
18583  -34.595  -63.035  -19.372 0.0000000000
18584  -34.965  -63.089  -19.557 0.0000000000
18602  -36.343  -63.125  -19.990 0.0000000000
18604  -37.628  -63.168  -20.171 0.0000000000
18605  -38.378  -63.300  -20.279 0.0000000000
18622  -36.663  -62.557  -20.302 0.0000000000
18623  -37.294  -62.618  -20.387 0.0000000000
18626  -40.562  -63.094  -20.500 0.0000000000
18627  -40.987  -63.169  -20.750 0.0000000000
18653  -36.317  -63.016  -22.706 0.0000000000
18655  -40.428  -63.141  -22.638 0.0000000000
18656  -40.979  -62.882  -21.998 0.0000000000
18664  -36.502  -62.754  -23.056 0.0000000000
18665  -37.540  -62.997  -23.084 0.0000000000
18666  -38.222  -63.123  -23.216 0.0000000000
18667  -38.842  -63.229  -23.284 0.0000000000
18668  -39.359  -63.246  -23.204 0.0000000000
18669  -39.821  -62.996  -23.234 0.0000000000
18678  -37.278  -62.553  -23.496 0.0000000000
18681  -39.192  -62.825  -23.628 0.0000000000
19411  -36.318  -62.388  -15.518 0.0000000000
19412  -36.828  -62.439  -15.436 0.0000000000
19413  -37.473  -62.566  -15.386 0.0000000000
19429  -34.412  -62.584  -16.212 0.0000000000
19430  -34.662  -62.142  -16.214 0.0000000000
19431  -35.859  -62.049  -15.756 0.0000000000
19434  -37.788  -62.028  -15.625 0.0000000000
19435  -38.391  -61.999  -15.668 0.0000000000
19447  -33.859  -62.543  -16.875 0.0000000000
19449  -34.524  -61.672  -16.509 0.0000000000
19454  -33.497  -62.143  -17.839 0.0000000000
19455  -33.614  -62.401  -17.406 0.0000000000
19457  -33.551  -62.215  -18.248 0.0000000000
19461  -33.659  -62.109  -18.666 0.0000000000
19462  -33.938  -62.296  -19.024 0.0000000000
19481  -35.331  -61.970  -20.202 0.0000000000
19482  -36.050  -62.497  -20.198 0.0000000000
19500  -38.170  -62.301  -20.644 0.0000000000
19501  -39.686  -62.335  -20.730 0.0000000000
19516  -39.271  -61.808  -20.965 0.0000000000
19518  -41.049  -62.544  -21.026 0.0000000000
19531  -41.110  -62.304  -21.992 0.0000000000
19543  -36.703  -62.459  -23.452 0.0000000000
19555  -36.330  -62.053  -23.809 0.0000000000
19570  -37.238  -61.964  -24.235 0.0000000000
19573  -39.190  -61.893  -24.495 0.0000000000
20303  -37.496  -61.524  -15.707 0.0000000000
20305  -38.631  -61.531  -15.825 0.0000000000
20314  -34.089  -61.553  -16.874 0.0000000000
20315  -34.852  -61.363  -16.399 0.0000000000
20321  -33.507  -61.705  -18.048 0.0000000000
20326  -33.750  -61.780  -18.878 0.0000000000
20333  -33.939  -61.599  -19.230 0.0000000000
20365  -36.074  -61.428  -20.551 0.0000000000
20366  -36.610  -61.588  -20.614 0.0000000000
20367  -37.460  -61.707  -20.723 0.0000000000
20379  -37.621  -61.246  -20.920 0.0000000000
20380  -38.256  -61.292  -21.025 0.0000000000
20381  -38.890  -61.325  -21.142 0.0000000000
20382  -39.678  -61.403  -21.121 0.0000000000
20383  -40.849  -62.105  -20.938 0.0000000000
20385  -41.330  -61.392  -21.584 0.0000000000
20409  -40.197  -62.023  -23.414 0.0000000000
20420  -36.543  -61.382  -24.451 0.0000000000
20421  -36.748  -61.799  -24.194 0.0000000000
20422  -39.696  -61.869  -24.060 0.0000000000
20423  -40.220  -61.486  -23.689 0.0000000000
20424  -40.597  -61.610  -23.149 0.0000000000
20435  -38.307  -61.620  -24.815 0.0000000000
20436  -38.874  -61.610  -24.824 0.0000000000
20448  -38.580  -61.335  -25.054 0.0000000000
21194  -37.701  -60.623  -15.516 0.0000000000
21203  -35.970  -60.948  -15.996 0.0000000000
21204  -36.558  -61.050  -15.838 0.0000000000
21205  -37.196  -61.001  -15.670 0.0000000000
21215  -33.895  -61.016  -17.104 0.0000000000
21220  -33.745  -60.826  -17.419 0.0000000000
21223  -33.521  -61.096  -18.310 0.0000000000
21224  -33.602  -60.663  -17.856 0.0000000000
21228  -33.684  -61.237  -18.913 0.0000000000
21236  -33.800  -60.736  -19.179 0.0000000000
21249  -34.691  -61.162  -19.936 0.0000000000
21261  -35.643  -60.956  -20.495 0.0000000000
21264  -37.054  -61.422  -20.741 0.0000000000
21274  -37.071  -60.928  -20.975 0.0000000000
21276  -38.488  -60.881  -21.239 0.0000000000
21277  -40.250  -60.471  -21.386 0.0000000000
21278  -40.944  -60.851  -21.246 0.0000000000
21287  -41.464  -61.179  -21.924 0.0000000000
21296  -41.374  -60.854  -22.443 0.0000000000
21306  -36.087  -61.286  -24.248 0.0000000000
21307  -40.254  -60.981  -23.957 0.0000000000
21317  -36.404  -61.020  -24.449 0.0000000000
21319  -37.340  -61.024  -24.825 0.0000000000
21320  -39.871  -60.888  -24.461 0.0000000000
21332  -39.476  -60.672  -24.951 0.0000000000
22045  -34.824  -59.926  -15.713 0.0000000000
22046  -35.256  -59.906  -15.465 0.0000000000
22047  -35.690  -60.061  -15.482 0.0000000000
22048  -36.610  -60.244  -15.341 0.0000000000
22051  -38.765  -60.321  -15.469 0.0000000000
22060  -34.065  -59.863  -16.320 0.0000000000
22063  -35.829  -60.456  -15.857 0.0000000000
22065  -36.765  -60.686  -15.621 0.0000000000
22073  -33.899  -59.988  -16.750 0.0000000000
22074  -34.218  -60.456  -16.727 0.0000000000
22078  -33.493  -59.714  -17.662 0.0000000000
22083  -33.550  -60.118  -17.907 0.0000000000
22097  -33.707  -60.181  -19.020 0.0000000000
22098  -33.947  -60.293  -19.399 0.0000000000
22108  -34.333  -60.365  -19.718 0.0000000000
22109  -34.823  -60.526  -20.064 0.0000000000
22123  -35.031  -60.041  -20.257 0.0000000000
22124  -35.308  -60.482  -20.382 0.0000000000
22125  -35.778  -60.414  -20.618 0.0000000000
22126  -36.233  -60.314  -20.840 0.0000000000
22139  -36.611  -60.644  -20.956 0.0000000000
22140  -37.096  -60.356  -21.212 0.0000000000
22142  -38.696  -60.333  -21.449 0.0000000000
22144  -39.915  -60.004  -21.567 0.0000000000
22145  -41.447  -60.406  -21.441 0.0000000000
22175  -40.611  -60.532  -23.811 0.0000000000
22176  -41.309  -59.904  -23.185 0.0000000000
22187  -39.986  -60.372  -24.699 0.0000000000
22201  -38.713  -60.266  -25.288 0.0000000000
22912  -36.119  -59.206  -14.113 0.0000000000
22913  -36.781  -59.284  -14.172 0.0000000000
22915  -37.988  -59.217  -14.231 0.0000000000
22927  -34.127  -59.198  -15.062 0.0000000000
22929  -35.183  -59.444  -14.746 0.0000000000
22930  -35.791  -59.512  -14.645 0.0000000000
22932  -37.064  -59.609  -14.630 0.0000000000
22933  -37.636  -59.548  -14.594 0.0000000000
22936  -40.187  -59.345  -14.833 0.0000000000
22951  -34.044  -59.354  -15.488 0.0000000000
22953  -34.962  -59.636  -15.216 0.0000000000
22955  -36.669  -59.854  -14.936 0.0000000000
22956  -37.173  -59.987  -15.072 0.0000000000
22957  -37.783  -59.872  -14.989 0.0000000000
22958  -38.470  -59.907  -15.026 0.0000000000
22959  -39.131  -59.908  -15.071 0.0000000000
22961  -40.624  -59.701  -15.278 0.0000000000
22972  -33.452  -59.044  -16.203 0.0000000000
22973  -33.794  -59.347  -15.894 0.0000000000
22974  -34.263  -59.700  -15.828 0.0000000000
22978  -33.408  -59.153  -16.795 0.0000000000
22984  -33.355  -59.236  -17.380 0.0000000000
23002  -33.493  -59.377  -18.460 0.0000000000
23022  -33.634  -59.710  -18.862 0.0000000000
23023  -33.841  -59.735  -19.250 0.0000000000
23040  -34.241  -59.464  -19.566 0.0000000000
23041  -34.566  -59.855  -19.959 0.0000000000
23042  -35.068  -59.462  -20.250 0.0000000000
23063  -35.462  -59.895  -20.532 0.0000000000
23064  -35.872  -59.524  -20.708 0.0000000000
23085  -36.913  -59.755  -21.168 0.0000000000
23088  -38.851  -59.367  -21.646 0.0000000000
23089  -39.561  -59.478  -21.644 0.0000000000
23090  -41.198  -59.907  -21.470 0.0000000000
23121  -41.799  -59.656  -22.569 0.0000000000
23135  -40.980  -59.643  -23.952 0.0000000000
23136  -41.434  -59.359  -23.466 0.0000000000
23148  -40.127  -59.614  -24.984 0.0000000000
23149  -40.665  -59.365  -24.561 0.0000000000
23159  -38.988  -59.711  -25.312 0.0000000000
23160  -39.579  -59.653  -25.280 0.0000000000
23161  -40.351  -59.006  -24.914 0.0000000000
23920  -34.779  -58.567  -13.660 0.0000000000
23922  -35.805  -58.599  -13.449 0.0000000000
23923  -36.798  -58.564  -13.421 0.0000000000
23925  -38.069  -58.525  -13.509 0.0000000000
23939  -35.086  -58.891  -13.965 0.0000000000
23940  -35.653  -58.893  -13.829 0.0000000000
23941  -36.202  -58.764  -13.636 0.0000000000
23942  -37.134  -58.896  -13.828 0.0000000000
23943  -37.733  -58.869  -13.862 0.0000000000
23947  -40.178  -58.422  -14.107 0.0000000000
23958  -33.408  -58.482  -15.020 0.0000000000
23959  -33.566  -58.360  -14.507 0.0000000000
23960  -34.309  -59.001  -14.591 0.0000000000
23961  -34.848  -59.149  -14.412 0.0000000000
23962  -38.591  -59.170  -14.279 0.0000000000
23963  -39.209  -59.073  -14.351 0.0000000000
23964  -39.841  -58.938  -14.437 0.0000000000
23982  -33.275  -58.535  -15.478 0.0000000000
23995  -33.145  -58.507  -15.956 0.0000000000
23996  -33.451  -58.902  -15.756 0.0000000000
24007  -33.278  -58.802  -17.638 0.0000000000
24015  -33.410  -58.857  -18.140 0.0000000000
24021  -33.634  -58.820  -18.615 0.0000000000
24022  -33.936  -58.774  -19.031 0.0000000000
24039  -34.646  -59.186  -19.883 0.0000000000
24040  -35.394  -58.934  -20.343 0.0000000000
24041  -35.669  -58.547  -20.366 0.0000000000
24058  -36.422  -58.783  -20.777 0.0000000000
24060  -37.599  -58.651  -21.080 0.0000000000
24074  -37.926  -58.990  -21.407 0.0000000000
24075  -38.518  -58.913  -21.523 0.0000000000
24076  -39.190  -58.910  -21.579 0.0000000000
24079  -42.267  -58.876  -21.855 0.0000000000
24096  -41.865  -59.426  -21.608 0.0000000000
24117  -42.310  -58.641  -22.664 0.0000000000
24136  -41.182  -59.104  -24.199 0.0000000000
24137  -41.592  -58.816  -23.822 0.0000000000
24138  -42.001  -58.495  -23.540 0.0000000000
24155  -41.335  -58.537  -24.385 0.0000000000
24171  -38.833  -58.491  -24.992 0.0000000000
24172  -39.537  -58.617  -25.054 0.0000000000
24173  -40.021  -58.691  -24.961 0.0000000000
24857  -34.627  -57.861  -12.987 0.0000000000
24859  -35.702  -57.821  -12.709 0.0000000000
24860  -36.725  -58.065  -12.912 0.0000000000
24862  -38.053  -57.831  -12.816 0.0000000000
24876  -33.977  -57.963  -13.364 0.0000000000
24878  -35.032  -58.251  -13.263 0.0000000000
24879  -35.639  -58.243  -13.132 0.0000000000
24881  -37.234  -58.263  -13.159 0.0000000000
24883  -38.390  -58.123  -13.208 0.0000000000
24896  -33.263  -57.938  -14.236 0.0000000000
24897  -34.249  -58.416  -13.790 0.0000000000
24899  -39.251  -58.304  -13.730 0.0000000000
24900  -39.748  -58.206  -13.835 0.0000000000
24915  -33.138  -58.051  -14.759 0.0000000000
24930  -32.838  -57.753  -15.442 0.0000000000
24931  -33.051  -58.117  -15.225 0.0000000000
24943  -32.920  -57.948  -15.903 0.0000000000
24949  -33.091  -58.167  -16.777 0.0000000000
24953  -33.222  -58.341  -17.351 0.0000000000
24957  -33.354  -58.398  -17.887 0.0000000000
24958  -33.585  -58.020  -18.162 0.0000000000
24960  -33.797  -58.266  -18.708 0.0000000000
24968  -34.122  -58.385  -19.133 0.0000000000
24969  -34.472  -58.210  -19.400 0.0000000000
24970  -34.947  -58.047  -19.628 0.0000000000
24979  -34.777  -58.592  -19.780 0.0000000000
24980  -35.283  -58.415  -20.067 0.0000000000
24982  -36.352  -57.954  -20.203 0.0000000000
24983  -36.998  -57.971  -20.272 0.0000000000
24995  -36.097  -58.382  -20.553 0.0000000000
24996  -36.680  -58.328  -20.618 0.0000000000
24997  -37.318  -58.299  -20.675 0.0000000000
24999  -38.483  -58.123  -20.916 0.0000000000
25001  -39.864  -58.026  -21.054 0.0000000000
25015  -38.817  -58.453  -21.327 0.0000000000
25017  -40.303  -58.492  -21.386 0.0000000000
25018  -41.423  -58.179  -21.166 0.0000000000
25020  -42.459  -58.414  -21.581 0.0000000000
25030  -42.638  -58.338  -22.140 0.0000000000
25041  -42.612  -58.024  -22.919 0.0000000000
25060  -42.088  -57.872  -24.044 0.0000000000
25075  -40.244  -57.718  -24.578 0.0000000000
25076  -40.904  -57.805  -24.691 0.0000000000
25077  -41.505  -57.914  -24.514 0.0000000000
25090  -39.295  -58.010  -24.809 0.0000000000
25091  -39.871  -58.157  -24.762 0.0000000000
25831  -35.398  -57.002  -12.101 0.0000000000
25834  -37.339  -57.092  -12.138 0.0000000000
25835  -37.959  -56.996  -12.194 0.0000000000
25846  -33.881  -57.201  -12.622 0.0000000000
25847  -34.480  -57.383  -12.608 0.0000000000
25849  -35.732  -57.421  -12.397 0.0000000000
25851  -37.020  -57.574  -12.476 0.0000000000
25852  -38.293  -57.364  -12.548 0.0000000000
25871  -33.005  -57.341  -13.514 0.0000000000
25905  -32.632  -57.250  -14.460 0.0000000000
25906  -32.925  -57.682  -14.512 0.0000000000
25933  -32.808  -57.333  -15.759 0.0000000000
25940  -33.070  -57.585  -16.782 0.0000000000
25942  -33.320  -57.524  -17.281 0.0000000000
25946  -33.652  -57.459  -17.877 0.0000000000
25953  -34.339  -57.423  -18.721 0.0000000000
25965  -34.622  -57.700  -19.216 0.0000000000
25966  -35.153  -57.591  -19.369 0.0000000000
25967  -36.086  -57.327  -19.365 0.0000000000
25968  -36.734  -57.332  -19.534 0.0000000000
25969  -37.378  -57.167  -19.489 0.0000000000
25979  -35.948  -57.677  -19.829 0.0000000000
25980  -36.355  -57.592  -19.797 0.0000000000
25981  -37.221  -57.568  -19.917 0.0000000000
25983  -38.830  -57.433  -20.149 0.0000000000
25985  -40.501  -57.285  -20.354 0.0000000000
25986  -41.111  -57.206  -20.334 0.0000000000
25995  -38.221  -57.893  -20.565 0.0000000000
25997  -39.562  -57.644  -20.571 0.0000000000
25999  -40.995  -57.615  -20.836 0.0000000000
26000  -41.640  -57.419  -20.670 0.0000000000
26002  -43.300  -57.000  -21.200 0.0000000000
26016  -42.545  -57.964  -21.201 0.0000000000
26032  -43.162  -57.181  -22.563 0.0000000000
26043  -42.824  -57.362  -23.122 0.0000000000
26057  -42.578  -56.904  -23.672 0.0000000000
26076  -41.834  -57.257  -24.329 0.0000000000
26773  -34.209  -56.480  -11.984 0.0000000000
26775  -35.895  -56.579  -11.827 0.0000000000
26776  -36.449  -56.669  -11.876 0.0000000000
26788  -32.579  -56.400  -12.777 0.0000000000
26789  -33.678  -56.696  -12.321 0.0000000000
26791  -34.828  -57.132  -12.298 0.0000000000
26806  -32.909  -56.906  -13.091 0.0000000000
26824  -32.587  -57.002  -13.750 0.0000000000
26863  -32.809  -56.769  -15.772 0.0000000000
26873  -32.935  -57.051  -16.306 0.0000000000
26878  -33.863  -56.716  -17.585 0.0000000000
26881  -34.103  -57.029  -18.145 0.0000000000
26882  -34.664  -56.633  -18.158 0.0000000000
26883  -35.188  -56.440  -18.233 0.0000000000
26890  -35.371  -56.806  -18.669 0.0000000000
26893  -37.283  -56.585  -18.737 0.0000000000
26894  -37.865  -56.605  -18.846 0.0000000000
26895  -38.813  -56.539  -18.892 0.0000000000
26897  -39.946  -56.517  -19.144 0.0000000000
26903  -35.518  -57.235  -19.087 0.0000000000
26905  -37.008  -56.931  -19.108 0.0000000000
26906  -38.660  -56.873  -19.339 0.0000000000
26907  -39.246  -56.712  -19.283 0.0000000000
26909  -41.739  -56.629  -19.742 0.0000000000
26917  -38.462  -57.231  -19.777 0.0000000000
26919  -39.698  -56.921  -19.771 0.0000000000
26920  -40.716  -56.943  -19.983 0.0000000000
26930  -42.243  -57.235  -20.579 0.0000000000
26931  -43.851  -56.433  -21.284 0.0000000000
26945  -43.722  -56.558  -21.815 0.0000000000
26973  -43.062  -56.580  -23.218 0.0000000000
26974  -43.398  -56.230  -22.860 0.0000000000
26982  -42.108  -56.646  -24.035 0.0000000000
26983  -42.612  -56.376  -23.627 0.0000000000
27000  -39.536  -56.296  -24.932 0.0000000000
27001  -39.640  -56.878  -24.851 0.0000000000
27002  -40.881  -56.657  -24.495 0.0000000000
27727  -33.643  -55.798  -11.783 0.0000000000
27728  -34.183  -55.904  -11.706 0.0000000000
27729  -35.273  -56.308  -11.716 0.0000000000
27731  -36.743  -56.222  -11.654 0.0000000000
27746  -32.843  -56.070  -12.335 0.0000000000
27763  -32.098  -56.091  -13.356 0.0000000000
27781  -32.055  -55.950  -13.882 0.0000000000
27793  -32.195  -55.831  -14.357 0.0000000000
27794  -32.428  -56.141  -14.795 0.0000000000
27806  -32.549  -55.622  -15.130 0.0000000000
27818  -32.754  -55.780  -15.585 0.0000000000
27819  -33.233  -55.962  -16.332 0.0000000000
27829  -33.550  -56.117  -16.773 0.0000000000
27830  -33.947  -56.136  -17.200 0.0000000000
27833  -33.537  -56.619  -17.065 0.0000000000
27834  -34.573  -55.801  -17.318 0.0000000000
27837  -35.452  -55.988  -17.911 0.0000000000
27838  -36.018  -55.942  -17.965 0.0000000000
27840  -37.470  -55.957  -17.986 0.0000000000
27842  -38.677  -55.943  -18.142 0.0000000000
27854  -36.339  -56.335  -18.336 0.0000000000
27855  -37.010  -56.228  -18.270 0.0000000000
27856  -37.671  -56.268  -18.398 0.0000000000
27858  -38.911  -56.230  -18.512 0.0000000000
27859  -40.959  -56.095  -18.893 0.0000000000
27867  -41.314  -56.322  -19.320 0.0000000000
27876  -43.212  -56.413  -20.174 0.0000000000
27877  -43.971  -55.976  -20.428 0.0000000000
27878  -44.258  -55.404  -20.741 0.0000000000
27909  -44.008  -55.885  -21.661 0.0000000000
27930  -43.284  -55.849  -22.702 0.0000000000
27931  -43.695  -56.031  -22.326 0.0000000000
27952  -41.683  -56.030  -23.633 0.0000000000
27953  -42.443  -56.107  -23.470 0.0000000000
27968  -39.032  -55.344  -23.728 0.0000000000
27970  -40.030  -55.938  -23.951 0.0000000000
27971  -41.105  -56.112  -24.014 0.0000000000
27972  -41.663  -56.257  -24.123 0.0000000000
27987  -39.294  -55.797  -24.721 0.0000000000
28692  -33.415  -55.036  -11.389 0.0000000000
28693  -34.405  -55.340  -11.370 0.0000000000
28709  -32.468  -55.172  -12.081 0.0000000000
28730  -32.554  -55.603  -12.317 0.0000000000
28745  -32.050  -55.704  -12.985 0.0000000000
28767  -31.970  -54.835  -14.590 0.0000000000
28776  -32.575  -55.193  -15.422 0.0000000000
28792  -33.268  -55.447  -16.164 0.0000000000
28803  -34.184  -55.558  -16.892 0.0000000000
28804  -34.998  -55.058  -16.716 0.0000000000
28809  -35.159  -55.619  -17.411 0.0000000000
28810  -35.910  -55.239  -17.127 0.0000000000
28812  -37.608  -55.285  -17.282 0.0000000000
28814  -38.697  -55.234  -17.381 0.0000000000
28815  -39.408  -55.110  -17.370 0.0000000000
28819  -36.248  -55.565  -17.568 0.0000000000
28821  -37.824  -55.638  -17.650 0.0000000000
28822  -38.393  -55.629  -17.712 0.0000000000
28824  -39.692  -55.468  -17.869 0.0000000000
28825  -40.926  -55.432  -18.107 0.0000000000
28827  -42.177  -55.308  -18.374 0.0000000000
28836  -40.522  -55.838  -18.460 0.0000000000
28837  -41.225  -55.733  -18.548 0.0000000000
28838  -42.536  -55.651  -18.844 0.0000000000
28839  -43.584  -55.360  -18.996 0.0000000000
28840  -44.201  -55.088  -19.115 0.0000000000
28850  -43.145  -55.836  -19.322 0.0000000000
28851  -44.007  -55.439  -19.520 0.0000000000
28892  -44.204  -55.582  -21.266 0.0000000000
29733  -35.613  -53.776  -8.494 0.0000000000
29758  -33.085  -54.580  -11.263 0.0000000000
29760  -34.562  -54.716  -11.097 0.0000000000
29761  -35.138  -54.661  -11.064 0.0000000000
29776  -32.324  -54.662  -11.868 0.0000000000
29777  -32.858  -55.001  -11.670 0.0000000000
29793  -31.857  -54.656  -12.596 0.0000000000
29794  -32.142  -54.815  -12.256 0.0000000000
29803  -31.510  -54.386  -13.025 0.0000000000
29810  -31.496  -54.022  -14.112 0.0000000000
29811  -31.694  -54.592  -14.097 0.0000000000
29822  -31.743  -54.281  -14.532 0.0000000000
29830  -32.022  -54.463  -14.935 0.0000000000
29845  -32.715  -54.809  -15.619 0.0000000000
29846  -33.202  -54.988  -15.956 0.0000000000
29859  -33.659  -55.111  -16.275 0.0000000000
29862  -35.194  -54.674  -16.484 0.0000000000
29863  -35.783  -54.670  -16.550 0.0000000000
29864  -36.384  -54.574  -16.509 0.0000000000
29866  -37.970  -54.728  -16.764 0.0000000000
29867  -38.517  -54.595  -16.735 0.0000000000
29868  -39.126  -54.404  -16.673 0.0000000000
29872  -36.748  -54.907  -16.830 0.0000000000
29873  -37.975  -54.991  -17.000 0.0000000000
29874  -38.356  -54.973  -17.036 0.0000000000
29875  -38.924  -54.847  -17.022 0.0000000000
29881  -40.104  -55.130  -17.501 0.0000000000
29908  -44.463  -54.532  -18.896 0.0000000000
30656  -33.420  -53.588  -7.335 0.0000000000
30671  -34.289  -53.246  -8.042 0.0000000000
30684  -35.108  -52.777  -8.678 0.0000000000
30685  -35.547  -53.056  -8.722 0.0000000000
30687  -36.680  -52.999  -9.143 0.0000000000
30701  -34.110  -53.596  -10.585 0.0000000000
30714  -32.364  -53.892  -11.191 0.0000000000
30716  -33.813  -54.126  -10.865 0.0000000000
30718  -34.957  -54.135  -10.915 0.0000000000
30719  -36.017  -53.699  -10.770 0.0000000000
30720  -36.571  -53.730  -10.777 0.0000000000
30730  -31.257  -53.553  -12.258 0.0000000000
30731  -31.675  -53.881  -11.938 0.0000000000
30732  -32.114  -54.149  -11.666 0.0000000000
30752  -31.258  -53.695  -13.713 0.0000000000
30763  -31.583  -53.772  -14.479 0.0000000000
30775  -32.143  -54.101  -15.170 0.0000000000
30789  -32.501  -54.200  -15.483 0.0000000000
30790  -33.054  -54.291  -15.771 0.0000000000
30791  -33.619  -53.991  -15.942 0.0000000000
30792  -34.530  -53.790  -16.052 0.0000000000
30793  -35.104  -53.822  -16.055 0.0000000000
30794  -35.659  -53.816  -16.054 0.0000000000
30811  -34.224  -54.292  -16.143 0.0000000000
30812  -34.857  -54.280  -16.229 0.0000000000
30814  -36.011  -54.248  -16.239 0.0000000000
30815  -36.634  -54.146  -16.191 0.0000000000
30817  -38.117  -54.318  -16.462 0.0000000000
30845  -43.892  -54.137  -17.848 0.0000000000
31603  -32.643  -52.532  -7.368 0.0000000000
31605  -33.550  -53.086  -7.704 0.0000000000
31617  -33.995  -53.008  -8.010 0.0000000000
31618  -34.340  -52.632  -8.405 0.0000000000
31633  -35.008  -52.443  -9.036 0.0000000000
31634  -35.773  -52.731  -9.083 0.0000000000
31647  -35.779  -52.564  -9.574 0.0000000000
31648  -36.625  -52.672  -9.615 0.0000000000
31654  -31.840  -52.969  -10.591 0.0000000000
31656  -33.235  -52.965  -10.419 0.0000000000
31658  -34.473  -52.963  -10.364 0.0000000000
31660  -35.643  -52.823  -10.114 0.0000000000
31661  -36.529  -52.824  -10.113 0.0000000000
31669  -32.125  -53.412  -10.895 0.0000000000
31670  -32.733  -53.508  -10.762 0.0000000000
31675  -30.644  -52.803  -12.078 0.0000000000
31677  -31.408  -53.427  -11.658 0.0000000000
31685  -30.990  -53.363  -12.767 0.0000000000
31692  -30.763  -52.953  -12.961 0.0000000000
31693  -31.038  -53.307  -13.334 0.0000000000
31701  -31.191  -53.132  -13.887 0.0000000000
31710  -31.450  -53.276  -14.411 0.0000000000
31711  -31.723  -53.469  -14.789 0.0000000000
31721  -31.986  -53.178  -15.102 0.0000000000
31737  -32.950  -53.220  -15.602 0.0000000000
31739  -34.213  -53.269  -15.878 0.0000000000
31742  -35.884  -53.315  -15.852 0.0000000000
32527  -32.566  -52.293  -7.854 0.0000000000
32528  -32.997  -52.488  -7.897 0.0000000000
32539  -32.759  -52.296  -8.228 0.0000000000
32540  -33.231  -52.361  -8.432 0.0000000000
32542  -34.334  -52.306  -8.766 0.0000000000
32554  -32.953  -52.252  -9.027 0.0000000000
32556  -34.533  -52.242  -9.110 0.0000000000
32576  -31.747  -52.314  -9.860 0.0000000000
32577  -33.503  -52.245  -9.358 0.0000000000
32578  -34.102  -52.160  -9.370 0.0000000000
32579  -34.427  -52.281  -9.624 0.0000000000
32580  -34.758  -52.520  -9.958 0.0000000000
32594  -30.999  -52.391  -10.521 0.0000000000
32597  -33.018  -52.548  -9.989 0.0000000000
32607  -30.464  -52.263  -11.366 0.0000000000
32608  -30.824  -52.589  -11.056 0.0000000000
32616  -30.475  -52.409  -11.841 0.0000000000
32617  -30.710  -52.744  -11.577 0.0000000000
32622  -30.434  -52.314  -12.336 0.0000000000
32628  -30.517  -52.432  -12.823 0.0000000000
32631  -30.661  -52.430  -13.303 0.0000000000
32632  -30.945  -52.491  -13.852 0.0000000000
32639  -31.181  -52.320  -14.268 0.0000000000
32647  -31.502  -52.437  -14.616 0.0000000000
32648  -31.836  -52.617  -14.972 0.0000000000
32649  -32.211  -52.701  -15.242 0.0000000000
32651  -35.820  -52.425  -15.404 0.0000000000
32675  -33.278  -52.719  -15.588 0.0000000000
32679  -35.587  -52.865  -15.584 0.0000000000
33504  -32.697  -52.188  -8.607 0.0000000000
33513  -31.097  -51.479  -9.075 0.0000000000
33528  -30.972  -51.714  -9.682 0.0000000000
33529  -32.210  -52.257  -9.522 0.0000000000
33544  -30.261  -51.506  -10.450 0.0000000000
33545  -30.762  -51.899  -10.242 0.0000000000
33546  -31.255  -52.152  -10.010 0.0000000000
33560  -29.965  -51.310  -11.504 0.0000000000
33575  -30.241  -51.735  -12.460 0.0000000000
33586  -30.681  -51.427  -13.785 0.0000000000
33591  -31.034  -51.411  -14.189 0.0000000000
33592  -31.328  -51.886  -14.465 0.0000000000
33593  -31.711  -51.555  -14.741 0.0000000000
33599  -31.745  -52.103  -14.819 0.0000000000
33600  -32.743  -51.735  -15.191 0.0000000000
33632  -33.562  -52.222  -15.483 0.0000000000
34390  -31.220  -50.671  -7.339 0.0000000000
34391  -31.583  -51.064  -6.978 0.0000000000
34418  -31.394  -51.237  -7.967 0.0000000000
34427  -30.878  -50.739  -8.179 0.0000000000
34428  -31.226  -51.291  -8.507 0.0000000000
34434  -30.308  -50.674  -9.248 0.0000000000
34435  -30.732  -50.875  -8.809 0.0000000000
34444  -30.239  -51.057  -9.828 0.0000000000
34461  -29.764  -50.575  -10.786 0.0000000000
34479  -29.803  -50.741  -11.297 0.0000000000
34480  -29.943  -51.167  -10.907 0.0000000000
34490  -29.898  -50.804  -11.824 0.0000000000
34496  -30.031  -50.875  -12.388 0.0000000000
34497  -30.222  -51.289  -12.801 0.0000000000
34501  -30.279  -50.974  -13.135 0.0000000000
34508  -30.828  -50.885  -13.976 0.0000000000
34509  -31.268  -50.912  -14.347 0.0000000000
34510  -31.779  -50.948  -14.674 0.0000000000
34525  -32.033  -51.265  -14.850 0.0000000000
35297  -31.243  -49.945  -6.534 0.0000000000
35339  -30.621  -50.161  -8.059 0.0000000000
35358  -30.302  -49.910  -8.453 0.0000000000
35362  -29.979  -49.959  -9.408 0.0000000000
35363  -30.263  -50.234  -8.915 0.0000000000
35366  -29.845  -50.053  -9.926 0.0000000000
35367  -29.988  -50.544  -9.812 0.0000000000
35378  -29.784  -50.277  -10.301 0.0000000000
35404  -29.691  -50.286  -11.146 0.0000000000
35421  -30.043  -50.322  -12.634 0.0000000000
35422  -30.232  -50.465  -13.202 0.0000000000
35425  -30.917  -49.885  -13.959 0.0000000000
35451  -32.144  -50.757  -14.767 0.0000000000
36275  -29.914  -49.145  -8.949 0.0000000000
36276  -30.126  -49.408  -8.427 0.0000000000
36286  -29.910  -49.462  -9.275 0.0000000000
36289  -29.797  -49.592  -9.811 0.0000000000
36329  -29.523  -49.476  -10.828 0.0000000000
36338  -29.686  -49.727  -11.731 0.0000000000
36344  -29.907  -49.596  -12.373 0.0000000000
36349  -30.120  -49.904  -12.972 0.0000000000
36353  -31.050  -49.399  -13.891 0.0000000000
36363  -31.315  -49.799  -14.155 0.0000000000
37221  -30.968  -49.024  -6.768 0.0000000000
37231  -30.217  -48.560  -7.625 0.0000000000
37232  -30.772  -48.956  -6.973 0.0000000000
37248  -30.247  -49.121  -7.879 0.0000000000
37266  -29.788  -48.721  -9.034 0.0000000000
37277  -29.583  -48.578  -9.516 0.0000000000
37286  -29.510  -48.837  -9.921 0.0000000000
37324  -29.466  -48.817  -11.361 0.0000000000
37337  -30.023  -48.997  -12.598 0.0000000000
37341  -30.097  -49.366  -12.953 0.0000000000
37342  -30.408  -49.176  -13.270 0.0000000000
37344  -30.807  -48.977  -13.521 0.0000000000
37345  -31.292  -48.878  -13.770 0.0000000000
38266  -29.879  -48.373  -8.676 0.0000000000
38286  -29.507  -48.110  -9.663 0.0000000000
38298  -29.364  -48.606  -10.259 0.0000000000
38307  -29.331  -48.524  -10.792 0.0000000000
38315  -29.458  -48.178  -11.422 0.0000000000
38321  -29.914  -48.551  -12.290 0.0000000000
38322  -30.059  -48.026  -12.482 0.0000000000
38328  -30.470  -47.989  -12.884 0.0000000000
38329  -30.926  -47.946  -13.177 0.0000000000
38330  -30.588  -48.572  -13.169 0.0000000000
39278  -31.146  -47.785  -6.393 0.0000000000
39291  -30.351  -47.929  -7.340 0.0000000000
39292  -30.747  -47.891  -6.819 0.0000000000
39306  -30.520  -47.356  -7.425 0.0000000000
39326  -29.852  -47.814  -8.733 0.0000000000
39337  -29.673  -47.682  -9.281 0.0000000000
39338  -29.865  -47.252  -8.876 0.0000000000
39348  -29.550  -47.570  -9.878 0.0000000000
40318  -30.992  -47.040  -7.085 0.0000000000
40319  -31.571  -46.798  -6.792 0.0000000000
40334  -30.288  -47.159  -7.905 0.0000000000
40336  -31.309  -46.577  -7.268 0.0000000000
40381  -30.026  -46.557  -9.405 0.0000000000
40384  -29.687  -46.992  -10.117 0.0000000000
40407  -30.147  -46.677  -12.090 0.0000000000
41444  -29.883  -46.574  -9.856 0.0000000000
41449  -30.056  -46.031  -10.005 0.0000000000
42535  -30.215  -45.656  -9.557 0.0000000000
42541  -30.060  -45.787  -10.589 0.0000000000
42542  -30.173  -45.522  -10.092 0.0000000000
43648  -30.324  -45.050  -9.853 0.0000000000
226826  -33.699  -68.825  -15.946 0.0000000000
226912  -40.747  -62.038  -22.696 0.0000000000
227462  -33.556  -67.397  -17.418 0.0000000000
227557  -38.054  -61.782  -20.811 0.0000000000
227969  -40.534  -65.058  -20.610 0.0000000000
228006  -30.119  -46.836  -8.649 0.0000000000
228559  -37.754  -64.687  -21.914 0.0000000000
228965  -42.859  -56.975  -20.648 0.0000000000
229402  -40.556  -56.023  -23.839 0.0000000000
229408  -42.099  -55.937  -23.091 0.0000000000
229875  -38.578  -62.729  -20.533 0.0000000000
229876  -33.507  -52.258  -8.845 0.0000000000
230438  -40.313  -55.432  -17.983 0.0000000000
230524  -42.748  -55.947  -23.070 0.0000000000
230726  -34.095  -60.769  -19.508 0.0000000000
230811  -33.229  -57.071  -16.907 0.0000000000
230812  -32.667  -57.205  -15.107 0.0000000000
231492  -42.970  -57.549  -21.368 0.0000000000
231504  -35.370  -52.517  -9.311 0.0000000000
231832  -34.653  -56.264  -11.754 0.0000000000
231856  -29.648  -49.182  -11.802 0.0000000000
232064  -35.369  -69.886  -18.453 0.0000000000
232353  -42.641  -56.306  -19.667 0.0000000000
232400  -34.050  -68.054  -17.972 0.0000000000
232517  -38.995  -60.638  -25.219 0.0000000000
232541  -35.471  -55.362  -17.177 0.0000000000
232873  -39.517  -64.913  -19.766 0.0000000000
232890  -31.480  -51.160  -7.513 0.0000000000
232923  -34.463  -55.117  -16.632 0.0000000000
233012  -30.000  -47.932  -8.236 0.0000000000
233212  -33.563  -60.488  -18.290 0.0000000000
233384  -39.004  -58.017  -13.345 0.0000000000
233386  -37.343  -67.669  -19.064 0.0000000000
233452  -32.237  -56.495  -13.770 0.0000000000
233470  -30.871  -53.161  -12.306 0.0000000000
233656  -34.148  -64.182  -18.646 0.0000000000
234561  -38.348  -66.097  -21.802 0.0000000000
234991  -33.891  -65.456  -15.444 0.0000000000
235174  -40.396  -56.223  -18.848 0.0000000000
235175  -41.932  -56.245  -19.390 0.0000000000
235292  -32.372  -55.896  -12.656 0.0000000000
235775  -29.715  -48.091  -12.012 0.0000000000
236027  -32.758  -52.346  -9.524 0.0000000000
236276  -33.783  -67.533  -15.268 0.0000000000
236319  -37.572  -60.229  -15.275 0.0000000000
236561  -33.456  -59.717  -18.070 0.0000000000
236804  -34.569  -66.530  -14.646 0.0000000000
236937  -31.548  -50.121  -14.366 0.0000000000
237264  -37.100  -64.068  -19.720 0.0000000000
237498  -34.023  -59.182  -19.248 0.0000000000
238009  -34.860  -66.946  -18.644 0.0000000000
238086  -41.032  -58.278  -24.636 0.0000000000
239033  -34.110  -70.460  -16.494 0.0000000000
239209  -36.491  -55.238  -17.176 0.0000000000
239420  -33.980  -54.952  -11.241 0.0000000000
239502  -41.057  -56.917  -19.982 0.0000000000
239680  -39.207  -66.802  -21.664 0.0000000000
239861  -34.901  -67.651  -18.549 0.0000000000
240169  -31.698  -54.853  -13.560 0.0000000000
240806  -40.158  -56.598  -24.673 0.0000000000
241066  -29.606  -49.835  -11.231 0.0000000000
241102  -40.357  -56.727  -19.630 0.0000000000
241269  -35.973  -69.161  -18.747 0.0000000000
241274  -32.157  -51.780  -14.996 0.0000000000
241419  -32.453  -52.233  -15.246 0.0000000000
242150  -36.330  -63.679  -19.758 0.0000000000
242195  -30.257  -45.148  -10.466 0.0000000000
242265  -41.114  -58.581  -21.336 0.0000000000
242297  -37.843  -57.386  -19.857 0.0000000000
242350  -39.531  -60.397  -21.425 0.0000000000
242509  -42.174  -57.607  -20.863 0.0000000000
243056  -36.114  -58.041  -12.877 0.0000000000
243105  -41.495  -59.552  -21.424 0.0000000000
243230  -34.917  -65.434  -14.746 0.0000000000
243369  -34.007  -55.202  -16.548 0.0000000000
243695  -33.082  -56.588  -12.551 0.0000000000
243839  -39.869  -66.764  -19.913 0.0000000000
243858  -35.516  -62.398  -20.077 0.0000000000
244139  -41.806  -55.626  -18.602 0.0000000000
244231  -30.372  -44.710  -10.901 0.0000000000
244920  -38.681  -67.618  -19.235 0.0000000000
245119  -34.945  -56.830  -18.497 0.0000000000
245458  -40.356  -59.682  -21.608 0.0000000000
245462  -38.582  -59.766  -21.583 0.0000000000
245616  -35.427  -61.402  -16.134 0.0000000000
245849  -34.718  -65.436  -18.776 0.0000000000
245893  -35.614  -57.529  -19.493 0.0000000000
245943  -35.146  -65.865  -14.561 0.0000000000
246047  -38.033  -59.923  -21.522 0.0000000000
246468  -33.881  -60.367  -17.113 0.0000000000
246725  -35.057  -62.258  -19.951 0.0000000000
246841  -33.278  -66.744  -16.233 0.0000000000
247065  -38.355  -61.172  -15.789 0.0000000000
247185  -37.577  -64.002  -19.790 0.0000000000
247301  -29.837  -46.313  -10.898 0.0000000000
247428  -41.066  -63.496  -21.186 0.0000000000
247596  -33.347  -54.214  -10.990 0.0000000000
248046  -31.579  -53.254  -11.099 0.0000000000
248087  -34.275  -66.800  -18.394 0.0000000000
248413  -34.593  -69.288  -14.351 0.0000000000
248440  -29.643  -47.318  -11.000 0.0000000000
248613  -36.530  -65.098  -19.318 0.0000000000
248662  -29.355  -48.091  -10.263 0.0000000000
248893  -31.971  -50.208  -14.538 0.0000000000
249225  -31.980  -53.678  -15.041 0.0000000000
249375  -40.053  -62.795  -20.512 0.0000000000
249760  -30.124  -48.135  -7.842 0.0000000000
249883  -33.473  -62.583  -17.871 0.0000000000
249981  -33.153  -53.703  -15.753 0.0000000000
250139  -30.620  -51.949  -13.575 0.0000000000
250180  -36.229  -59.254  -20.809 0.0000000000
250261  -38.036  -60.534  -21.365 0.0000000000
250575  -40.814  -59.443  -21.528 0.0000000000
250609  -38.598  -67.071  -21.975 0.0000000000
250761  -33.826  -66.738  -18.084 0.0000000000
250948  -30.474  -50.902  -13.548 0.0000000000
251303  -38.820  -68.173  -21.887 0.0000000000
251440  -34.417  -67.666  -14.592 0.0000000000
252455  -40.211  -57.014  -20.002 0.0000000000
252569  -42.324  -58.151  -23.380 0.0000000000
252731  -35.442  -60.694  -16.117 0.0000000000
252848  -29.942  -47.115  -11.945 0.0000000000
252869  -32.441  -53.190  -15.394 0.0000000000
252946  -33.555  -62.693  -18.193 0.0000000000
253019  -41.583  -60.652  -21.788 0.0000000000
253083  -31.314  -52.761  -14.314 0.0000000000
253432  -32.582  -56.658  -15.071 0.0000000000
253513  -36.993  -62.787  -23.170 0.0000000000
253677  -36.038  -55.466  -11.287 0.0000000000
253773  -41.858  -54.962  -17.916 0.0000000000
253778  -36.229  -54.925  -11.117 0.0000000000
253870  -39.275  -66.347  -19.449 0.0000000000
253965  -39.838  -59.135  -25.143 0.0000000000
253979  -39.339  -57.330  -20.156 0.0000000000
254075  -32.210  -54.972  -15.004 0.0000000000
254276  -38.346  -56.664  -18.986 0.0000000000
254404  -30.589  -49.223  -7.353 0.0000000000
254452  -37.461  -63.071  -15.112 0.0000000000
254600  -35.420  -53.491  -10.639 0.0000000000
254740  -39.103  -57.604  -20.463 0.0000000000
254790  -36.029  -53.109  -10.365 0.0000000000
255094  -29.934  -46.578  -11.712 0.0000000000
255553  -41.167  -61.298  -21.276 0.0000000000
255896  -33.491  -57.406  -13.106 0.0000000000
256654  -40.079  -57.151  -24.706 0.0000000000
257021  -41.575  -59.133  -21.408 0.0000000000
257044  -36.112  -60.246  -15.520 0.0000000000
257309  -40.651  -64.671  -20.937 0.0000000000
257564  -41.696  -60.218  -21.651 0.0000000000
257615  -33.259  -55.933  -11.979 0.0000000000
257709  -41.505  -56.659  -24.338 0.0000000000
258201  -34.013  -58.636  -14.274 0.0000000000
258305  -32.273  -52.094  -9.017 0.0000000000
258323  -35.946  -65.618  -14.279 0.0000000000
258641  -34.362  -68.032  -14.618 0.0000000000
258907  -40.217  -60.555  -24.270 0.0000000000
259259  -33.836  -61.968  -17.080 0.0000000000
259369  -36.628  -60.187  -21.042 0.0000000000
259580  -31.123  -50.836  -7.746 0.0000000000
259607  -30.248  -48.931  -12.975 0.0000000000
259951  -34.067  -54.511  -11.035 0.0000000000
260040  -33.194  -65.540  -16.898 0.0000000000
260100  -35.156  -55.303  -17.014 0.0000000000
260516  -36.386  -66.880  -18.980 0.0000000000
260648  -39.961  -55.768  -18.235 0.0000000000
260742  -29.644  -49.228  -9.975 0.0000000000
261528  -34.363  -70.103  -15.088 0.0000000000
261550  -36.782  -55.567  -17.562 0.0000000000
261849  -36.855  -65.892  -19.129 0.0000000000
261955  -31.310  -53.835  -12.745 0.0000000000
263237  -33.492  -68.019  -16.851 0.0000000000
263323  -37.152  -54.169  -16.247 0.0000000000
263333  -33.306  -55.478  -11.710 0.0000000000
263520  -40.049  -60.924  -21.246 0.0000000000
263566  -35.070  -60.335  -16.045 0.0000000000
263978  -40.035  -64.382  -22.051 0.0000000000
264714  -30.124  -51.309  -12.438 0.0000000000
264747  -43.008  -56.714  -20.396 0.0000000000
264782  -33.019  -58.192  -16.296 0.0000000000
264984  -33.862  -57.009  -17.875 0.0000000000
265710  -30.278  -49.613  -13.257 0.0000000000
266400  -39.315  -67.503  -19.632 0.0000000000
266506  -33.015  -52.245  -8.835 0.0000000000
266896  -35.837  -54.969  -16.803 0.0000000000
267380  -42.114  -58.306  -21.230 0.0000000000
267391  -38.802  -60.662  -15.731 0.0000000000
267518  -30.373  -52.095  -12.678 0.0000000000
267697  -32.394  -56.798  -14.173 0.0000000000
267826  -43.349  -56.590  -22.834 0.0000000000
268283  -41.179  -62.550  -21.514 0.0000000000
268384  -34.519  -60.686  -16.516 0.0000000000
268804  -40.089  -60.010  -24.853 0.0000000000
268881  -39.465  -67.523  -20.975 0.0000000000
269213  -30.280  -48.223  -7.459 0.0000000000
269276  -32.968  -55.810  -15.941 0.0000000000
269709  -30.777  -49.170  -7.051 0.0000000000
269880  -29.431  -49.022  -10.961 0.0000000000
269916  -36.278  -56.283  -11.663 0.0000000000
270113  -30.385  -48.897  -7.437 0.0000000000
270204  -30.239  -45.968  -9.299 0.0000000000
270239  -30.505  -50.536  -8.808 0.0000000000
270791  -35.310  -66.552  -14.275 0.0000000000
271019  -35.096  -68.900  -18.378 0.0000000000
271220  -36.972  -55.903  -17.921 0.0000000000
