#!ascii label  , from subject corrected_filled vox2ras=TkReg
2005
98651  -18.973  -12.678  -33.651 0.4285714328
99870  -19.545  -11.815  -34.609 0.2857142985
234286  -19.101  -12.159  -34.396 0.4285714328
100955  -20.336  -11.359  -34.326 0.4285714328
100957  -21.287  -10.888  -34.094 0.4285714328
100986  -20.066  -11.101  -35.593 0.2857142985
102135  -20.971  -10.586  -34.951 0.4285714328
102136  -21.493  -10.282  -34.812 0.4285714328
103376  -20.723  -10.241  -36.877 0.4285714328
103378  -21.452  -9.703  -36.251 0.4285714328
104737  -21.169  -9.441  -37.656 0.4285714328
224597  -22.082  -8.842  -37.543 0.4285714328
106070  -20.955  -8.274  -39.083 0.5714285970
241027  -21.924  -8.609  -38.024 0.5714285970
106034  -22.355  -8.360  -37.762 0.4285714328
107392  -23.162  -7.770  -37.848 0.2857142985
107428  -22.267  -7.566  -39.001 0.7142857313
107409  -23.029  -7.649  -38.387 0.7142857313
110587  -24.131  -6.493  -39.301 0.7142857313
226338  -24.506  -6.344  -39.008 0.4285714328
109019  -23.150  -7.025  -39.210 0.7142857313
109020  -23.776  -6.903  -39.053 0.5714285970
111991  -24.724  -5.376  -40.085 0.5714285970
226325  -23.509  -6.525  -39.606 0.5714285970
270068  -24.380  -5.610  -40.199 0.5714285970
112009  -24.285  -5.392  -40.556 0.5714285970
113255  -25.165  -4.874  -40.120 0.5714285970
111989  -23.564  -5.995  -40.100 0.5714285970
114545  -25.520  -4.414  -40.258 0.4285714328
114585  -25.026  -4.206  -41.597 0.5714285970
117231  -25.722  -2.961  -41.453 0.5714285970
113296  -23.748  -4.735  -41.636 0.7142857313
115903  -25.383  -3.340  -41.984 0.7142857313
117255  -25.515  -2.872  -42.146 0.7142857313
246051  -25.899  -2.413  -41.570 0.5714285970
114584  -24.576  -4.547  -41.740 0.5714285970
114580  -21.785  -4.215  -41.145 0.5714285970
115901  -24.510  -3.801  -42.581 0.8571428657
117256  -25.717  -2.361  -42.242 0.7142857313
229840  -25.969  -1.949  -42.467 0.5714285970
117230  -23.777  -3.465  -42.420 0.7142857313
117229  -23.076  -3.247  -41.914 0.5714285970
119862  -25.264  -2.138  -43.730 0.7142857313
119863  -26.137  -1.564  -42.878 0.5714285970
118548  -24.781  -3.001  -43.099 0.7142857313
118558  -25.427  -2.376  -42.941 0.7142857313
121218  -25.545  -1.580  -44.469 0.5714285970
118557  -24.971  -2.594  -43.280 0.7142857313
121219  -26.404  -1.058  -43.771 0.5714285970
118556  -24.399  -2.300  -43.110 0.5714285970
119860  -24.320  -1.657  -43.150 0.7142857313
119877  -24.865  -1.929  -44.274 0.7142857313
122536  -25.612  -0.959  -45.568 0.7142857313
121226  -25.590  -1.226  -44.989 0.7142857313
122520  -24.471  -0.872  -43.856 0.7142857313
245053  -24.887  -1.436  -44.791 0.7142857313
121225  -25.147  -0.869  -45.505 0.7142857313
123841  -25.430  -0.606  -46.825 0.7142857313
122545  -25.628  -0.805  -46.413 0.5714285970
122521  -24.672  -1.317  -44.652 0.7142857313
121200  -23.926  -0.912  -42.879 0.5714285970
123842  -25.555  0.075  -47.406 0.5714285970
125152  -26.247  0.858  -48.158 0.5714285970
250370  -24.795  -0.528  -44.659 0.8571428657
123794  -24.665  -0.019  -43.935 0.8571428657
125150  -25.031  0.943  -47.954 0.7142857313
125145  -24.855  1.183  -47.362 0.7142857313
123829  -24.863  -0.310  -45.782 0.8571428657
125138  -24.637  0.375  -47.035 0.7142857313
128930  -25.783  3.213  -47.662 0.8571428657
127729  -25.289  2.509  -48.944 0.5714285970
126467  -25.130  2.120  -47.251 0.8571428657
127714  -25.404  2.471  -46.507 0.8571428657
125125  -25.251  1.418  -45.359 0.8571428657
125139  -24.786  1.263  -46.783 0.8571428657
131311  -26.408  4.812  -47.075 0.8571428657
131320  -26.463  4.899  -47.726 0.8571428657
133926  -26.774  6.592  -47.541 0.8571428657
237591  -25.763  2.983  -46.961 0.8571428657
132552  -26.555  5.369  -46.610 0.8571428657
133890  -26.402  6.098  -45.783 1.0000000000
133909  -26.525  6.333  -46.330 1.0000000000
130106  -26.157  4.371  -46.133 0.8571428657
256558  -26.567  6.784  -46.347 1.0000000000
132534  -26.481  5.431  -46.007 1.0000000000
252788  -26.826  8.290  -46.259 1.0000000000
140576  -25.294  9.491  -45.643 0.7142857313
136617  -26.804  7.727  -46.283 1.0000000000
136605  -26.169  7.598  -45.419 1.0000000000
139303  -26.671  9.175  -46.142 1.0000000000
146887  -26.311  13.012  -47.024 1.0000000000
145700  -25.133  12.676  -47.076 0.8571428657
149242  -25.207  14.738  -48.340 0.8571428657
148082  -25.758  13.926  -47.663 1.0000000000
241870  -25.311  17.847  -49.925 0.8571428657
151642  -25.023  16.396  -49.154 0.8571428657
151628  -25.410  16.151  -48.669 1.0000000000
236171  -24.598  19.966  -51.275 0.8571428657
157470  -24.925  19.345  -50.655 0.8571428657
158722  -24.476  20.361  -51.541 0.7142857313
155142  -23.667  18.020  -51.821 0.5714285970
158734  -23.496  20.264  -52.658 0.7142857313
245155  -23.742  21.297  -52.450 0.5714285970
156318  -22.114  18.556  -52.785 0.5714285970
156320  -22.931  18.352  -52.644 0.5714285970
156328  -21.642  18.977  -53.456 0.4285714328
158744  -21.874  20.389  -53.467 0.4285714328
251712  -22.004  21.841  -53.683 0.4285714328
159893  -21.770  20.699  -51.297 0.2857142985
159894  -22.106  20.670  -50.604 0.2857142985
158705  -21.514  20.183  -51.906 0.2857142985
161077  -21.969  21.251  -50.744 0.2857142985
100965  -19.547  -11.528  -35.307 0.2857142985
114559  -24.822  -4.680  -41.164 0.5714285970
269373  -25.619  -2.115  -43.142 0.5714285970
125156  -25.903  1.281  -48.521 0.5714285970
253896  -24.867  -0.568  -46.353 0.7142857313
123840  -24.979  -0.168  -47.155 0.7142857313
127720  -25.367  2.499  -47.825 0.8571428657
128938  -25.685  3.543  -48.196 0.8571428657
130121  -26.186  4.183  -47.790 0.8571428657
133940  -26.724  6.002  -47.369 0.8571428657
141828  -26.093  10.501  -46.060 0.8571428657
161033  -22.131  22.054  -48.332 0.1428571492
99889  -18.767  -11.887  -35.619 0.2857142985
101006  -19.385  -11.174  -36.415 0.2857142985
102148  -20.417  -10.695  -35.847 0.2857142985
103363  -21.140  -10.018  -35.865 0.4285714328
104708  -22.286  -9.030  -36.319 0.4285714328
102190  -20.117  -10.470  -37.043 0.2857142985
106033  -21.580  -9.014  -37.845 0.4285714328
102169  -20.762  -10.335  -36.163 0.4285714328
106006  -22.576  -8.568  -36.605 0.4285714328
106051  -21.019  -9.093  -38.276 0.5714285970
106052  -22.192  -8.173  -38.249 0.5714285970
108985  -23.567  -7.481  -38.210 0.4285714328
107445  -21.493  -7.420  -39.631 0.2857142985
236600  -22.532  -7.146  -39.301 0.7142857313
110604  -24.053  -6.142  -39.771 0.4285714328
110623  -23.015  -5.699  -40.475 0.5714285970
115850  -26.032  -3.561  -40.190 0.4285714328
113271  -22.702  -5.136  -40.891 0.7142857313
113295  -23.242  -4.882  -41.215 0.7142857313
114560  -25.376  -4.187  -40.868 0.7142857313
263586  -25.507  -3.653  -41.393 0.5714285970
117211  -25.954  -3.116  -40.770 0.4285714328
117254  -25.028  -3.353  -42.662 0.7142857313
118549  -25.224  -2.817  -42.826 0.7142857313
115884  -22.766  -3.780  -41.699 0.5714285970
253335  -23.389  -3.938  -42.083 0.5714285970
122531  -26.446  -0.505  -44.483 0.5714285970
117252  -23.341  -2.764  -42.158 0.5714285970
121203  -26.671  -1.002  -43.034 0.5714285970
119875  -24.617  -1.927  -43.821 0.7142857313
119876  -24.781  -2.146  -44.026 0.7142857313
122537  -26.086  -0.629  -45.150 0.5714285970
119859  -23.936  -1.553  -42.770 0.8571428657
122535  -24.965  -0.731  -45.372 0.7142857313
128937  -25.235  2.884  -48.618 0.5714285970
226743  -25.863  3.180  -46.101 1.0000000000
136618  -27.062  7.533  -46.802 1.0000000000
132514  -25.814  5.906  -44.812 1.0000000000
139286  -25.822  9.028  -45.586 0.8571428657
141826  -24.876  10.803  -45.943 0.7142857313
143083  -25.861  11.081  -46.214 1.0000000000
143100  -26.837  11.316  -46.549 1.0000000000
144440  -25.241  12.125  -46.726 0.7142857313
144442  -26.704  11.972  -46.532 1.0000000000
143081  -24.656  11.288  -46.414 0.7142857313
146896  -26.041  13.442  -47.404 0.8571428657
152797  -25.087  16.877  -49.525 0.8571428657
251854  -25.901  16.036  -48.421 1.0000000000
149244  -26.411  15.045  -47.874 1.0000000000
157486  -24.463  19.395  -51.220 0.7142857313
158732  -21.469  19.336  -53.618 0.7142857313
156305  -23.507  18.463  -52.203 0.5714285970
158720  -23.263  19.577  -52.806 0.7142857313
158733  -22.994  20.042  -53.295 0.7142857313
155141  -21.923  17.750  -52.322 0.4285714328
159906  -21.426  20.737  -52.034 0.2857142985
159925  -21.675  20.666  -53.285 0.4285714328
161100  -23.119  21.311  -52.968 0.4285714328
161118  -21.491  21.869  -53.726 0.4285714328
248357  -21.443  21.885  -51.396 0.2857142985
159916  -21.546  21.347  -53.032 0.4285714328
110601  -21.835  -6.768  -40.169 0.4285714328
110621  -21.914  -6.277  -40.518 0.4285714328
158731  -21.557  19.950  -53.377 0.4285714328
157526  -21.713  19.411  -53.724 0.7142857313
159917  -21.383  20.788  -52.767 0.2857142985
161087  -21.281  21.513  -52.038 0.2857142985
268334  -19.179  -12.353  -33.951 0.4285714328
99856  -19.964  -11.680  -34.197 0.4285714328
99869  -18.993  -11.983  -34.962 0.2857142985
231755  -18.388  -12.223  -35.232 0.2857142985
100946  -21.009  -11.312  -33.693 0.4285714328
100967  -20.545  -11.082  -34.744 0.4285714328
100985  -19.622  -11.261  -35.886 0.2857142985
224867  -20.845  -10.429  -35.558 0.4285714328
103413  -20.270  -9.987  -37.786 0.2857142985
103395  -21.242  -9.703  -36.948 0.4285714328
104707  -21.771  -9.321  -36.620 0.4285714328
106020  -22.158  -8.940  -36.953 0.4285714328
104736  -20.629  -9.624  -38.025 0.4285714328
106050  -20.581  -8.754  -38.841 0.4285714328
107426  -21.213  -7.824  -39.352 0.2857142985
107391  -22.663  -7.968  -38.044 0.4285714328
109036  -22.206  -6.900  -39.735 0.5714285970
110602  -22.381  -6.516  -40.105 0.5714285970
112008  -23.701  -5.543  -40.523 0.5714285970
114558  -24.272  -4.838  -41.508 0.5714285970
114561  -25.738  -4.008  -40.393 0.4285714328
115886  -24.581  -4.218  -42.122 0.7142857313
117232  -26.148  -2.650  -41.101 0.5714285970
114582  -23.137  -4.393  -41.655 0.7142857313
115885  -24.006  -4.149  -42.340 0.7142857313
232092  -22.227  -4.724  -41.106 0.7142857313
258635  -23.858  -2.934  -42.608 0.5714285970
121202  -25.824  -1.555  -43.686 0.5714285970
241734  -23.629  -2.350  -42.445 0.7142857313
121201  -24.296  -1.225  -43.287 0.8571428657
121237  -24.802  -0.792  -46.060 0.7142857313
122505  -24.206  -0.563  -43.264 0.8571428657
126472  -25.007  1.730  -47.909 0.8571428657
128923  -25.992  3.753  -46.468 0.8571428657
265964  -26.094  3.727  -47.517 0.8571428657
126452  -25.394  1.917  -45.537 0.8571428657
131286  -26.343  4.931  -45.739 1.0000000000
137930  -25.658  8.581  -45.337 1.0000000000
141810  -25.056  10.219  -45.706 0.8571428657
156289  -25.029  18.808  -50.357 0.8571428657
156288  -24.572  18.795  -50.866 0.8571428657
157485  -23.881  19.172  -51.811 0.7142857313
158721  -23.888  20.185  -52.090 0.7142857313
237407  -23.725  19.561  -52.131 0.5714285970
157515  -22.368  19.426  -53.379 0.5714285970
245188  -22.369  18.065  -52.747 0.5714285970
156304  -21.952  18.441  -52.281 0.4285714328
157514  -21.406  19.283  -53.358 0.4285714328
159926  -22.114  20.362  -53.618 0.4285714328
260409  -22.096  20.231  -49.855 0.2857142985
157500  -21.536  19.536  -52.280 0.2857142985
159886  -22.146  21.239  -50.062 0.2857142985
161043  -22.138  21.913  -48.947 0.1428571492
102167  -19.720  -10.760  -36.695 0.2857142985
244041  -21.760  -7.078  -39.815 0.2857142985
144428  -25.628  11.621  -46.429 1.0000000000
159918  -22.725  20.522  -53.403 0.5714285970
166699  -20.681  24.599  -55.081 0.2857142985
166682  -19.860  25.055  -55.044 0.1428571492
163319  -20.391  22.564  -55.036 0.2857142985
166683  -19.883  24.600  -54.846 0.1428571492
166665  -19.929  25.248  -54.235 0.1428571492
163286  -20.603  22.331  -52.955 0.1428571492
163307  -20.297  22.512  -54.972 0.2857142985
245192  -20.195  22.737  -53.370 0.1428571492
166685  -22.459  24.921  -54.022 0.2857142985
165523  -21.334  24.162  -54.576 0.2857142985
165498  -25.874  24.684  -52.347 0.2857142985
262626  -24.312  24.650  -52.762 0.2857142985
166666  -20.446  24.785  -53.482 0.1428571492
163309  -21.752  22.501  -54.166 0.2857142985
163271  -24.715  23.133  -51.918 0.2857142985
165511  -22.688  24.131  -53.665 0.2857142985
163320  -21.094  22.606  -54.718 0.2857142985
161080  -26.802  22.011  -50.844 0.1428571492
164383  -24.512  23.673  -52.248 0.2857142985
164415  -23.557  24.083  -52.933 0.2857142985
165510  -20.246  23.962  -54.010 0.1428571492
163297  -23.167  23.051  -53.017 0.2857142985
163308  -21.870  23.086  -54.252 0.2857142985
158709  -29.034  20.485  -50.881 0.1428571492
161082  -28.089  21.899  -50.785 0.1428571492
163259  -25.564  22.970  -51.294 0.4285714328
161101  -23.695  21.937  -52.510 0.2857142985
156271  -27.771  18.564  -49.090 0.2857142985
159887  -25.947  21.194  -50.508 0.4285714328
247949  -24.550  22.077  -51.820 0.2857142985
241551  -22.540  21.670  -53.346 0.2857142985
151656  -29.296  16.193  -49.566 0.1428571492
158689  -27.434  20.379  -50.100 0.2857142985
161078  -24.994  21.582  -51.205 0.4285714328
157463  -26.370  19.190  -49.707 0.5714285970
251948  -25.152  20.765  -50.826 0.7142857313
149259  -29.220  14.617  -49.466 0.1428571492
241892  -28.560  17.010  -49.043 0.1428571492
158708  -25.242  20.303  -50.685 0.7142857313
159908  -24.337  20.843  -51.865 0.4285714328
155096  -27.486  18.097  -48.910 0.4285714328
145735  -28.973  12.520  -49.649 0.2857142985
148108  -28.790  13.827  -48.818 0.7142857313
157461  -25.844  19.219  -49.938 0.7142857313
149236  -26.736  14.493  -47.712 0.8571428657
151632  -27.754  15.887  -48.278 0.8571428657
153952  -26.608  17.509  -48.873 0.5714285970
143156  -28.278  10.910  -50.543 0.2857142985
143157  -28.610  11.397  -50.105 0.2857142985
152786  -26.875  17.064  -48.611 0.7142857313
151655  -24.644  16.486  -49.647 0.5714285970
152785  -26.252  17.030  -48.736 0.8571428657
140667  -27.986  9.778  -50.477 0.1428571492
146910  -28.408  13.258  -48.013 0.7142857313
139383  -27.496  8.759  -50.772 0.1428571492
132496  -23.832  5.632  -44.030 0.5714285970
237141  -25.628  7.198  -44.902 0.8571428657
137908  -25.420  8.154  -45.076 0.8571428657
261730  -24.114  7.353  -44.525 0.4285714328
137929  -25.089  8.647  -45.238 0.5714285970
145702  -26.536  12.529  -46.731 0.8571428657
141845  -27.725  10.337  -47.276 0.8571428657
146898  -27.284  13.270  -47.378 0.8571428657
138020  -27.581  8.680  -50.220 0.2857142985
143129  -28.225  11.398  -48.085 0.8571428657
146899  -27.888  13.332  -47.642 0.8571428657
151630  -26.531  16.140  -48.305 0.8571428657
231135  -26.877  7.259  -50.799 0.4285714328
141879  -28.148  10.474  -48.746 0.7142857313
144466  -28.670  12.254  -48.478 0.7142857313
271237  -22.456  4.876  -44.145 0.2857142985
133856  -24.969  6.178  -44.325 0.5714285970
133854  -23.918  6.114  -44.384 0.5714285970
251668  -26.345  7.148  -45.616 0.8571428657
140614  -27.363  9.832  -46.704 0.8571428657
141830  -27.171  10.228  -46.489 0.8571428657
143102  -27.706  10.822  -47.213 0.8571428657
144444  -27.689  11.451  -47.140 0.8571428657
138006  -27.373  7.998  -49.704 0.4285714328
137985  -27.747  8.951  -48.361 0.8571428657
141871  -28.137  10.792  -48.141 0.8571428657
135332  -26.893  6.746  -50.466 0.4285714328
254465  -22.754  0.667  -42.740 0.7142857313
126397  -22.191  1.753  -42.905 0.4285714328
232079  -23.293  0.201  -42.852 0.7142857313
126417  -24.594  2.022  -43.667 0.8571428657
245238  -23.510  2.820  -43.333 0.5714285970
265915  -23.007  3.861  -43.692 0.5714285970
128881  -22.134  4.022  -43.920 0.4285714328
127684  -25.285  2.985  -44.500 0.8571428657
130039  -24.305  4.113  -43.591 0.5714285970
132495  -23.413  5.229  -43.784 0.5714285970
130105  -25.984  3.957  -45.673 0.8571428657
131252  -25.472  4.876  -44.294 0.7142857313
131250  -24.669  5.306  -43.876 0.5714285970
132587  -26.622  5.488  -48.575 0.7142857313
135296  -26.852  6.738  -48.208 0.7142857313
238345  -27.441  7.980  -47.901 0.7142857313
137973  -27.590  8.611  -47.833 0.8571428657
132601  -27.064  4.835  -51.025 0.2857142985
251959  -26.708  5.719  -50.015 0.4285714328
135319  -26.942  6.931  -49.350 0.5714285970
118546  -23.052  -2.149  -42.102 0.4285714328
121180  -22.007  -0.612  -42.199 0.4285714328
122501  -21.803  0.287  -42.714 0.4285714328
125107  -25.069  1.286  -44.298 0.7142857313
125089  -24.815  1.401  -43.896 0.7142857313
126434  -25.190  1.798  -44.443 0.7142857313
128898  -25.587  3.443  -44.699 0.8571428657
130127  -25.665  4.258  -49.031 0.7142857313
131341  -26.218  4.602  -50.418 0.2857142985
261797  -25.981  4.805  -49.846 0.5714285970
131328  -26.103  4.882  -48.804 0.5714285970
117251  -22.761  -2.625  -41.814 0.4285714328
118544  -21.702  -1.951  -42.096 0.5714285970
121182  -22.996  -0.987  -42.238 0.5714285970
247844  -22.850  0.066  -42.567 0.5714285970
262964  -24.629  0.882  -43.846 0.7142857313
126485  -26.215  1.789  -48.878 0.4285714328
127743  -26.249  3.205  -49.947 0.4285714328
130136  -26.864  3.814  -50.424 0.4285714328
131340  -26.027  4.276  -50.031 0.4285714328
113294  -21.635  -4.794  -40.954 0.5714285970
121184  -26.781  -0.979  -42.262 0.4285714328
122522  -26.689  -0.350  -43.817 0.4285714328
126468  -26.891  1.345  -46.692 0.4285714328
245282  -25.978  0.012  -46.846 0.4285714328
127721  -27.637  2.582  -46.932 0.4285714328
126479  -26.677  1.447  -48.291 0.4285714328
107359  -23.451  -7.958  -36.678 0.1428571492
123825  -26.693  0.130  -44.657 0.4285714328
125134  -26.850  1.022  -45.603 0.4285714328
126463  -27.145  1.542  -45.893 0.4285714328
107393  -23.675  -7.551  -37.633 0.1428571492
108987  -24.503  -6.895  -37.691 0.1428571492
113242  -25.866  -4.465  -39.051 0.2857142985
121153  -27.309  -0.817  -40.576 0.2857142985
255043  -27.382  0.903  -41.920 0.2857142985
122488  -27.172  0.025  -41.801 0.2857142985
117233  -26.517  -2.173  -41.127 0.4285714328
125075  -27.402  1.414  -42.680 0.2857142985
123774  -27.136  0.362  -42.718 0.2857142985
121168  -26.823  -1.037  -41.538 0.2857142985
125090  -27.424  1.414  -43.285 0.2857142985
123796  -27.335  0.873  -43.636 0.4285714328
107378  -24.357  -7.461  -36.825 0.1428571492
108968  -24.657  -7.010  -37.120 0.1428571492
107375  -22.788  -8.082  -37.508 0.1428571492
269596  -25.317  -5.823  -37.921 0.2857142985
111947  -25.469  -5.508  -38.215 0.2857142985
117181  -26.823  -3.112  -39.006 0.2857142985
119784  -27.451  -1.534  -39.754 0.2857142985
118503  -27.171  -2.062  -39.999 0.2857142985
115851  -26.369  -3.331  -39.786 0.2857142985
119815  -27.196  -1.509  -40.406 0.2857142985
108969  -25.107  -6.765  -36.826 0.1428571492
114467  -26.761  -4.524  -37.203 0.2857142985
110547  -25.748  -5.797  -37.037 0.2857142985
114496  -26.713  -4.172  -38.012 0.2857142985
113198  -25.784  -5.025  -38.089 0.2857142985
110562  -25.033  -6.216  -37.943 0.2857142985
115824  -26.655  -3.628  -38.793 0.2857142985
102124  -21.250  -10.589  -34.526 0.2857142985
105991  -22.748  -8.682  -35.993 0.1428571492
104689  -21.966  -9.439  -36.012 0.2857142985
105993  -23.822  -8.365  -35.609 0.1428571492
98637  -19.740  -12.608  -32.928 0.2857142985
97326  -19.495  -13.096  -32.709 0.2857142985
97344  -18.772  -13.011  -33.345 0.2857142985
103352  -22.408  -9.719  -34.961 0.2857142985
98638  -20.384  -12.475  -32.836 0.1428571492
236976  -18.363  -13.369  -33.209 0.2857142985
95852  -18.203  -13.801  -32.838 0.1428571492
110545  -24.984  -6.550  -37.431 0.1428571492
113169  -26.052  -5.220  -37.122 0.2857142985
117155  -26.898  -3.305  -38.571 0.2857142985
121131  -27.542  -0.984  -40.055 0.2857142985
118482  -26.753  -2.934  -39.628 0.2857142985
122472  -27.309  -0.105  -41.294 0.2857142985
119843  -26.476  -1.496  -42.021 0.4285714328
122506  -26.852  -0.291  -43.158 0.4285714328
123775  -27.343  0.895  -43.023 0.2857142985
126435  -27.405  2.227  -44.007 0.2857142985
263271  -23.181  1.716  -43.053 0.7142857313
125135  -27.254  1.591  -45.371 0.4285714328
130040  -24.857  4.251  -43.787 0.5714285970
125146  -26.333  0.672  -47.576 0.4285714328
127737  -25.655  2.628  -49.679 0.4285714328
128952  -27.396  3.018  -49.599 0.2857142985
130142  -27.724  4.043  -50.606 0.2857142985
132596  -26.463  5.068  -50.599 0.5714285970
249423  -25.333  15.132  -48.510 0.7142857313
253823  -27.315  7.742  -48.512 0.7142857313
148084  -26.995  13.900  -47.492 0.8571428657
155143  -24.179  18.174  -51.099 0.4285714328
153982  -24.393  17.565  -50.784 0.5714285970
153968  -25.562  17.686  -49.567 0.7142857313
133972  -26.652  5.911  -50.925 0.2857142985
148096  -27.664  14.277  -47.981 0.8571428657
153951  -25.940  17.465  -49.122 0.8571428657
259181  -28.889  12.116  -49.376 0.5714285970
162205  -23.178  22.020  -52.891 0.2857142985
153955  -28.239  17.497  -48.953 0.4285714328
157456  -27.551  19.094  -49.322 0.4285714328
165494  -20.963  24.885  -52.347 0.1428571492
163260  -26.161  22.945  -51.231 0.2857142985
161066  -27.061  21.566  -50.562 0.1428571492
166667  -22.851  24.699  -53.655 0.2857142985
99838  -20.391  -11.945  -33.254 0.1428571492
98682  -18.049  -12.546  -34.893 0.2857142985
102114  -21.828  -10.675  -33.810 0.1428571492
104690  -22.705  -9.337  -35.227 0.1428571492
103364  -21.622  -9.782  -35.665 0.2857142985
107360  -24.013  -7.815  -36.487 0.1428571492
108952  -25.226  -6.946  -36.298 0.1428571492
110525  -25.880  -6.189  -36.482 0.1428571492
260566  -25.164  -5.498  -39.174 0.2857142985
113226  -25.825  -4.732  -38.560 0.2857142985
115840  -26.505  -3.457  -39.314 0.2857142985
121102  -27.813  -1.103  -39.553 0.2857142985
114546  -25.852  -4.095  -39.927 0.2857142985
122459  -27.467  -0.269  -40.763 0.2857142985
118545  -22.407  -2.049  -41.945 0.5714285970
117197  -26.418  -3.012  -40.195 0.2857142985
118502  -26.876  -2.570  -40.162 0.2857142985
121198  -21.268  -0.521  -42.680 0.2857142985
126419  -27.401  1.931  -43.500 0.2857142985
127685  -27.584  2.669  -44.403 0.2857142985
125073  -22.971  1.272  -42.915 0.7142857313
123793  -24.215  0.701  -43.562 0.5714285970
127664  -21.946  2.712  -43.469 0.4285714328
126415  -23.192  2.268  -43.151 0.5714285970
262828  -27.514  2.216  -44.550 0.4285714328
131248  -22.180  5.185  -44.472 0.2857142985
130057  -22.496  4.392  -43.937 0.5714285970
126464  -27.482  2.020  -45.486 0.2857142985
123830  -26.459  0.092  -45.738 0.4285714328
245812  -24.527  3.067  -43.674 0.7142857313
132512  -22.887  5.870  -44.716 0.2857142985
233800  -27.751  3.002  -46.441 0.1428571492
128939  -27.907  3.015  -48.081 0.4285714328
127731  -27.297  2.384  -48.759 0.4285714328
130128  -28.517  3.863  -48.348 0.1428571492
229627  -27.186  8.875  -46.780 0.8571428657
130132  -28.628  3.935  -48.931 0.1428571492
132592  -26.704  5.696  -49.304 0.5714285970
245761  -26.636  5.505  -50.755 0.2857142985
136683  -27.097  7.552  -49.536 0.5714285970
230575  -27.990  9.558  -49.377 0.7142857313
149245  -27.265  14.678  -47.977 0.8571428657
136707  -26.583  7.727  -51.630 0.2857142985
138037  -26.798  8.426  -51.750 0.1428571492
161099  -21.299  21.532  -52.685 0.2857142985
256606  -28.157  10.234  -49.799 0.4285714328
138031  -27.056  8.290  -51.192 0.4285714328
141915  -27.978  10.563  -51.301 0.1428571492
151645  -28.512  15.923  -48.810 0.5714285970
143168  -28.198  11.082  -51.091 0.1428571492
146917  -29.106  13.654  -49.663 0.1428571492
253066  -29.430  15.719  -49.858 0.1428571492
164399  -20.391  23.528  -52.605 0.1428571492
253199  -27.764  17.720  -48.812 0.5714285970
149264  -29.418  14.644  -49.941 0.1428571492
153969  -28.831  17.413  -49.365 0.1428571492
161079  -25.472  21.959  -51.032 0.2857142985
161065  -26.415  21.588  -50.662 0.2857142985
157465  -27.926  19.515  -49.643 0.2857142985
157467  -29.043  19.251  -50.057 0.1428571492
158700  -29.104  20.005  -50.725 0.1428571492
159891  -28.335  20.893  -50.430 0.1428571492
164385  -25.614  23.764  -51.860 0.2857142985
165480  -26.513  24.190  -51.895 0.2857142985
164387  -26.892  23.803  -51.652 0.1428571492
163262  -27.482  22.951  -51.268 0.1428571492
100948  -22.062  -10.958  -33.294 0.1428571492
105994  -24.354  -8.208  -35.449 0.1428571492
123717  -27.557  0.281  -40.904 0.2857142985
131353  -28.603  4.697  -50.978 0.2857142985
162193  -28.781  22.357  -51.717 0.1428571492
165499  -26.487  24.676  -52.189 0.2857142985
98666  -17.766  -12.880  -34.591 0.2857142985
98653  -19.941  -12.168  -33.135 0.2857142985
266102  -20.807  -11.693  -33.356 0.1428571492
100947  -21.534  -11.140  -33.503 0.1428571492
102126  -22.198  -10.286  -34.145 0.1428571492
103341  -22.024  -10.069  -34.640 0.1428571492
106022  -22.912  -8.173  -36.927 0.1428571492
107377  -23.827  -7.658  -37.055 0.1428571492
110573  -24.285  -6.736  -38.807 0.2857142985
111977  -24.838  -5.680  -39.546 0.4285714328
110575  -25.140  -5.913  -38.383 0.2857142985
108986  -24.055  -7.196  -37.968 0.1428571492
111978  -25.171  -5.182  -39.602 0.2857142985
118528  -26.215  -1.960  -41.765 0.4285714328
122504  -23.753  -0.249  -42.920 0.5714285970
119842  -23.394  -1.666  -42.438 0.4285714328
126473  -26.857  1.358  -47.542 0.4285714328
248588  -24.354  -0.047  -43.543 0.7142857313
228622  -25.640  2.972  -45.011 0.7142857313
136654  -27.232  7.375  -48.001 0.7142857313
135237  -25.786  6.625  -44.967 0.8571428657
267241  -26.154  4.530  -45.545 0.8571428657
236080  -26.060  5.337  -44.823 0.8571428657
137956  -27.142  8.194  -46.773 0.8571428657
140599  -26.289  9.936  -45.961 0.8571428657
153966  -24.694  17.325  -50.314 0.5714285970
237701  -25.366  19.285  -50.242 0.7142857313
159895  -24.804  20.980  -51.251 0.5714285970
161088  -24.187  21.764  -52.122 0.2857142985
162217  -22.246  22.221  -53.705 0.2857142985
128944  -25.010  3.542  -49.324 0.4285714328
106007  -23.091  -8.313  -36.328 0.1428571492
112026  -22.010  -5.257  -40.916 0.5714285970
114536  -26.150  -3.754  -39.616 0.2857142985
123813  -26.964  0.251  -44.007 0.4285714328
132499  -25.684  5.378  -44.474 0.5714285970
264506  -27.316  12.687  -47.174 0.8571428657
150449  -26.779  15.518  -48.092 0.8571428657
262581  -21.141  21.928  -53.712 0.2857142985
162218  -22.896  22.423  -53.190 0.2857142985
162238  -20.586  22.319  -54.925 0.2857142985
162216  -20.511  22.199  -53.807 0.2857142985
127698  -25.162  2.383  -44.415 0.8571428657
165535  -20.353  24.004  -55.062 0.2857142985
166698  -19.964  24.609  -55.182 0.1428571492
165522  -20.234  23.882  -54.960 0.2857142985
164427  -20.155  23.116  -54.829 0.2857142985
166684  -21.784  24.793  -54.509 0.2857142985
164412  -20.120  22.988  -53.899 0.1428571492
162215  -20.196  22.502  -54.402 0.1428571492
164429  -21.998  23.788  -54.213 0.2857142985
164402  -24.902  24.091  -52.282 0.2857142985
165513  -23.762  24.574  -53.007 0.2857142985
164401  -23.910  23.759  -52.565 0.2857142985
165493  -20.470  24.176  -52.931 0.1428571492
163288  -24.059  23.171  -52.298 0.2857142985
164384  -25.066  23.689  -52.013 0.2857142985
162191  -24.799  22.545  -51.677 0.2857142985
163296  -22.544  22.884  -53.651 0.2857142985
164414  -23.083  23.863  -53.285 0.2857142985
256941  -25.866  21.629  -50.774 0.2857142985
163261  -26.798  22.931  -51.208 0.1428571492
162180  -27.161  22.473  -51.005 0.1428571492
163287  -23.582  23.265  -52.615 0.2857142985
161083  -28.575  21.600  -50.997 0.1428571492
159890  -27.892  21.058  -50.431 0.1428571492
162182  -28.483  22.167  -51.187 0.1428571492
163274  -26.493  23.351  -51.502 0.1428571492
156281  -28.657  18.504  -49.506 0.1428571492
236083  -25.770  19.698  -50.174 0.5714285970
158696  -26.564  20.459  -49.992 0.4285714328
159896  -25.356  21.297  -50.802 0.5714285970
237452  -29.416  16.986  -50.215 0.1428571492
151646  -28.981  16.092  -49.137 0.1428571492
159879  -27.056  20.644  -50.124 0.2857142985
158690  -28.227  19.909  -50.060 0.2857142985
256827  -26.663  19.687  -49.757 0.4285714328
156278  -26.535  18.755  -49.350 0.5714285970
155110  -26.161  18.343  -49.324 0.7142857313
252591  -28.726  15.077  -48.880 0.4285714328
246006  -28.025  16.854  -48.755 0.5714285970
146911  -28.916  13.215  -48.873 0.5714285970
244447  -28.154  14.295  -48.277 0.7142857313
149246  -27.789  14.784  -48.222 0.7142857313
152772  -27.619  16.437  -48.380 0.7142857313
143148  -28.501  11.090  -49.602 0.5714285970
231511  -27.953  9.498  -50.155 0.4285714328
145713  -28.052  12.344  -47.638 0.8571428657
132497  -24.320  5.722  -44.039 0.5714285970
135216  -24.802  6.619  -44.428 0.5714285970
136583  -23.768  7.738  -44.859 0.4285714328
133873  -23.616  6.530  -44.683 0.4285714328
139320  -27.615  9.532  -47.155 0.8571428657
140639  -27.982  10.187  -48.220 0.8571428657
237970  -27.759  9.079  -49.341 0.4285714328
138019  -27.427  8.188  -50.066 0.5714285970
143138  -28.338  11.066  -48.626 0.8571428657
137984  -27.559  8.337  -48.449 0.7142857313
122485  -22.063  -0.122  -42.312 0.5714285970
125072  -22.445  1.283  -42.779 0.4285714328
125087  -23.920  1.353  -43.360 0.7142857313
248182  -23.770  2.342  -43.341 0.7142857313
127668  -24.430  2.574  -43.652 0.7142857313
127666  -22.980  2.885  -43.332 0.4285714328
257674  -23.336  3.272  -43.475 0.5714285970
131234  -23.860  4.659  -43.610 0.5714285970
128860  -22.292  3.576  -43.637 0.4285714328
127683  -21.546  3.060  -43.724 0.2857142985
128882  -25.147  3.822  -43.963 0.7142857313
245929  -25.799  3.924  -44.914 0.8571428657
133962  -26.952  6.145  -49.393 0.5714285970
135306  -26.937  7.181  -48.650 0.7142857313
119841  -22.725  -1.570  -42.134 0.5714285970
251168  -21.866  -1.236  -42.213 0.5714285970
127738  -26.858  2.553  -49.531 0.4285714328
130137  -28.081  3.728  -50.103 0.2857142985
122487  -27.055  -0.288  -42.402 0.2857142985
123795  -27.102  0.321  -43.364 0.4285714328
246684  -26.705  1.043  -46.210 0.4285714328
127715  -27.605  2.563  -46.287 0.4285714328
127725  -27.673  2.630  -47.696 0.4285714328
125108  -27.156  0.830  -44.271 0.4285714328
113225  -25.586  -5.176  -38.524 0.2857142985
114537  -26.292  -4.010  -39.065 0.2857142985
121169  -27.167  -0.639  -41.128 0.2857142985
121152  -26.932  -1.170  -40.942 0.2857142985
123755  -27.177  0.436  -42.109 0.2857142985
119829  -26.648  -1.582  -41.371 0.2857142985
118515  -26.914  -2.148  -40.564 0.2857142985
240519  -27.286  1.364  -44.572 0.4285714328
107342  -24.666  -7.812  -35.758 0.1428571492
108951  -24.810  -7.208  -36.573 0.1428571492
111925  -25.653  -5.456  -37.616 0.2857142985
118483  -27.377  -2.074  -39.360 0.2857142985
110524  -25.469  -6.569  -36.537 0.1428571492
240132  -26.092  -4.916  -37.624 0.2857142985
268610  -26.943  -3.944  -37.923 0.2857142985
97327  -20.098  -12.998  -32.579 0.1428571492
97308  -19.176  -13.517  -32.460 0.1428571492
98621  -21.248  -12.614  -32.468 0.1428571492
128945  -27.723  2.899  -48.886 0.2857142985
164381  -20.716  23.625  -51.838 0.1428571492
99839  -21.572  -12.070  -32.757 0.1428571492
102115  -22.362  -10.526  -33.627 0.1428571492
163270  -21.055  23.049  -51.755 0.1428571492
149256  -24.336  14.844  -48.876 0.5714285970
145725  -23.695  12.777  -48.233 0.4285714328
148093  -23.760  13.651  -48.793 0.4285714328
239170  -24.162  14.178  -48.787 0.5714285970
145709  -24.055  12.444  -47.677 0.4285714328
148094  -24.570  14.105  -48.348 0.5714285970
242161  -24.930  15.920  -48.947 0.4285714328
141825  -23.519  10.366  -46.481 0.4285714328
144426  -24.656  11.807  -46.807 0.4285714328
144439  -23.781  11.599  -47.173 0.4285714328
145698  -24.145  11.935  -47.201 0.5714285970
145711  -25.107  13.087  -47.385 0.5714285970
266293  -24.731  13.889  -48.037 0.5714285970
139284  -24.320  9.114  -45.496 0.5714285970
126361  -27.970  2.215  -41.295 0.1428571492
254985  -27.445  1.818  -42.390 0.1428571492
127650  -27.422  2.655  -42.777 0.1428571492
239523  -20.456  -8.339  -39.226 0.2857142985
257847  -27.357  0.520  -41.500 0.1428571492
127569  -28.912  2.427  -40.047 0.1428571492
126331  -28.206  1.637  -40.663 0.1428571492
127590  -28.885  3.054  -40.261 0.1428571492
127588  -28.279  2.239  -40.842 0.1428571492
128787  -29.128  3.700  -40.357 0.1428571492
104768  -20.034  -8.964  -38.891 0.2857142985
122412  -28.215  -0.193  -39.483 0.1428571492
123669  -28.336  0.407  -39.740 0.1428571492
122436  -27.748  0.084  -40.439 0.1428571492
124994  -28.469  1.367  -40.168 0.1428571492
230360  -29.772  2.795  -39.361 0.1428571492
126312  -28.861  1.870  -39.835 0.1428571492
129980  -31.738  4.556  -40.895 0.1428571492
129951  -30.358  4.128  -39.964 0.1428571492
131170  -31.190  4.786  -40.682 0.1428571492
104754  -19.675  -9.325  -38.603 0.2857142985
104753  -19.076  -9.181  -38.819 0.2857142985
118440  -27.684  -2.413  -38.292 0.1428571492
250170  -27.993  -1.913  -38.336 0.1428571492
119785  -27.742  -1.554  -39.221 0.1428571492
118459  -27.445  -2.394  -38.868 0.1428571492
258142  -28.030  -1.167  -39.130 0.1428571492
123646  -29.051  0.534  -38.761 0.1428571492
121104  -28.456  -0.371  -38.971 0.1428571492
124958  -29.499  1.440  -38.818 0.1428571492
122413  -28.619  0.193  -39.151 0.1428571492
127556  -30.268  2.606  -39.096 0.1428571492
128773  -31.766  3.101  -40.191 0.1428571492
129966  -31.926  3.981  -40.765 0.1428571492
129952  -31.048  3.952  -40.064 0.1428571492
103426  -19.552  -9.678  -38.235 0.2857142985
103410  -18.385  -9.595  -37.774 0.2857142985
228100  -18.274  -10.050  -37.426 0.2857142985
235188  -27.144  -4.169  -37.084 0.1428571492
115777  -28.135  -3.033  -37.066 0.1428571492
118441  -28.085  -2.103  -37.801 0.1428571492
119746  -28.301  -1.588  -38.023 0.1428571492
122393  -29.396  0.281  -38.346 0.1428571492
119765  -28.535  -1.108  -38.296 0.1428571492
124960  -30.424  1.322  -38.430 0.1428571492
127573  -31.491  2.887  -39.723 0.1428571492
126275  -31.101  1.872  -38.705 0.1428571492
131199  -32.414  4.969  -41.899 0.1428571492
129981  -32.200  4.292  -41.229 0.1428571492
244960  -26.519  -4.965  -36.785 0.1428571492
115762  -27.584  -3.769  -36.913 0.1428571492
114451  -27.287  -4.256  -36.548 0.1428571492
118417  -28.768  -2.043  -36.961 0.1428571492
259494  -28.476  -3.091  -36.661 0.1428571492
122334  -30.677  -0.358  -37.404 0.1428571492
118442  -28.452  -1.748  -37.415 0.1428571492
122364  -30.530  0.103  -37.683 0.1428571492
119748  -29.175  -0.985  -37.445 0.1428571492
123649  -30.727  0.914  -38.213 0.1428571492
127591  -32.100  2.801  -40.458 0.1428571492
124979  -31.552  1.662  -38.820 0.1428571492
128806  -32.346  3.745  -41.189 0.1428571492
128789  -32.116  3.310  -40.698 0.1428571492
114434  -27.482  -4.432  -35.990 0.1428571492
111901  -26.167  -5.568  -36.631 0.1428571492
117093  -29.833  -3.009  -35.839 0.1428571492
115745  -28.869  -3.372  -35.800 0.1428571492
114452  -27.776  -3.920  -36.298 0.1428571492
118418  -29.318  -1.806  -36.763 0.1428571492
117106  -28.910  -2.924  -36.326 0.1428571492
115763  -28.109  -3.461  -36.646 0.1428571492
121060  -31.805  -0.651  -37.774 0.1428571492
121032  -31.205  -1.021  -37.169 0.1428571492
122394  -31.873  0.197  -38.242 0.1428571492
250937  -32.215  1.101  -39.020 0.1428571492
123617  -30.925  0.469  -37.936 0.1428571492
127574  -31.916  2.582  -40.059 0.1428571492
252222  -31.301  0.824  -38.253 0.1428571492
115729  -30.476  -3.936  -35.249 0.1428571492
115727  -29.183  -3.768  -35.255 0.1428571492
114436  -28.510  -3.823  -35.404 0.1428571492
118392  -31.279  -2.365  -36.673 0.1428571492
115765  -31.031  -3.159  -36.081 0.1428571492
119749  -31.630  -1.043  -37.463 0.1428571492
118419  -31.133  -1.904  -36.774 0.1428571492
124995  -32.229  1.529  -39.412 0.1428571492
122395  -32.285  -0.028  -38.579 0.1428571492
117108  -30.075  -2.578  -36.129 0.1428571492
117120  -28.626  -2.648  -36.805 0.1428571492
119720  -30.321  -1.250  -36.904 0.1428571492
122362  -29.188  -0.238  -38.141 0.1428571492
129982  -32.580  4.171  -41.659 0.1428571492
131200  -32.828  5.083  -42.382 0.1428571492
128788  -31.622  3.680  -40.315 0.1428571492
127555  -29.698  2.278  -39.115 0.1428571492
128771  -30.693  3.585  -39.744 0.1428571492
125038  -27.612  1.142  -41.500 0.1428571492
127637  -27.903  2.932  -41.791 0.1428571492
102200  -19.327  -10.299  -37.649 0.2857142985
126315  -32.196  2.032  -39.895 0.1428571492
127592  -32.417  2.743  -40.842 0.1428571492
130003  -32.824  4.587  -42.136 0.1428571492
228415  -33.232  5.222  -42.749 0.1428571492
140574  -23.985  9.878  -45.871 0.4285714328
132446  -32.400  5.480  -42.172 0.1428571492
129965  -31.413  4.252  -40.480 0.1428571492
131184  -32.033  4.882  -41.365 0.1428571492
129963  -29.903  4.453  -40.281 0.1428571492
131183  -31.506  5.063  -41.057 0.1428571492
127636  -27.660  2.820  -42.239 0.1428571492
230722  -27.451  2.783  -43.896 0.1428571492
150458  -23.999  15.231  -49.129 0.4285714328
152795  -24.175  16.507  -50.159 0.4285714328
165500  -27.265  24.835  -52.305 0.1428571492
151641  -24.592  16.016  -49.331 0.4285714328
103412  -19.714  -9.996  -37.930 0.2857142985
166650  -26.114  25.109  -52.489 0.1428571492
126360  -27.721  1.786  -41.512 0.1428571492
117138  -27.370  -2.982  -37.944 0.1428571492
114450  -26.895  -4.514  -36.765 0.1428571492
111902  -26.529  -5.337  -36.322 0.1428571492
114497  -27.162  -3.612  -37.807 0.1428571492
121132  -27.884  -0.584  -39.786 0.1428571492
231759  -27.823  2.904  -45.272 0.1428571492
128924  -27.774  3.183  -45.814 0.1428571492
123718  -27.885  0.577  -40.545 0.1428571492
125039  -27.889  1.384  -41.037 0.1428571492
126383  -27.507  2.281  -42.332 0.1428571492
126332  -28.580  1.975  -40.362 0.1428571492
127589  -28.501  2.850  -40.809 0.1428571492
127570  -29.327  2.886  -39.774 0.1428571492
126291  -29.248  1.791  -39.267 0.1428571492
124993  -28.061  1.096  -40.592 0.1428571492
128769  -29.474  3.425  -39.938 0.1428571492
128804  -28.130  3.303  -41.570 0.1428571492
129978  -28.591  4.278  -41.314 0.1428571492
129950  -29.704  3.965  -40.059 0.1428571492
248242  -28.004  0.370  -40.169 0.1428571492
123670  -28.791  0.832  -39.273 0.1428571492
128770  -30.091  3.597  -39.769 0.1428571492
127557  -30.747  2.803  -39.207 0.1428571492
124978  -29.104  1.302  -39.159 0.1428571492
129964  -30.823  4.463  -40.331 0.1428571492
117119  -27.581  -3.315  -37.372 0.1428571492
119764  -28.109  -1.473  -38.685 0.1428571492
122392  -28.865  -0.013  -38.622 0.1428571492
123647  -29.547  0.829  -38.463 0.1428571492
121056  -28.932  -0.744  -37.916 0.1428571492
126273  -30.038  1.616  -38.675 0.1428571492
124959  -29.833  1.229  -38.508 0.1428571492
126294  -31.387  2.134  -39.060 0.1428571492
119747  -28.706  -1.252  -37.687 0.1428571492
119718  -28.949  -1.473  -37.176 0.1428571492
123615  -29.848  0.536  -38.163 0.1428571492
122363  -29.858  0.068  -37.900 0.1428571492
124962  -31.759  1.123  -38.608 0.1428571492
126314  -31.683  2.360  -39.542 0.1428571492
113155  -26.939  -4.830  -36.271 0.1428571492
114435  -28.002  -4.103  -35.697 0.1428571492
117107  -29.466  -2.670  -36.181 0.1428571492
115744  -28.256  -3.597  -35.962 0.1428571492
121030  -30.102  -0.750  -37.263 0.1428571492
121059  -31.269  -0.553  -37.450 0.1428571492
121031  -30.768  -0.859  -37.142 0.1428571492
119719  -29.611  -1.247  -37.068 0.1428571492
117094  -30.451  -3.076  -35.876 0.1428571492
119693  -29.929  -1.689  -36.639 0.1428571492
122367  -32.036  -0.331  -38.163 0.1428571492
123650  -31.709  0.622  -38.351 0.1428571492
123692  -32.466  1.088  -39.532 0.1428571492
119694  -30.554  -1.740  -36.627 0.1428571492
118391  -30.772  -2.275  -36.456 0.1428571492
95850  -16.805  -14.143  -33.159 0.1428571492
97343  -17.881  -13.320  -33.759 0.1428571492
98647  -15.150  -12.633  -33.758 0.1428571492
98649  -16.545  -12.906  -34.052 0.1428571492
97356  -17.018  -13.123  -34.186 0.1428571492
98681  -17.492  -12.570  -34.964 0.1428571492
99888  -18.078  -12.012  -35.777 0.1428571492
100981  -16.664  -11.373  -35.893 0.1428571492
101003  -17.673  -11.117  -36.628 0.1428571492
100982  -17.730  -11.651  -36.265 0.1428571492
101019  -18.561  -11.100  -37.011 0.1428571492
100980  -16.191  -11.132  -35.679 0.1428571492
102163  -16.159  -10.263  -36.168 0.1428571492
102165  -17.364  -10.471  -36.789 0.1428571492
102186  -17.888  -10.256  -37.162 0.1428571492
104717  -16.095  -8.789  -36.814 0.1428571492
104718  -16.492  -8.661  -37.175 0.1428571492
106049  -18.077  -8.547  -38.564 0.1428571492
106032  -17.682  -8.654  -38.032 0.1428571492
107406  -17.985  -8.040  -38.923 0.2857142985
104766  -18.967  -8.767  -39.175 0.1428571492
106068  -19.487  -8.468  -39.357 0.1428571492
107425  -20.692  -7.952  -39.528 0.1428571492
107423  -18.285  -7.756  -39.198 0.2857142985
109034  -20.700  -7.344  -40.401 0.2857142985
115881  -20.901  -3.705  -41.231 0.4285714328
117228  -22.418  -3.159  -41.665 0.4285714328
117250  -22.057  -2.563  -41.779 0.4285714328
137905  -23.582  8.253  -45.300 0.2857142985
139302  -23.023  9.285  -46.123 0.2857142985
140575  -24.521  9.644  -45.634 0.2857142985
145722  -21.958  12.345  -48.285 0.2857142985
146906  -22.689  13.043  -48.560 0.2857142985
148107  -23.635  14.064  -49.097 0.2857142985
149255  -23.709  14.681  -49.160 0.4285714328
104735  -18.754  -9.329  -38.311 0.1428571492
256314  -17.321  -7.332  -38.863 0.1428571492
109017  -18.662  -7.362  -39.535 0.2857142985
107444  -20.963  -7.583  -39.891 0.1428571492
99865  -16.150  -11.907  -35.033 0.1428571492
102145  -15.981  -10.604  -35.822 0.1428571492
104705  -15.893  -9.206  -36.434 0.1428571492
106030  -16.766  -8.280  -37.593 0.1428571492
107389  -16.943  -7.981  -37.901 0.1428571492
107404  -17.013  -7.469  -38.400 0.1428571492
110586  -17.893  -6.645  -39.706 0.2857142985
107442  -19.824  -7.580  -39.867 0.2857142985
109031  -19.008  -6.973  -39.896 0.2857142985
263946  -19.226  -6.736  -40.128 0.2857142985
109033  -20.141  -7.269  -40.332 0.2857142985
109053  -20.906  -6.836  -40.586 0.2857142985
112025  -21.432  -5.313  -40.872 0.4285714328
113293  -20.996  -4.855  -40.845 0.4285714328
115880  -19.899  -3.633  -41.631 0.2857142985
267854  -23.323  7.412  -44.871 0.2857142985
136603  -22.347  7.864  -45.741 0.2857142985
252191  -23.357  8.627  -45.566 0.2857142985
139300  -22.118  8.721  -46.329 0.2857142985
140597  -23.168  9.819  -46.461 0.2857142985
143079  -23.449  10.753  -46.769 0.2857142985
230521  -22.265  11.293  -47.902 0.2857142985
238873  -21.820  11.125  -48.024 0.2857142985
145724  -23.108  12.631  -48.310 0.2857142985
109051  -19.920  -6.791  -40.585 0.2857142985
136582  -23.221  7.822  -45.191 0.2857142985
262314  -22.441  8.599  -46.044 0.2857142985
135251  -21.815  6.994  -45.762 0.2857142985
139318  -22.158  9.210  -46.736 0.2857142985
140625  -21.611  9.941  -47.668 0.2857142985
140613  -22.767  9.905  -46.851 0.2857142985
141842  -22.524  10.286  -47.180 0.2857142985
141858  -21.771  10.503  -47.835 0.2857142985
144451  -23.573  11.918  -47.606 0.2857142985
139317  -21.754  8.775  -46.695 0.2857142985
139316  -21.249  8.807  -47.121 0.2857142985
140611  -21.901  9.595  -47.236 0.2857142985
114579  -21.313  -4.431  -40.962 0.4285714328
115882  -21.461  -3.621  -41.258 0.4285714328
101004  -18.212  -11.417  -36.690 0.1428571492
263355  -18.775  -10.843  -37.164 0.1428571492
110620  -21.189  -6.247  -40.733 0.4285714328
99868  -17.773  -12.287  -35.345 0.1428571492
240856  -17.248  -12.859  -34.589 0.1428571492
145708  -23.071  12.104  -47.999 0.2857142985
141859  -22.294  10.731  -47.667 0.2857142985
107424  -19.513  -7.924  -39.547 0.1428571492
103409  -17.761  -9.188  -37.693 0.1428571492
103391  -17.303  -9.419  -37.312 0.1428571492
95869  -16.733  -13.770  -33.519 0.1428571492
99855  -16.367  -12.368  -34.798 0.1428571492
100964  -16.388  -11.656  -35.491 0.1428571492
101002  -17.084  -11.066  -36.316 0.1428571492
103373  -16.292  -9.775  -36.501 0.1428571492
103374  -16.879  -9.768  -36.898 0.1428571492
109015  -17.493  -6.918  -39.223 0.2857142985
242202  -20.844  -4.275  -41.044 0.4285714328
144448  -21.938  11.680  -48.102 0.2857142985
112023  -20.468  -5.226  -40.668 0.4285714328
250848  -20.849  9.196  -47.666 0.2857142985
118555  -20.451  -1.991  -42.426 0.2857142985
117249  -21.327  -2.586  -41.830 0.2857142985
119858  -21.536  -0.844  -42.441 0.2857142985
171062  -24.709  27.730  -54.115 0.1428571492
171064  -25.906  27.762  -53.816 0.1428571492
168987  -24.700  26.861  -53.437 0.1428571492
167852  -24.849  25.752  -53.052 0.1428571492
166671  -25.203  25.354  -52.840 0.1428571492
171084  -24.969  28.075  -54.377 0.1428571492
167851  -24.511  26.139  -53.125 0.1428571492
266681  -22.648  25.640  -53.951 0.1428571492
168996  -21.448  26.724  -55.215 0.1428571492
119840  -21.348  -1.428  -42.433 0.2857142985
232265  -21.060  -0.959  -42.646 0.2857142985
167836  -26.345  25.625  -52.722 0.1428571492
247832  -26.173  27.415  -53.617 0.1428571492
166648  -25.033  24.857  -52.670 0.1428571492
168967  -24.956  26.368  -53.150 0.1428571492
168968  -25.516  26.364  -53.169 0.1428571492
165496  -24.774  24.497  -52.546 0.1428571492
166686  -22.891  25.331  -53.701 0.1428571492
166670  -24.639  25.147  -52.933 0.1428571492
259355  -23.538  26.767  -53.915 0.1428571492
170053  -22.180  27.089  -54.883 0.1428571492
168984  -22.975  26.491  -54.135 0.1428571492
167867  -21.382  25.357  -54.802 0.1428571492
167877  -20.592  25.853  -55.168 0.1428571492
167868  -22.357  25.898  -54.368 0.1428571492
166669  -24.006  25.111  -53.087 0.1428571492
167850  -23.595  25.669  -53.386 0.1428571492
117226  -21.063  -3.151  -41.433 0.2857142985
170042  -24.398  27.260  -53.834 0.1428571492
171061  -24.102  27.653  -54.273 0.1428571492
168988  -25.385  26.827  -53.457 0.1428571492
252134  -24.060  26.228  -53.246 0.1428571492
168986  -24.066  26.750  -53.565 0.1428571492
171083  -24.433  28.198  -54.512 0.1428571492
167869  -23.001  25.912  -53.800 0.1428571492
168969  -25.928  26.608  -53.299 0.1428571492
136629  -20.692  7.497  -46.940 0.1428571492
136616  -21.742  7.923  -46.383 0.1428571492
137955  -21.506  8.272  -46.739 0.1428571492
140623  -20.496  9.582  -48.093 0.1428571492
140635  -18.844  10.164  -48.315 0.1428571492
141870  -19.212  10.595  -48.396 0.1428571492
133888  -22.206  6.578  -45.358 0.1428571492
140638  -20.700  10.187  -48.112 0.1428571492
227315  -19.738  11.724  -48.577 0.1428571492
145720  -20.439  12.360  -48.717 0.1428571492
234347  -19.729  12.766  -48.955 0.2857142985
126413  -21.832  2.116  -43.305 0.2857142985
126412  -21.269  1.837  -43.515 0.1428571492
131284  -21.333  5.252  -45.141 0.1428571492
133870  -22.103  5.979  -45.254 0.1428571492
133908  -21.252  6.691  -46.120 0.1428571492
135337  -26.587  6.399  -51.117 0.1428571492
136628  -20.340  7.856  -47.306 0.1428571492
143128  -21.283  11.405  -48.216 0.1428571492
148091  -22.076  13.263  -48.826 0.1428571492
265951  -20.858  12.941  -49.697 0.1428571492
146915  -20.829  13.365  -49.749 0.2857142985
149262  -22.009  14.897  -49.702 0.2857142985
153965  -21.960  17.150  -50.541 0.2857142985
152784  -21.361  16.956  -49.654 0.2857142985
248798  -21.711  18.117  -51.017 0.2857142985
162204  -21.098  22.036  -52.481 0.1428571492
158681  -22.015  20.305  -48.610 0.1428571492
149263  -23.122  14.904  -49.471 0.2857142985
148104  -21.285  13.805  -49.687 0.2857142985
150468  -22.606  15.147  -49.780 0.2857142985
153981  -23.874  17.074  -51.122 0.2857142985
151663  -22.463  16.126  -50.575 0.2857142985
152792  -21.418  16.379  -49.939 0.2857142985
154001  -22.717  17.430  -52.165 0.2857142985
152793  -21.746  16.782  -50.174 0.2857142985
245397  -21.023  16.510  -49.472 0.2857142985
228343  -22.056  17.937  -52.690 0.2857142985
157469  -21.815  19.483  -50.889 0.1428571492
242025  -20.996  17.855  -48.751 0.2857142985
161063  -21.711  21.843  -50.844 0.1428571492
162166  -21.953  22.344  -49.717 0.1428571492
152782  -20.490  16.618  -49.093 0.1428571492
151639  -19.946  16.018  -49.073 0.1428571492
146903  -19.941  13.151  -49.539 0.2857142985
153949  -21.299  17.474  -49.363 0.2857142985
156287  -21.763  18.850  -50.717 0.1428571492
155093  -21.796  18.422  -49.623 0.2857142985
157460  -21.919  19.643  -50.111 0.1428571492
156269  -21.752  18.963  -49.561 0.1428571492
261942  -17.962  12.599  -48.316 0.2857142985
155088  -20.522  18.460  -48.189 0.1428571492
249664  -21.980  19.827  -48.223 0.1428571492
156264  -20.635  19.117  -48.058 0.1428571492
144432  -16.369  12.385  -47.318 0.1428571492
135336  -26.433  6.976  -51.477 0.1428571492
131343  -28.904  4.513  -50.341 0.1428571492
131267  -21.653  4.938  -44.705 0.1428571492
132551  -20.656  5.739  -46.048 0.1428571492
135343  -26.369  6.200  -51.757 0.1428571492
133925  -20.385  6.278  -46.912 0.1428571492
136641  -19.811  7.655  -47.756 0.1428571492
137969  -19.481  8.175  -48.005 0.1428571492
139332  -19.692  8.676  -48.005 0.1428571492
233793  -19.064  9.577  -48.478 0.1428571492
265732  -20.859  10.879  -48.152 0.1428571492
143125  -18.368  11.828  -48.445 0.1428571492
144463  -20.932  11.979  -48.457 0.1428571492
145719  -18.856  12.949  -48.683 0.2857142985
149252  -20.989  14.404  -49.740 0.1428571492
150457  -21.306  14.899  -49.853 0.1428571492
150467  -21.552  15.327  -49.929 0.2857142985
150456  -20.279  15.453  -49.571 0.1428571492
151650  -21.484  15.817  -50.002 0.1428571492
153940  -20.446  17.743  -48.269 0.2857142985
256432  -20.961  18.767  -48.557 0.1428571492
156266  -21.553  19.388  -49.031 0.1428571492
158706  -21.726  20.000  -51.234 0.1428571492
157448  -21.705  19.597  -48.005 0.1428571492
158687  -21.884  20.028  -49.361 0.1428571492
132607  -27.100  5.112  -51.377 0.1428571492
133977  -26.742  5.697  -51.559 0.1428571492
132614  -27.574  5.253  -51.918 0.1428571492
153995  -23.241  17.159  -51.616 0.2857142985
155151  -22.249  17.707  -52.547 0.2857142985
158693  -22.054  20.145  -50.415 0.1428571492
233159  -22.174  20.688  -49.948 0.1428571492
155124  -21.822  17.664  -51.600 0.2857142985
241443  -21.789  18.878  -51.430 0.2857142985
162165  -21.776  22.351  -50.348 0.1428571492
236665  -23.905  16.075  -49.966 0.2857142985
131247  -21.993  4.550  -44.264 0.1428571492
128879  -21.245  3.431  -44.174 0.1428571492
152810  -23.753  16.671  -50.748 0.2857142985
133871  -22.608  6.172  -45.041 0.1428571492
131336  -29.040  4.541  -49.554 0.1428571492
242858  -23.415  15.753  -50.020 0.2857142985
146905  -21.668  12.852  -48.774 0.1428571492
148092  -22.669  13.557  -48.916 0.1428571492
248769  -22.649  14.091  -49.211 0.1428571492
262376  -20.817  6.638  -46.610 0.1428571492
137954  -20.468  8.233  -47.334 0.1428571492
270665  -19.648  9.045  -48.251 0.1428571492
135295  -19.659  7.030  -47.720 0.1428571492
133939  -20.063  6.633  -47.378 0.1428571492
139350  -19.904  9.446  -48.337 0.1428571492
140636  -19.501  9.898  -48.392 0.1428571492
143126  -19.654  11.038  -48.421 0.1428571492
143127  -20.308  11.255  -48.411 0.1428571492
133887  -21.670  6.349  -45.610 0.1428571492
227049  -19.731  12.335  -48.665 0.1428571492
144462  -20.389  11.883  -48.533 0.1428571492
145721  -20.992  12.476  -48.708 0.1428571492
132531  -20.980  5.527  -45.574 0.1428571492
148105  -21.982  13.797  -49.328 0.2857142985
148103  -20.603  13.985  -49.674 0.2857142985
150469  -23.093  15.333  -49.821 0.2857142985
270442  -22.184  14.353  -49.479 0.2857142985
153964  -21.679  17.411  -49.848 0.2857142985
153980  -22.126  17.235  -51.259 0.2857142985
152783  -20.917  17.121  -49.188 0.1428571492
155107  -21.798  17.864  -50.027 0.2857142985
151652  -22.671  15.641  -50.247 0.2857142985
151653  -23.563  16.254  -50.411 0.2857142985
152809  -23.147  16.476  -50.941 0.2857142985
152794  -22.136  16.434  -50.730 0.2857142985
152818  -22.870  16.784  -51.383 0.2857142985
151640  -20.651  16.030  -49.473 0.1428571492
152817  -22.468  16.984  -51.412 0.2857142985
265069  -21.806  19.086  -50.004 0.1428571492
264724  -21.262  18.377  -48.900 0.2857142985
163248  -21.515  22.870  -50.423 0.1428571492
155089  -21.456  18.822  -49.033 0.2857142985
263697  -20.409  14.516  -49.655 0.1428571492
150466  -20.985  15.521  -49.805 0.2857142985
157451  -21.633  19.612  -48.569 0.1428571492
111962  -16.429  -5.908  -39.005 0.1428571492
110598  -18.326  -6.250  -40.000 0.1428571492
111987  -18.231  -5.658  -40.150 0.1428571492
113239  -16.043  -4.942  -39.232 0.1428571492
114543  -16.421  -4.293  -39.822 0.1428571492
114544  -16.849  -4.268  -40.307 0.1428571492
113253  -17.383  -4.982  -40.131 0.1428571492
115861  -17.257  -3.756  -40.960 0.1428571492
113267  -17.613  -4.657  -40.485 0.1428571492
112003  -19.443  -5.625  -40.651 0.1428571492
115876  -17.476  -3.387  -41.284 0.1428571492
246441  -18.671  -4.093  -41.146 0.1428571492
113291  -19.526  -4.524  -40.781 0.1428571492
267821  -18.930  -3.847  -41.509 0.1428571492
114576  -19.191  -4.140  -41.146 0.1428571492
115875  -17.061  -3.344  -40.937 0.1428571492
115896  -17.774  -3.227  -41.639 0.1428571492
115899  -19.507  -3.363  -41.983 0.1428571492
118541  -19.919  -2.308  -42.358 0.1428571492
121216  -20.859  -0.534  -42.924 0.1428571492
256243  -21.247  -0.031  -42.967 0.1428571492
247008  -18.910  13.491  -48.918 0.1428571492
112002  -18.717  -5.568  -40.424 0.1428571492
112004  -20.067  -5.740  -40.668 0.1428571492
264654  -16.139  -6.156  -38.598 0.1428571492
113220  -15.741  -5.201  -38.881 0.1428571492
113252  -16.835  -4.766  -39.922 0.1428571492
152769  -20.407  17.252  -48.731 0.1428571492
123770  -21.725  0.947  -42.918 0.1428571492
117225  -20.497  -3.351  -41.467 0.1428571492
111976  -17.285  -5.890  -39.591 0.1428571492
228868  -16.991  -6.320  -39.146 0.1428571492
110600  -19.414  -6.525  -40.383 0.1428571492
113270  -19.208  -5.060  -40.682 0.1428571492
118542  -20.278  -2.547  -42.105 0.1428571492
111974  -16.231  -5.443  -39.106 0.1428571492
111986  -17.626  -5.498  -39.930 0.1428571492
113240  -16.556  -5.141  -39.467 0.1428571492
115835  -15.557  -3.684  -39.199 0.1428571492
113266  -17.194  -4.590  -40.377 0.1428571492
114556  -17.284  -4.218  -40.735 0.1428571492
114574  -17.643  -3.902  -41.076 0.1428571492
113289  -18.404  -4.418  -40.744 0.1428571492
113269  -18.696  -4.983  -40.544 0.1428571492
115878  -18.497  -3.695  -41.584 0.1428571492
117223  -17.167  -2.917  -41.239 0.1428571492
113290  -18.946  -4.479  -40.739 0.1428571492
115898  -18.636  -3.321  -41.914 0.1428571492
117209  -16.370  -2.828  -40.452 0.1428571492
111939  -15.411  -5.714  -37.881 0.1428571492
95849  -16.254  -14.017  -33.258 0.1428571492
95853  -18.651  -13.651  -32.661 0.1428571492
95868  -16.171  -13.491  -33.518 0.1428571492
97310  -20.427  -13.388  -32.284 0.1428571492
97325  -18.933  -13.233  -32.908 0.2857142985
97341  -16.654  -13.319  -33.832 0.1428571492
97342  -17.252  -13.539  -33.791 0.1428571492
97357  -17.524  -13.159  -34.221 0.1428571492
97358  -17.977  -13.058  -34.203 0.2857142985
98620  -20.678  -12.869  -32.472 0.1428571492
98636  -19.191  -12.786  -33.129 0.2857142985
98639  -20.948  -12.150  -32.929 0.1428571492
98650  -18.431  -12.975  -33.833 0.2857142985
98652  -19.485  -12.332  -33.461 0.2857142985
98665  -16.714  -12.716  -34.453 0.1428571492
98667  -18.262  -12.739  -34.405 0.2857142985
98668  -18.770  -12.558  -34.165 0.4285714328
98680  -16.930  -12.492  -34.917 0.1428571492
99847  -19.529  -12.025  -34.046 0.4285714328
99848  -19.933  -11.902  -33.638 0.4285714328
99854  -15.849  -12.151  -34.585 0.1428571492
99866  -16.635  -12.091  -35.221 0.1428571492
99867  -17.183  -12.222  -35.325 0.1428571492
99886  -16.888  -11.834  -35.639 0.1428571492
99887  -17.450  -11.953  -35.743 0.1428571492
100934  -22.363  -11.308  -32.833 0.1428571492
100945  -20.425  -11.521  -33.797 0.1428571492
100954  -20.021  -11.440  -34.715 0.4285714328
100956  -20.954  -10.850  -34.505 0.4285714328
100966  -20.159  -11.206  -35.125 0.2857142985
100983  -18.446  -11.777  -36.264 0.1428571492
100984  -19.093  -11.531  -36.034 0.2857142985
101005  -18.793  -11.405  -36.621 0.1428571492
101020  -19.105  -10.974  -36.967 0.1428571492
102103  -22.617  -10.804  -33.153 0.1428571492
102125  -21.667  -10.455  -34.332 0.1428571492
102133  -15.793  -10.830  -35.362 0.1428571492
102134  -20.518  -10.859  -35.297 0.4285714328
102144  -15.570  -10.369  -35.607 0.1428571492
102146  -16.409  -10.838  -36.113 0.1428571492
102147  -19.954  -10.954  -36.143 0.2857142985
102164  -16.689  -10.359  -36.460 0.1428571492
102166  -18.013  -10.853  -36.952 0.1428571492
102168  -20.304  -10.572  -36.444 0.2857142985
102187  -18.456  -10.581  -37.259 0.1428571492
102188  -18.988  -10.616  -37.348 0.1428571492
102189  -19.526  -10.589  -37.241 0.2857142985
102201  -19.910  -10.297  -37.546 0.2857142985
103342  -22.563  -9.893  -34.487 0.1428571492
103350  -21.279  -10.124  -35.308 0.4285714328
103351  -21.821  -9.901  -35.131 0.2857142985
103365  -22.180  -9.567  -35.457 0.2857142985
103375  -17.443  -9.910  -37.114 0.1428571492
103377  -21.050  -9.989  -36.417 0.4285714328
103392  -17.865  -9.683  -37.369 0.2857142985
103393  -18.749  -10.191  -37.594 0.2857142985
103394  -20.400  -10.227  -37.377 0.2857142985
103411  -19.058  -9.840  -37.950 0.2857142985
103414  -20.780  -9.933  -37.478 0.2857142985
103425  -19.215  -9.482  -38.401 0.2857142985
103427  -20.049  -9.684  -38.210 0.2857142985
104706  -16.369  -9.229  -36.881 0.1428571492
104719  -21.667  -9.212  -37.265 0.4285714328
104733  -17.142  -8.805  -37.563 0.1428571492
104734  -18.199  -9.041  -38.198 0.1428571492
104752  -18.558  -8.932  -38.766 0.2857142985
104755  -20.336  -9.260  -38.489 0.2857142985
104767  -19.502  -8.957  -39.103 0.1428571492
105992  -23.290  -8.518  -35.783 0.1428571492
106008  -23.650  -8.154  -36.131 0.1428571492
106021  -22.470  -8.493  -37.223 0.4285714328
106031  -17.244  -8.279  -37.942 0.1428571492
106048  -17.621  -8.191  -38.413 0.1428571492
106067  -18.447  -8.377  -39.007 0.2857142985
106069  -19.986  -8.642  -39.202 0.2857142985
106071  -21.472  -8.109  -38.888 0.5714285970
106083  -20.054  -8.068  -39.501 0.1428571492
107341  -24.181  -8.005  -35.957 0.1428571492
107361  -24.515  -7.638  -36.283 0.1428571492
107376  -23.281  -7.844  -37.269 0.1428571492
107390  -17.275  -7.903  -38.262 0.1428571492
107405  -17.490  -7.732  -38.681 0.1428571492
107407  -21.974  -7.938  -38.701 0.5714285970
107408  -22.495  -7.799  -38.545 0.4285714328
107422  -17.733  -7.520  -39.081 0.1428571492
107427  -21.726  -7.676  -39.148 0.7142857313
107429  -22.831  -7.447  -38.878 0.7142857313
107441  -19.257  -7.472  -39.692 0.2857142985
107443  -20.406  -7.661  -39.972 0.1428571492
108933  -25.358  -7.096  -35.777 0.1428571492
108967  -24.169  -7.261  -37.373 0.1428571492
109001  -23.397  -7.295  -38.722 0.4285714328
109002  -23.947  -7.107  -38.532 0.5714285970
109003  -24.402  -6.852  -38.274 0.2857142985
109016  -18.055  -7.180  -39.439 0.2857142985
109018  -21.975  -7.250  -39.394 0.7142857313
109030  -18.459  -6.800  -39.778 0.2857142985
109032  -19.552  -7.045  -40.136 0.2857142985
109035  -21.301  -7.118  -40.181 0.2857142985
109037  -22.798  -6.736  -39.676 0.5714285970
109052  -20.404  -6.973  -40.592 0.2857142985
109054  -21.443  -6.680  -40.491 0.2857142985
110546  -25.420  -6.312  -36.959 0.2857142985
110561  -24.727  -6.581  -37.970 0.1428571492
110574  -24.709  -6.375  -38.484 0.2857142985
110585  -17.501  -6.378  -39.508 0.1428571492
110588  -24.488  -6.090  -39.427 0.4285714328
110597  -17.802  -6.073  -39.841 0.1428571492
110599  -18.898  -6.447  -40.132 0.2857142985
110603  -22.968  -6.256  -40.052 0.5714285970
110605  -24.437  -5.812  -39.889 0.5714285970
110617  -19.112  -5.983  -40.521 0.1428571492
110618  -19.701  -6.211  -40.623 0.2857142985
110619  -20.393  -6.426  -40.717 0.2857142985
110622  -22.514  -6.087  -40.366 0.5714285970
111924  -25.336  -6.015  -37.470 0.2857142985
111940  -15.796  -6.006  -38.256 0.1428571492
111961  -15.980  -5.701  -38.704 0.1428571492
111963  -24.901  -5.939  -38.971 0.2857142985
111964  -25.326  -5.547  -38.727 0.2857142985
111975  -16.748  -5.684  -39.344 0.1428571492
111985  -17.070  -5.332  -39.740 0.1428571492
111988  -18.670  -5.970  -40.283 0.1428571492
111990  -24.094  -5.790  -40.202 0.5714285970
112001  -18.368  -5.199  -40.345 0.1428571492
112005  -21.222  -5.740  -40.830 0.4285714328
112006  -21.679  -5.780  -40.803 0.4285714328
112007  -22.303  -5.706  -40.684 0.5714285970
112022  -19.822  -5.096  -40.658 0.1428571492
112024  -20.971  -5.383  -40.764 0.4285714328
113141  -27.790  -4.669  -35.504 0.1428571492
113170  -26.410  -4.837  -37.269 0.2857142985
113199  -26.567  -4.533  -37.646 0.2857142985
113238  -15.662  -4.717  -38.991 0.1428571492
113241  -25.501  -5.026  -39.029 0.2857142985
113254  -17.932  -5.098  -40.218 0.1428571492
113268  -18.146  -4.776  -40.505 0.1428571492
113272  -23.304  -5.243  -40.793 0.5714285970
113273  -23.864  -5.124  -41.060 0.5714285970
113274  -24.761  -5.007  -40.593 0.5714285970
113275  -25.148  -4.637  -40.594 0.7142857313
113292  -20.248  -4.573  -40.877 0.1428571492
114468  -27.311  -3.821  -37.365 0.1428571492
114495  -26.204  -4.514  -38.132 0.2857142985
114520  -26.153  -4.355  -38.662 0.2857142985
114521  -26.527  -4.092  -38.502 0.2857142985
114535  -25.567  -4.593  -39.615 0.4285714328
114557  -17.844  -4.330  -40.786 0.1428571492
114575  -18.152  -4.008  -41.139 0.1428571492
114577  -19.755  -4.096  -41.241 0.1428571492
114578  -20.342  -3.961  -41.274 0.4285714328
114581  -22.469  -4.240  -41.382 0.7142857313
114583  -24.160  -4.600  -42.043 0.5714285970
115746  -29.539  -3.387  -35.576 0.1428571492
115747  -30.192  -3.463  -35.541 0.1428571492
115764  -28.522  -3.283  -36.307 0.1428571492
115798  -26.863  -3.736  -38.265 0.2857142985
115849  -16.465  -3.920  -40.164 0.1428571492
115860  -16.815  -3.782  -40.619 0.1428571492
115862  -25.747  -3.716  -40.719 0.4285714328
115877  -17.950  -3.588  -41.418 0.1428571492
115879  -19.364  -3.760  -41.600 0.1428571492
115883  -22.109  -3.672  -41.413 0.5714285970
115897  -18.175  -3.297  -41.785 0.1428571492
115900  -20.081  -3.123  -41.919 0.1428571492
115902  -25.058  -3.798  -42.120 0.7142857313
117092  -29.307  -3.059  -35.946 0.1428571492
117109  -30.645  -2.702  -36.190 0.1428571492
117110  -31.171  -2.736  -36.417 0.1428571492
117121  -31.613  -2.731  -36.761 0.1428571492
117137  -27.076  -3.280  -38.222 0.2857142985
117139  -27.855  -2.693  -37.612 0.1428571492
117156  -27.193  -2.854  -38.584 0.1428571492
117182  -27.141  -2.645  -39.208 0.2857142985
117212  -26.536  -2.625  -40.667 0.2857142985
117224  -17.509  -2.904  -41.643 0.1428571492
117227  -21.728  -3.103  -41.533 0.4285714328
117248  -20.672  -2.810  -41.721 0.2857142985
117253  -24.412  -3.296  -42.866 0.8571428657
118388  -29.109  -2.357  -36.547 0.1428571492
118389  -29.660  -2.175  -36.397 0.1428571492
118390  -30.214  -2.130  -36.394 0.1428571492
118416  -28.303  -2.361  -37.255 0.1428571492
118420  -31.635  -2.201  -37.042 0.1428571492
118460  -27.754  -1.985  -38.817 0.1428571492
118543  -21.256  -2.201  -42.138 0.5714285970
118547  -23.927  -2.076  -42.711 0.7142857313
119721  -30.932  -1.369  -36.923 0.1428571492
119722  -31.503  -1.543  -37.158 0.1428571492
119750  -31.949  -1.479  -37.560 0.1428571492
119839  -21.092  -1.913  -42.355 0.5714285970
119857  -20.814  -1.485  -42.614 0.2857142985
119861  -24.709  -2.288  -43.619 0.7142857313
121057  -29.563  -0.538  -37.657 0.1428571492
121058  -30.155  -0.289  -37.562 0.1428571492
121078  -28.322  -0.917  -38.819 0.1428571492
121079  -28.696  -0.560  -38.457 0.1428571492
121103  -28.112  -0.728  -39.293 0.1428571492
121181  -22.379  -1.049  -42.136 0.4285714328
121183  -23.537  -1.069  -42.525 0.4285714328
121197  -20.568  -1.024  -42.856 0.2857142985
121199  -21.658  -0.290  -42.497 0.2857142985
121215  -20.356  -0.637  -43.228 0.1428571492
121217  -24.715  -1.826  -44.320 0.7142857313
121238  -25.435  -0.876  -46.042 0.7142857313
122365  -31.096  0.004  -37.678 0.1428571492
122366  -31.587  -0.147  -37.865 0.1428571492
122437  -27.963  -0.054  -39.983 0.1428571492
122471  -27.090  -0.509  -41.739 0.2857142985
122486  -22.557  -0.376  -42.221 0.4285714328
122502  -22.351  0.217  -42.551 0.7142857313
122503  -23.290  -0.445  -42.548 0.5714285970
122530  -24.864  -1.181  -45.064 0.7142857313
122539  -24.985  -0.694  -45.898 0.7142857313
122540  -25.964  -0.679  -45.874 0.5714285970
122543  -25.086  -0.592  -46.674 0.7142857313
122544  -25.371  -0.770  -46.486 0.7142857313
123616  -30.343  0.523  -37.982 0.1428571492
123618  -31.432  0.348  -38.023 0.1428571492
123648  -30.118  0.906  -38.270 0.1428571492
123651  -32.134  0.574  -38.671 0.1428571492
123671  -29.222  1.036  -38.815 0.1428571492
123672  -32.482  0.646  -39.189 0.1428571492
123690  -28.184  0.801  -40.166 0.1428571492
123691  -28.506  0.952  -39.799 0.1428571492
123693  -32.687  0.628  -39.777 0.1428571492
123742  -27.744  0.828  -41.009 0.1428571492
123769  -21.425  0.513  -43.162 0.1428571492
123771  -22.146  0.812  -42.658 0.4285714328
123772  -23.321  0.770  -43.047 0.7142857313
123773  -23.831  0.277  -43.237 0.7142857313
123792  -23.724  0.887  -43.294 0.5714285970
123812  -24.929  0.629  -44.163 0.7142857313
123823  -25.114  0.340  -44.818 0.7142857313
123824  -25.065  0.664  -45.500 0.8571428657
123834  -24.773  -0.344  -46.820 0.7142857313
123835  -26.252  -0.388  -46.492 0.5714285970
123847  -25.249  0.418  -47.773 0.7142857313
123848  -25.832  0.482  -47.927 0.5714285970
124961  -31.110  1.384  -38.477 0.1428571492
124977  -28.811  1.353  -39.595 0.1428571492
124980  -31.945  1.466  -39.009 0.1428571492
125057  -27.472  1.430  -42.055 0.2857142985
125071  -22.008  1.294  -42.774 0.4285714328
125074  -23.440  1.312  -43.152 0.7142857313
125088  -24.423  1.412  -43.594 0.7142857313
125106  -20.881  1.491  -44.025 0.1428571492
125109  -27.424  1.484  -43.944 0.4285714328
125124  -25.219  1.288  -44.844 0.7142857313
125126  -26.880  0.710  -44.985 0.4285714328
125127  -27.161  1.345  -45.061 0.4285714328
125132  -24.766  0.077  -46.334 0.7142857313
125133  -24.875  1.088  -46.158 0.8571428657
125140  -26.342  0.570  -46.837 0.4285714328
125144  -24.800  0.341  -47.603 0.7142857313
125151  -25.605  0.803  -48.228 0.7142857313
126274  -30.634  1.771  -38.648 0.1428571492
126292  -30.160  2.070  -38.846 0.1428571492
126293  -30.808  2.295  -38.933 0.1428571492
126295  -31.861  1.879  -39.265 0.1428571492
126313  -29.263  2.359  -39.530 0.1428571492
126384  -27.767  2.403  -41.774 0.1428571492
126398  -22.741  1.805  -42.920 0.7142857313
126399  -23.613  1.831  -43.197 0.7142857313
126400  -27.385  2.007  -42.901 0.2857142985
126414  -22.489  2.372  -43.205 0.5714285970
126416  -24.130  1.896  -43.385 0.7142857313
126418  -24.965  1.928  -44.063 0.8571428657
126451  -25.350  1.906  -44.917 0.8571428657
126453  -27.438  1.856  -44.915 0.4285714328
126462  -25.171  1.884  -46.265 0.8571428657
126469  -27.391  2.021  -46.126 0.4285714328
126474  -27.319  2.004  -46.836 0.4285714328
126478  -25.287  1.433  -48.365 0.5714285970
126480  -27.283  1.999  -47.590 0.4285714328
126484  -25.550  1.896  -48.769 0.5714285970
126486  -27.065  1.962  -48.418 0.4285714328
127558  -31.211  2.647  -39.264 0.1428571492
127571  -30.356  3.162  -39.406 0.1428571492
127572  -30.984  3.143  -39.492 0.1428571492
127611  -28.132  2.739  -41.317 0.1428571492
127663  -21.455  2.434  -43.714 0.4285714328
127665  -22.421  3.052  -43.438 0.4285714328
127667  -24.043  2.848  -43.478 0.5714285970
127669  -24.788  2.581  -43.959 0.7142857313
127670  -27.326  2.555  -43.380 0.1428571492
127682  -21.147  2.761  -44.120 0.2857142985
127699  -27.689  2.469  -45.009 0.4285714328
127707  -25.614  2.615  -45.673 0.7142857313
127708  -27.663  2.528  -45.657 0.2857142985
127724  -25.312  2.182  -48.434 0.5714285970
127730  -26.364  2.170  -49.300 0.4285714328
127736  -25.517  2.328  -49.236 0.4285714328
128772  -31.290  3.415  -39.888 0.1428571492
128842  -27.588  3.254  -42.754 0.1428571492
128859  -21.958  3.222  -43.546 0.4285714328
128861  -22.897  3.500  -43.580 0.4285714328
128862  -23.741  3.253  -43.471 0.5714285970
128863  -24.177  3.474  -43.506 0.7142857313
128864  -24.708  3.662  -43.674 0.5714285970
128880  -21.766  3.586  -43.794 0.4285714328
128883  -25.302  3.491  -44.267 0.7142857313
128912  -25.818  3.351  -45.335 0.8571428657
128943  -24.918  3.011  -49.329 0.4285714328
128946  -28.155  3.435  -48.251 0.1428571492
128951  -25.056  3.288  -49.627 0.4285714328
128953  -28.170  3.383  -49.014 0.2857142985
128957  -26.949  3.355  -50.004 0.4285714328
128958  -27.747  3.316  -49.852 0.2857142985
130002  -32.418  4.582  -41.612 0.1428571492
130036  -22.640  3.922  -43.765 0.5714285970
130037  -22.951  4.202  -43.722 0.5714285970
130038  -23.522  3.873  -43.606 0.5714285970
130056  -21.609  4.006  -44.172 0.1428571492
130058  -22.883  4.789  -43.890 0.5714285970
130059  -25.289  4.352  -44.133 0.5714285970
130073  -21.420  4.385  -44.566 0.1428571492
130074  -25.690  4.403  -44.545 0.8571428657
130091  -26.001  4.441  -45.051 0.8571428657
130115  -26.199  4.194  -46.897 0.8571428657
130131  -25.591  3.903  -49.646 0.4285714328
130135  -26.286  3.754  -50.021 0.4285714328
131168  -30.075  4.827  -40.518 0.1428571492
131235  -24.478  4.745  -43.719 0.5714285970
131249  -24.096  5.269  -43.709 0.5714285970
131251  -25.003  4.821  -43.962 0.5714285970
131266  -21.133  4.701  -44.977 0.1428571492
131268  -25.887  4.907  -44.688 0.7142857313
131283  -20.853  4.973  -45.419 0.1428571492
131285  -26.207  4.957  -45.122 0.8571428657
131299  -26.358  4.848  -46.401 1.0000000000
131327  -26.067  4.528  -48.368 0.8571428657
131333  -25.844  4.595  -49.447 0.5714285970
131334  -26.154  5.164  -49.310 0.5714285970
131342  -28.464  4.163  -50.195 0.2857142985
131348  -26.947  4.466  -50.804 0.2857142985
131349  -27.981  4.428  -50.800 0.2857142985
132432  -31.259  5.416  -41.239 0.1428571492
132433  -31.684  5.356  -41.461 0.1428571492
132494  -22.782  5.383  -44.250 0.5714285970
132498  -24.847  5.782  -44.124 0.5714285970
132510  -21.869  5.487  -44.947 0.1428571492
132511  -22.421  5.685  -44.805 0.2857142985
132513  -25.324  5.837  -44.376 0.5714285970
132530  -20.502  5.215  -45.850 0.1428571492
132532  -21.529  5.783  -45.391 0.1428571492
132533  -26.289  5.546  -45.331 1.0000000000
132567  -26.619  5.407  -47.202 0.8571428657
132577  -26.693  5.474  -47.826 0.8571428657
132586  -26.442  5.055  -48.225 0.5714285970
132602  -27.811  4.713  -51.165 0.2857142985
133853  -23.371  5.814  -44.396 0.5714285970
133855  -24.501  6.199  -44.295 0.5714285970
133872  -23.146  6.299  -44.821 0.2857142985
133874  -25.343  6.367  -44.560 0.5714285970
133886  -21.120  6.077  -45.805 0.1428571492
133889  -26.110  6.168  -45.267 1.0000000000
133906  -20.423  5.877  -46.525 0.1428571492
133907  -20.787  6.223  -46.342 0.1428571492
133941  -26.907  6.018  -48.025 0.7142857313
133952  -26.897  6.077  -48.713 0.5714285970
133967  -26.932  6.253  -50.096 0.5714285970
133983  -28.265  5.391  -52.421 0.1428571492
135215  -24.178  6.742  -44.476 0.4285714328
135232  -22.721  6.768  -45.087 0.1428571492
135233  -23.229  6.890  -44.892 0.2857142985
135234  -23.689  7.116  -44.682 0.2857142985
135235  -24.638  7.187  -44.536 0.4285714328
135236  -25.246  6.943  -44.654 0.5714285970
135252  -22.347  7.314  -45.431 0.2857142985
135253  -26.208  6.644  -45.444 1.0000000000
135254  -26.428  6.701  -45.916 1.0000000000
135265  -21.034  7.123  -46.598 0.1428571492
135266  -26.632  6.565  -46.877 0.8571428657
135277  -20.176  7.250  -47.336 0.1428571492
135278  -20.548  6.877  -46.986 0.1428571492
135279  -26.970  7.088  -47.115 1.0000000000
135328  -27.019  7.037  -49.933 0.5714285970
135342  -26.063  6.677  -52.089 0.1428571492
136581  -22.878  7.370  -45.068 0.2857142985
136584  -24.430  7.755  -44.755 0.4285714328
136585  -25.153  7.605  -44.806 0.8571428657
136586  -25.749  7.640  -45.084 1.0000000000
136602  -21.976  7.633  -45.929 0.1428571492
136604  -22.736  7.821  -45.460 0.2857142985
136606  -26.499  7.626  -45.781 1.0000000000
136615  -21.294  7.699  -46.688 0.1428571492
136640  -19.097  7.479  -48.025 0.1428571492
136642  -27.306  7.606  -47.341 0.7142857313
136669  -27.084  7.518  -49.026 0.7142857313
136699  -26.847  7.682  -51.129 0.4285714328
136706  -26.091  7.159  -51.994 0.2857142985
137906  -24.155  8.272  -45.058 0.2857142985
137907  -24.792  8.229  -44.979 0.5714285970
137925  -22.598  8.251  -45.795 0.2857142985
137926  -23.067  8.257  -45.544 0.2857142985
137927  -23.900  8.753  -45.469 0.2857142985
137928  -24.512  8.699  -45.295 0.5714285970
137931  -26.216  8.501  -45.608 1.0000000000
137941  -21.857  8.372  -46.442 0.1428571492
137942  -22.143  8.199  -46.095 0.2857142985
137943  -26.601  8.650  -46.016 1.0000000000
137944  -26.903  8.773  -46.419 0.8571428657
137970  -20.072  8.327  -47.657 0.1428571492
137971  -20.607  8.617  -47.430 0.2857142985
137972  -27.407  8.293  -47.350 0.8571428657
137995  -27.444  8.051  -49.118 0.4285714328
137996  -27.630  8.731  -48.967 0.4285714328
138007  -27.552  8.587  -49.609 0.4285714328
139281  -22.895  8.753  -45.828 0.2857142985
139282  -23.394  9.087  -45.697 0.2857142985
139283  -23.910  9.348  -45.654 0.2857142985
139285  -24.829  9.106  -45.455 0.5714285970
139287  -26.302  9.054  -45.827 1.0000000000
139301  -22.537  9.015  -46.253 0.2857142985
139304  -27.078  9.385  -46.434 0.8571428657
139319  -27.358  9.314  -46.823 0.8571428657
139333  -20.152  9.004  -47.880 0.1428571492
139334  -21.415  9.409  -47.449 0.2857142985
139335  -27.467  8.916  -47.238 0.8571428657
139336  -27.707  9.241  -47.743 0.8571428657
139347  -18.325  9.235  -48.300 0.1428571492
139349  -19.373  9.290  -48.466 0.1428571492
139351  -27.876  9.563  -48.286 0.8571428657
139363  -27.877  9.280  -48.873 0.8571428657
139372  -27.845  9.206  -49.860 0.4285714328
139384  -27.799  9.208  -50.399 0.4285714328
139397  -27.268  8.932  -51.306 0.1428571492
139398  -27.731  9.339  -50.921 0.1428571492
140573  -23.498  9.564  -45.961 0.2857142985
140577  -25.981  9.499  -45.795 0.8571428657
140578  -26.396  9.476  -45.974 0.8571428657
140596  -22.708  9.459  -46.632 0.2857142985
140598  -23.622  9.984  -46.179 0.4285714328
140600  -26.712  9.696  -46.168 0.8571428657
140601  -27.055  9.887  -46.376 0.8571428657
140612  -22.367  9.748  -47.026 0.2857142985
140615  -27.621  10.007  -47.106 0.8571428657
140624  -21.080  9.760  -47.867 0.1428571492
140626  -22.097  10.116  -47.474 0.2857142985
140627  -27.797  9.910  -47.622 0.8571428657
140634  -18.544  9.683  -48.346 0.1428571492
140637  -20.131  9.995  -48.291 0.1428571492
140648  -28.005  9.868  -48.834 0.7142857313
140658  -28.062  9.821  -49.896 0.4285714328
140675  -27.892  9.922  -51.103 0.1428571492
140688  -27.730  10.084  -51.699 0.1428571492
141808  -23.959  10.389  -46.132 0.4285714328
141809  -24.461  10.330  -45.848 0.4285714328
141811  -25.706  10.080  -45.780 0.7142857313
141827  -25.477  10.677  -45.918 0.8571428657
141829  -26.731  10.270  -46.238 0.8571428657
141843  -23.035  10.419  -46.868 0.2857142985
141844  -27.433  10.429  -46.878 0.8571428657
141857  -21.261  10.340  -47.972 0.2857142985
141860  -27.917  10.531  -47.654 0.8571428657
141880  -28.317  10.783  -49.199 0.7142857313
141889  -28.103  10.193  -49.381 0.7142857313
141890  -28.258  10.585  -49.705 0.4285714328
141901  -28.183  10.358  -50.171 0.4285714328
141902  -28.352  10.870  -50.023 0.5714285970
143080  -23.848  10.794  -46.478 0.4285714328
143082  -25.268  11.201  -46.214 0.7142857313
143084  -26.448  10.889  -46.375 1.0000000000
143085  -26.991  10.700  -46.581 0.8571428657
143096  -22.709  10.734  -47.272 0.2857142985
143097  -23.141  10.971  -47.112 0.2857142985
143098  -23.693  11.177  -46.893 0.2857142985
143099  -24.177  11.508  -46.823 0.4285714328
143101  -27.316  11.066  -46.867 1.0000000000
143113  -21.417  10.839  -48.062 0.2857142985
143114  -22.767  11.207  -47.626 0.2857142985
143115  -27.969  11.131  -47.604 0.8571428657
143130  -28.523  11.653  -48.533 0.8571428657
143139  -28.591  11.340  -49.063 0.8571428657
143169  -28.525  11.492  -50.739 0.1428571492
144427  -25.094  11.613  -46.534 0.7142857313
144429  -26.255  11.523  -46.388 1.0000000000
144438  -23.340  11.417  -47.376 0.4285714328
144441  -26.016  12.184  -46.520 0.8571428657
144443  -27.242  11.730  -46.793 0.8571428657
144449  -22.527  11.790  -48.002 0.2857142985
144450  -23.058  11.685  -47.730 0.2857142985
144452  -28.000  11.753  -47.568 0.8571428657
144461  -18.884  12.352  -48.535 0.1428571492
144464  -21.449  12.013  -48.330 0.1428571492
144465  -28.307  11.995  -48.056 0.8571428657
144475  -28.763  11.917  -48.968 0.5714285970
144483  -28.797  12.011  -49.891 0.2857142985
144491  -28.687  11.911  -50.404 0.2857142985
145699  -24.628  12.313  -47.153 0.5714285970
145701  -26.043  12.671  -46.801 1.0000000000
145703  -27.105  12.358  -46.798 0.8571428657
145704  -27.639  12.173  -47.134 0.8571428657
145707  -22.608  12.388  -48.227 0.2857142985
145710  -24.638  12.835  -47.493 0.5714285970
145712  -27.709  12.766  -47.463 0.8571428657
145723  -22.246  12.826  -48.407 0.2857142985
145726  -28.394  12.585  -48.052 0.8571428657
145727  -28.727  12.877  -48.444 0.7142857313
145730  -28.906  12.568  -49.004 0.5714285970
145736  -29.123  12.860  -49.987 0.2857142985
146886  -25.667  13.006  -47.108 0.8571428657
146888  -26.871  12.874  -47.072 0.8571428657
146893  -24.216  13.043  -47.996 0.4285714328
146894  -24.758  13.433  -47.752 0.5714285970
146895  -25.422  13.445  -47.562 0.5714285970
146897  -26.656  13.413  -47.305 1.0000000000
146904  -21.131  12.771  -49.270 0.1428571492
146907  -23.325  13.196  -48.688 0.2857142985
146908  -23.855  13.245  -48.421 0.4285714328
146909  -24.285  13.660  -48.277 0.5714285970
146914  -20.187  13.496  -49.672 0.2857142985
146916  -21.385  13.159  -49.464 0.2857142985
146921  -29.082  13.089  -49.473 0.1428571492
148081  -25.173  13.899  -47.836 1.0000000000
148083  -26.383  13.957  -47.522 0.8571428657
148085  -27.564  13.837  -47.614 0.8571428657
148095  -24.974  14.270  -48.145 0.8571428657
148097  -28.088  13.826  -47.880 0.7142857313
148098  -28.502  13.818  -48.291 0.7142857313
148106  -23.203  14.308  -49.301 0.4285714328
148109  -29.032  14.058  -49.331 0.1428571492
148111  -29.272  14.146  -49.776 0.1428571492
148115  -29.354  14.132  -50.251 0.1428571492
149234  -25.490  14.432  -47.884 0.8571428657
149235  -26.081  14.532  -47.699 0.8571428657
149241  -24.697  14.521  -48.544 0.5714285970
149243  -25.775  15.013  -48.099 0.8571428657
149247  -28.358  14.817  -48.561 0.4285714328
149253  -21.652  14.325  -49.715 0.2857142985
149254  -22.632  14.619  -49.475 0.2857142985
149257  -24.927  14.995  -48.735 0.7142857313
149258  -28.821  14.530  -48.998 0.4285714328
150447  -25.601  15.586  -48.410 1.0000000000
150448  -26.173  15.565  -48.205 1.0000000000
150450  -27.386  15.315  -48.128 0.8571428657
150451  -27.979  15.339  -48.374 0.7142857313
150452  -28.433  15.414  -48.681 0.5714285970
150459  -24.549  15.472  -49.002 0.5714285970
150460  -25.113  15.535  -48.698 0.4285714328
150461  -28.873  15.540  -48.991 0.1428571492
150462  -29.256  15.643  -49.339 0.1428571492
150470  -23.558  15.272  -49.491 0.2857142985
150471  -24.052  15.697  -49.508 0.4285714328
151629  -26.014  16.506  -48.551 0.8571428657
151631  -27.222  15.999  -48.203 0.8571428657
151633  -28.151  15.771  -48.514 0.5714285970
151643  -25.581  16.824  -48.999 0.8571428657
151644  -28.079  16.229  -48.621 0.5714285970
151651  -21.922  16.059  -50.351 0.2857142985
151654  -24.284  16.156  -49.723 0.5714285970
151664  -22.957  16.103  -50.552 0.2857142985
152770  -26.555  16.674  -48.487 0.8571428657
152771  -27.071  16.565  -48.374 0.7142857313
152787  -27.450  16.977  -48.575 0.7142857313
152788  -28.999  16.714  -49.313 0.1428571492
152796  -24.677  16.931  -50.019 0.5714285970
152798  -29.309  16.657  -49.776 0.1428571492
152808  -22.583  16.466  -51.041 0.2857142985
152811  -24.302  16.991  -50.562 0.2857142985
152819  -23.373  16.801  -51.202 0.2857142985
153950  -25.430  17.263  -49.396 0.7142857313
153953  -27.278  17.530  -48.771 0.7142857313
153954  -27.764  17.328  -48.726 0.5714285970
153967  -25.104  17.389  -49.867 0.8571428657
153970  -29.198  17.518  -49.907 0.1428571492
153983  -24.941  17.755  -50.286 0.5714285970
153993  -22.195  17.432  -51.984 0.2857142985
153994  -22.644  17.179  -51.714 0.2857142985
153996  -23.812  17.576  -51.421 0.5714285970
155092  -21.567  18.034  -49.348 0.2857142985
155094  -26.355  17.938  -49.097 0.5714285970
155095  -26.929  18.000  -48.966 0.4285714328
155097  -27.999  18.061  -48.989 0.2857142985
155098  -28.512  17.993  -49.242 0.4285714328
155108  -21.759  17.686  -50.821 0.2857142985
155109  -25.650  18.232  -49.672 0.7142857313
155111  -26.624  18.342  -49.123 0.5714285970
155112  -28.940  18.018  -49.680 0.1428571492
155125  -24.728  18.233  -50.565 0.8571428657
155126  -25.173  18.283  -50.086 0.8571428657
155152  -22.958  17.807  -52.511 0.5714285970
156270  -27.126  18.609  -49.087 0.4285714328
156272  -28.249  18.420  -49.217 0.2857142985
156275  -21.834  18.419  -50.191 0.2857142985
156276  -25.476  18.783  -49.943 0.7142857313
156277  -25.991  18.766  -49.636 0.7142857313
156279  -26.930  19.183  -49.414 0.5714285970
156280  -28.218  18.958  -49.428 0.1428571492
156306  -24.014  18.708  -51.425 0.7142857313
156319  -22.511  18.810  -52.906 0.5714285970
157455  -21.741  19.516  -49.502 0.1428571492
157462  -26.208  20.088  -49.988 0.4285714328
157464  -27.299  19.600  -49.622 0.4285714328
157466  -28.519  19.416  -49.820 0.1428571492
157471  -25.324  19.791  -50.523 0.7142857313
157472  -25.692  20.229  -50.332 0.5714285970
157473  -28.767  19.743  -50.283 0.1428571492
157474  -29.250  19.509  -50.570 0.1428571492
157484  -21.759  19.193  -51.775 0.2857142985
157487  -24.934  19.862  -50.941 0.8571428657
157501  -21.754  18.896  -52.860 0.4285714328
157502  -24.193  19.787  -51.660 0.7142857313
158688  -27.011  20.103  -49.846 0.4285714328
158694  -25.545  20.779  -50.488 0.7142857313
158695  -26.050  20.677  -50.166 0.4285714328
158697  -27.532  20.719  -50.297 0.1428571492
158698  -27.968  20.477  -50.237 0.2857142985
158699  -28.616  20.377  -50.431 0.1428571492
158707  -24.875  20.375  -51.084 0.7142857313
158710  -29.423  20.186  -51.283 0.1428571492
158719  -21.364  19.913  -52.811 0.2857142985
158745  -21.812  19.760  -53.656 0.7142857313
158746  -22.242  19.898  -53.688 0.7142857313
159888  -26.613  21.052  -50.312 0.2857142985
159889  -27.310  21.110  -50.376 0.2857142985
159897  -28.713  20.992  -50.800 0.1428571492
159898  -29.139  20.793  -51.301 0.1428571492
159907  -23.841  20.765  -52.311 0.5714285970
159919  -23.347  20.710  -52.835 0.7142857313
161064  -22.010  21.823  -50.204 0.2857142985
161067  -27.701  21.543  -50.532 0.1428571492
161068  -28.249  21.371  -50.601 0.1428571492
161076  -21.550  21.324  -51.392 0.2857142985
161081  -27.467  22.018  -50.741 0.1428571492
161089  -24.578  21.512  -51.701 0.2857142985
161090  -24.929  22.047  -51.437 0.4285714328
161091  -28.905  21.745  -51.564 0.1428571492
161109  -21.802  21.275  -53.297 0.4285714328
161110  -22.032  21.116  -53.442 0.4285714328
162177  -25.281  22.526  -51.281 0.2857142985
162178  -25.834  22.503  -51.077 0.2857142985
162179  -26.491  22.476  -51.025 0.1428571492
162181  -27.889  22.454  -51.055 0.1428571492
162190  -24.208  22.481  -52.100 0.2857142985
162192  -28.336  22.661  -51.420 0.1428571492
162203  -20.988  21.916  -53.161 0.2857142985
162228  -20.584  22.246  -54.542 0.2857142985
162229  -21.065  22.252  -54.327 0.2857142985
162230  -21.641  22.159  -53.986 0.2857142985
163249  -21.691  22.764  -49.881 0.1428571492
163272  -25.319  23.320  -51.693 0.4285714328
163273  -25.884  23.365  -51.561 0.1428571492
163275  -27.499  23.444  -51.611 0.1428571492
163276  -28.021  23.072  -51.586 0.1428571492
163318  -20.110  22.698  -55.007 0.2857142985
164386  -26.212  23.786  -51.772 0.1428571492
164400  -23.364  23.588  -52.906 0.2857142985
164413  -22.569  23.530  -53.736 0.2857142985
164426  -20.053  22.724  -54.901 0.2857142985
164428  -21.050  23.329  -54.816 0.2857142985
164438  -20.248  23.112  -54.957 0.2857142985
165476  -20.614  24.202  -52.009 0.1428571492
165478  -25.353  24.060  -52.111 0.2857142985
165479  -25.900  24.250  -52.063 0.2857142985
165495  -24.382  24.169  -52.483 0.1428571492
165497  -25.338  24.484  -52.371 0.2857142985
165512  -23.232  24.393  -53.272 0.2857142985
165524  -22.242  24.421  -54.099 0.2857142985
166649  -25.545  25.000  -52.545 0.1428571492
166652  -27.789  25.078  -52.733 0.1428571492
166668  -23.389  24.970  -53.306 0.2857142985
166672  -25.750  25.537  -52.709 0.1428571492
167853  -25.975  26.082  -53.026 0.1428571492
167866  -19.960  25.703  -54.534 0.1428571492
168966  -24.448  26.489  -53.245 0.1428571492
168985  -23.542  26.329  -53.615 0.1428571492
170043  -25.019  27.328  -53.732 0.1428571492
170044  -25.906  26.995  -53.532 0.1428571492
171063  -25.359  27.847  -53.984 0.1428571492
225096  -26.396  0.400  -46.260 0.4285714328
225116  -20.215  23.443  -53.337 0.1428571492
225304  -20.775  11.476  -48.362 0.1428571492
225585  -28.834  4.036  -40.783 0.1428571492
226281  -19.157  11.602  -48.539 0.1428571492
226284  -18.976  11.182  -48.483 0.1428571492
226383  -27.644  19.991  -49.896 0.2857142985
226918  -27.241  8.080  -50.624 0.5714285970
228620  -20.540  12.798  -49.452 0.1428571492
228992  -25.625  12.553  -46.806 0.7142857313
229262  -32.456  -0.608  -38.558 0.1428571492
230381  -21.770  19.788  -48.894 0.1428571492
230797  -24.188  2.342  -43.508 0.7142857313
230836  -20.251  10.627  -48.272 0.1428571492
231083  -26.603  5.929  -46.780 1.0000000000
231412  -27.303  0.927  -42.412 0.2857142985
232113  -23.359  18.969  -52.483 0.5714285970
232418  -29.247  13.757  -50.056 0.1428571492
232983  -26.915  14.989  -47.946 0.8571428657
233317  -24.957  3.221  -44.009 0.8571428657
233399  -26.246  5.234  -49.937 0.5714285970
233730  -28.085  10.365  -50.739 0.2857142985
234003  -20.845  -2.328  -42.091 0.2857142985
234136  -21.417  12.542  -48.623 0.1428571492
234526  -26.536  5.845  -46.295 1.0000000000
235118  -25.187  5.345  -44.146 0.5714285970
235267  -26.981  -4.143  -37.599 0.2857142985
235470  -23.520  12.339  -48.012 0.2857142985
235684  -20.277  25.051  -55.165 0.2857142985
235797  -28.773  11.619  -49.493 0.5714285970
236031  -25.621  27.357  -53.688 0.1428571492
236412  -25.368  28.213  -54.418 0.1428571492
236544  -28.972  13.571  -49.236 0.1428571492
237655  -22.458  20.972  -53.402 0.5714285970
238400  -20.640  14.962  -49.744 0.1428571492
238477  -25.478  3.878  -48.738 0.8571428657
238819  -20.895  8.140  -47.041 0.2857142985
238822  -28.535  16.475  -48.938 0.1428571492
239149  -21.552  7.346  -46.282 0.1428571492
239854  -18.948  -8.012  -39.332 0.1428571492
241364  -26.182  -1.038  -44.326 0.5714285970
241479  -24.408  -5.043  -41.013 0.5714285970
241518  -27.147  5.755  -52.234 0.1428571492
241803  -29.821  3.213  -39.621 0.1428571492
241874  -20.714  -5.785  -40.705 0.4285714328
242207  -22.028  20.608  -49.293 0.1428571492
242326  -28.670  4.044  -49.534 0.2857142985
242408  -26.842  6.660  -48.840 0.7142857313
242690  -25.067  -2.372  -43.570 0.7142857313
243317  -22.303  25.330  -54.219 0.1428571492
243388  -21.252  -8.622  -38.675 0.5714285970
243453  -24.331  10.823  -46.170 0.4285714328
244082  -25.375  25.918  -52.986 0.1428571492
244401  -32.017  -1.089  -37.759 0.1428571492
244711  -24.147  11.135  -46.544 0.7142857313
245656  -24.211  -2.717  -42.910 0.5714285970
247317  -16.704  -3.244  -40.603 0.1428571492
247621  -22.041  15.463  -50.033 0.2857142985
247731  -21.778  18.240  -51.602 0.4285714328
248176  -25.933  8.077  -45.338 1.0000000000
248415  -26.160  22.017  -50.911 0.2857142985
248975  -28.533  14.257  -48.599 0.7142857313
249071  -23.529  22.649  -52.595 0.2857142985
249157  -25.140  22.915  -51.555 0.2857142985
249252  -22.974  23.393  -53.324 0.2857142985
249526  -25.507  2.465  -44.988 0.7142857313
249550  -28.097  12.838  -47.763 0.8571428657
249666  -29.111  15.110  -49.195 0.1428571492
250058  -26.761  7.140  -46.571 1.0000000000
250218  -20.767  -11.170  -34.211 0.4285714328
250276  -29.352  15.179  -49.636 0.1428571492
250430  -23.280  17.575  -51.955 0.2857142985
250503  -22.751  -4.677  -41.275 0.7142857313
250772  -26.011  7.142  -45.217 0.8571428657
251583  -26.319  7.981  -45.578 1.0000000000
251585  -26.569  7.190  -46.067 1.0000000000
251658  -26.595  8.126  -45.876 1.0000000000
251902  -24.183  21.235  -52.113 0.4285714328
251958  -27.132  7.582  -50.161 0.5714285970
252040  -29.697  1.853  -38.921 0.1428571492
252346  -28.646  2.480  -40.484 0.1428571492
252469  -27.995  1.850  -41.046 0.1428571492
252743  -21.260  -4.045  -41.084 0.4285714328
253381  -23.250  13.779  -49.072 0.1428571492
253657  -25.518  3.908  -44.351 0.8571428657
254215  -25.953  -4.184  -39.451 0.2857142985
254314  -19.000  -3.525  -41.841 0.1428571492
254508  -26.447  -0.100  -45.261 0.4285714328
254555  -24.294  25.664  -53.155 0.1428571492
254973  -29.177  17.068  -49.686 0.1428571492
255439  -18.976  8.196  -48.141 0.1428571492
256165  -27.059  7.069  -47.627 0.7142857313
256199  -22.500  -9.171  -35.727 0.1428571492
256686  -23.307  4.575  -43.653 0.5714285970
256843  -27.089  -2.467  -39.691 0.2857142985
256863  -28.734  18.979  -49.725 0.1428571492
256918  -27.458  1.823  -44.398 0.4285714328
257067  -25.041  3.372  -49.050 0.8571428657
257602  -30.347  4.585  -40.320 0.1428571492
258148  -25.924  17.931  -49.342 0.7142857313
258213  -24.471  -1.350  -43.714 0.7142857313
258540  -20.483  13.042  -49.757 0.2857142985
259066  -26.769  2.011  -48.905 0.4285714328
259093  -27.261  25.261  -52.673 0.1428571492
259387  -26.871  -1.737  -40.885 0.2857142985
259661  -19.035  -5.475  -40.585 0.1428571492
262233  -25.327  8.986  -45.448 0.8571428657
262371  -23.691  -4.415  -42.034 0.7142857313
262865  -28.372  3.615  -49.479 0.1428571492
262994  -27.949  22.800  -51.306 0.1428571492
263212  -27.628  -0.419  -40.259 0.2857142985
263213  -21.732  -8.386  -38.471 0.5714285970
263425  -15.785  -10.200  -35.932 0.1428571492
263793  -30.412  -2.404  -36.255 0.1428571492
263840  -28.117  10.746  -50.911 0.1428571492
264057  -17.142  -11.616  -36.010 0.1428571492
264524  -32.073  5.262  -41.745 0.1428571492
264980  -21.629  11.550  -48.151 0.1428571492
265061  -28.898  21.266  -51.281 0.1428571492
265327  -29.598  -0.872  -37.359 0.1428571492
265890  -27.298  8.563  -47.045 0.8571428657
266066  -23.516  6.191  -44.612 0.2857142985
266114  -21.528  -8.782  -38.284 0.5714285970
266566  -26.034  3.578  -47.083 0.8571428657
266675  -23.979  24.259  -52.714 0.2857142985
267133  -23.011  -8.969  -35.500 0.1428571492
267624  -28.119  3.480  -47.726 0.4285714328
267689  -21.112  16.050  -49.753 0.2857142985
267911  -25.026  2.808  -44.210 0.8571428657
268372  -21.020  22.133  -54.069 0.2857142985
268488  -25.005  0.112  -47.527 0.7142857313
268611  -21.330  19.480  -53.434 0.4285714328
268803  -21.697  9.164  -47.031 0.2857142985
269124  -22.284  16.743  -51.090 0.2857142985
269171  -24.690  24.776  -52.725 0.1428571492
269265  -18.601  -12.379  -34.682 0.2857142985
269460  -26.612  20.078  -49.886 0.4285714328
269627  -16.809  -9.192  -37.199 0.1428571492
269929  -22.199  -1.563  -42.075 0.5714285970
270060  -27.867  -3.417  -37.014 0.1428571492
270271  -26.165  19.575  -49.915 0.5714285970
270486  -28.707  13.398  -48.458 0.7142857313
270581  -22.673  12.713  -48.372 0.2857142985
270631  -19.769  10.425  -48.341 0.1428571492
270672  -24.945  1.825  -46.848 0.8571428657
270881  -27.021  23.310  -51.430 0.1428571492
270930  -27.228  14.241  -47.752 0.8571428657
270946  -32.489  -1.092  -38.405 0.1428571492
270953  -20.840  -12.552  -32.680 0.1428571492
271079  -29.514  1.145  -38.630 0.1428571492
271268  -27.570  1.954  -42.005 0.1428571492
