#!ascii label  , from subject corrected_filled vox2ras=TkReg
817
113255  -25.165  -4.874  -40.120 0.0000000000
121180  -22.007  -0.612  -42.199 0.0000000000
145709  -24.055  12.444  -47.677 0.0000000000
137930  -25.658  8.581  -45.337 0.0000000000
237591  -25.763  2.983  -46.961 0.0000000000
122522  -26.689  -0.350  -43.817 0.0000000000
149255  -23.709  14.681  -49.160 0.0000000000
132534  -26.481  5.431  -46.007 0.0000000000
130039  -24.305  4.113  -43.591 0.0000000000
117230  -23.777  -3.465  -42.420 0.0000000000
119875  -24.617  -1.927  -43.821 0.0000000000
246051  -25.899  -2.413  -41.570 0.0000000000
106051  -21.019  -9.093  -38.276 0.0000000000
112026  -22.010  -5.257  -40.916 0.0000000000
158732  -21.469  19.336  -53.618 0.0000000000
237407  -23.725  19.561  -52.131 0.0000000000
156289  -25.029  18.808  -50.357 0.0000000000
152785  -26.252  17.030  -48.736 0.0000000000
148096  -27.664  14.277  -47.981 0.0000000000
141826  -24.876  10.803  -45.943 0.0000000000
141871  -28.137  10.792  -48.141 0.0000000000
253823  -27.315  7.742  -48.512 0.0000000000
261797  -25.981  4.805  -49.846 0.0000000000
127731  -27.297  2.384  -48.759 0.0000000000
125089  -24.815  1.401  -43.896 0.0000000000
123841  -25.430  -0.606  -46.825 0.0000000000
132495  -23.413  5.229  -43.784 0.0000000000
128881  -22.134  4.022  -43.920 0.0000000000
114584  -24.576  -4.547  -41.740 0.0000000000
117254  -25.028  -3.353  -42.662 0.0000000000
263586  -25.507  -3.653  -41.393 0.0000000000
100955  -20.336  -11.359  -34.326 0.0000000000
102135  -20.971  -10.586  -34.951 0.0000000000
103363  -21.140  -10.018  -35.865 0.0000000000
114579  -21.313  -4.431  -40.962 0.0000000000
112023  -20.468  -5.226  -40.668 0.0000000000
157486  -24.463  19.395  -51.220 0.0000000000
148093  -23.760  13.651  -48.793 0.0000000000
242161  -24.930  15.920  -48.947 0.0000000000
149242  -25.207  14.738  -48.340 0.0000000000
150449  -26.779  15.518  -48.092 0.0000000000
146896  -26.041  13.442  -47.404 0.0000000000
140576  -25.294  9.491  -45.643 0.0000000000
143100  -26.837  11.316  -46.549 0.0000000000
140614  -27.363  9.832  -46.704 0.0000000000
137985  -27.747  8.951  -48.361 0.0000000000
137956  -27.142  8.194  -46.773 0.0000000000
130106  -26.157  4.371  -46.133 0.0000000000
131320  -26.463  4.899  -47.726 0.0000000000
128938  -25.685  3.543  -48.196 0.0000000000
127743  -26.249  3.205  -49.947 0.0000000000
127729  -25.289  2.509  -48.944 0.0000000000
122501  -21.803  0.287  -42.714 0.0000000000
263271  -23.181  1.716  -43.053 0.0000000000
232079  -23.293  0.201  -42.852 0.0000000000
121218  -25.545  -1.580  -44.469 0.0000000000
121225  -25.147  -0.869  -45.505 0.0000000000
122537  -26.086  -0.629  -45.150 0.0000000000
246684  -26.705  1.043  -46.210 0.0000000000
125108  -27.156  0.830  -44.271 0.0000000000
224597  -22.082  -8.842  -37.543 0.0000000000
106070  -20.955  -8.274  -39.083 0.0000000000
107391  -22.663  -7.968  -38.044 0.0000000000
109019  -23.150  -7.025  -39.210 0.0000000000
261730  -24.114  7.353  -44.525 0.0000000000
251668  -26.345  7.148  -45.616 0.0000000000
133856  -24.969  6.178  -44.325 0.0000000000
131252  -25.472  4.876  -44.294 0.0000000000
128898  -25.587  3.443  -44.699 0.0000000000
118546  -23.052  -2.149  -42.102 0.0000000000
121200  -23.926  -0.912  -42.879 0.0000000000
118556  -24.399  -2.300  -43.110 0.0000000000
118558  -25.427  -2.376  -42.941 0.0000000000
119863  -26.137  -1.564  -42.878 0.0000000000
104707  -21.771  -9.321  -36.620 0.0000000000
118544  -21.702  -1.951  -42.096 0.0000000000
117228  -22.418  -3.159  -41.665 0.0000000000
114582  -23.137  -4.393  -41.655 0.0000000000
112008  -23.701  -5.543  -40.523 0.0000000000
161118  -21.491  21.869  -53.726 0.0000000000
155141  -21.923  17.750  -52.322 0.0000000000
157515  -22.368  19.426  -53.379 0.0000000000
159908  -24.337  20.843  -51.865 0.0000000000
251948  -25.152  20.765  -50.826 0.0000000000
236083  -25.770  19.698  -50.174 0.0000000000
151655  -24.644  16.486  -49.647 0.0000000000
153968  -25.562  17.686  -49.567 0.0000000000
156278  -26.535  18.755  -49.350 0.0000000000
253199  -27.764  17.720  -48.812 0.0000000000
151645  -28.512  15.923  -48.810 0.0000000000
148108  -28.790  13.827  -48.818 0.0000000000
144426  -24.656  11.807  -46.807 0.0000000000
145702  -26.536  12.529  -46.731 0.0000000000
145713  -28.052  12.344  -47.638 0.0000000000
259181  -28.889  12.116  -49.376 0.0000000000
256606  -28.157  10.234  -49.799 0.0000000000
135332  -26.893  6.746  -50.466 0.0000000000
133926  -26.774  6.592  -47.541 0.0000000000
133962  -26.952  6.145  -49.393 0.0000000000
127666  -22.980  2.885  -43.332 0.0000000000
127668  -24.430  2.574  -43.652 0.0000000000
126452  -25.394  1.917  -45.537 0.0000000000
123794  -24.665  -0.019  -43.935 0.0000000000
123829  -24.863  -0.310  -45.782 0.0000000000
125145  -24.855  1.183  -47.362 0.0000000000
125152  -26.247  0.858  -48.158 0.0000000000
127721  -27.637  2.582  -46.932 0.0000000000
110601  -21.835  -6.768  -40.169 0.0000000000
226325  -23.509  -6.525  -39.606 0.0000000000
111977  -24.838  -5.680  -39.546 0.0000000000
114559  -24.822  -4.680  -41.164 0.0000000000
114585  -25.026  -4.206  -41.597 0.0000000000
114560  -25.376  -4.187  -40.868 0.0000000000
114561  -25.738  -4.008  -40.393 0.0000000000
114545  -25.520  -4.414  -40.258 0.0000000000
100946  -21.009  -11.312  -33.693 0.0000000000
100967  -20.545  -11.082  -34.744 0.0000000000
100957  -21.287  -10.888  -34.094 0.0000000000
145725  -23.695  12.777  -48.233 0.0000000000
148094  -24.570  14.105  -48.348 0.0000000000
266293  -24.731  13.889  -48.037 0.0000000000
148082  -25.758  13.926  -47.663 0.0000000000
145711  -25.107  13.087  -47.385 0.0000000000
137929  -25.089  8.647  -45.238 0.0000000000
139284  -24.320  9.114  -45.496 0.0000000000
139286  -25.822  9.028  -45.586 0.0000000000
140599  -26.289  9.936  -45.961 0.0000000000
139303  -26.671  9.175  -46.142 0.0000000000
229627  -27.186  8.875  -46.780 0.0000000000
252788  -26.826  8.290  -46.259 0.0000000000
128923  -25.992  3.753  -46.468 0.0000000000
265964  -26.094  3.727  -47.517 0.0000000000
128930  -25.783  3.213  -47.662 0.0000000000
128937  -25.235  2.884  -48.618 0.0000000000
127720  -25.367  2.499  -47.825 0.0000000000
122485  -22.063  -0.122  -42.312 0.0000000000
254465  -22.754  0.667  -42.740 0.0000000000
247844  -22.850  0.066  -42.567 0.0000000000
121219  -26.404  -1.058  -43.771 0.0000000000
121226  -25.590  -1.226  -44.989 0.0000000000
122531  -26.446  -0.505  -44.483 0.0000000000
123825  -26.693  0.130  -44.657 0.0000000000
123813  -26.964  0.251  -44.007 0.0000000000
123796  -27.335  0.873  -43.636 0.0000000000
123795  -27.102  0.321  -43.364 0.0000000000
106034  -22.355  -8.360  -37.762 0.0000000000
133873  -23.616  6.530  -44.683 0.0000000000
135216  -24.802  6.619  -44.428 0.0000000000
133854  -23.918  6.114  -44.384 0.0000000000
131234  -23.860  4.659  -43.610 0.0000000000
131250  -24.669  5.306  -43.876 0.0000000000
130040  -24.857  4.251  -43.787 0.0000000000
245929  -25.799  3.924  -44.914 0.0000000000
128882  -25.147  3.822  -43.963 0.0000000000
117252  -23.341  -2.764  -42.158 0.0000000000
241734  -23.629  -2.350  -42.445 0.0000000000
258635  -23.858  -2.934  -42.608 0.0000000000
117255  -25.515  -2.872  -42.146 0.0000000000
118549  -25.224  -2.817  -42.826 0.0000000000
117256  -25.717  -2.361  -42.242 0.0000000000
269373  -25.619  -2.115  -43.142 0.0000000000
229840  -25.969  -1.949  -42.467 0.0000000000
119843  -26.476  -1.496  -42.021 0.0000000000
118528  -26.215  -1.960  -41.765 0.0000000000
234286  -19.101  -12.159  -34.396 0.0000000000
268334  -19.179  -12.353  -33.951 0.0000000000
103378  -21.452  -9.703  -36.251 0.0000000000
104708  -22.286  -9.030  -36.319 0.0000000000
117250  -22.057  -2.563  -41.779 0.0000000000
113294  -21.635  -4.794  -40.954 0.0000000000
114580  -21.785  -4.215  -41.145 0.0000000000
232092  -22.227  -4.724  -41.106 0.0000000000
113295  -23.242  -4.882  -41.215 0.0000000000
113271  -22.702  -5.136  -40.891 0.0000000000
158731  -21.557  19.950  -53.377 0.0000000000
159925  -21.675  20.666  -53.285 0.0000000000
158744  -21.874  20.389  -53.467 0.0000000000
251712  -22.004  21.841  -53.683 0.0000000000
159926  -22.114  20.362  -53.618 0.0000000000
156320  -22.931  18.352  -52.644 0.0000000000
245188  -22.369  18.065  -52.747 0.0000000000
158720  -23.263  19.577  -52.806 0.0000000000
158733  -22.994  20.042  -53.295 0.0000000000
158734  -23.496  20.264  -52.658 0.0000000000
245155  -23.742  21.297  -52.450 0.0000000000
158721  -23.888  20.185  -52.090 0.0000000000
156288  -24.572  18.795  -50.866 0.0000000000
236171  -24.598  19.966  -51.275 0.0000000000
157470  -24.925  19.345  -50.655 0.0000000000
158708  -25.242  20.303  -50.685 0.0000000000
237701  -25.366  19.285  -50.242 0.0000000000
150458  -23.999  15.231  -49.129 0.0000000000
151628  -25.410  16.151  -48.669 0.0000000000
151642  -25.023  16.396  -49.154 0.0000000000
153951  -25.940  17.465  -49.122 0.0000000000
155110  -26.161  18.343  -49.324 0.0000000000
153952  -26.608  17.509  -48.873 0.0000000000
155096  -27.486  18.097  -48.910 0.0000000000
152786  -26.875  17.064  -48.611 0.0000000000
149245  -27.265  14.678  -47.977 0.0000000000
151632  -27.754  15.887  -48.278 0.0000000000
149246  -27.789  14.784  -48.222 0.0000000000
252591  -28.726  15.077  -48.880 0.0000000000
244447  -28.154  14.295  -48.277 0.0000000000
140574  -23.985  9.878  -45.871 0.0000000000
141825  -23.519  10.366  -46.481 0.0000000000
143081  -24.656  11.288  -46.414 0.0000000000
144440  -25.241  12.125  -46.726 0.0000000000
144428  -25.628  11.621  -46.429 0.0000000000
143102  -27.706  10.822  -47.213 0.0000000000
144444  -27.689  11.451  -47.140 0.0000000000
143129  -28.225  11.398  -48.085 0.0000000000
144466  -28.670  12.254  -48.478 0.0000000000
143138  -28.338  11.066  -48.626 0.0000000000
143148  -28.501  11.090  -49.602 0.0000000000
141879  -28.148  10.474  -48.746 0.0000000000
137984  -27.559  8.337  -48.449 0.0000000000
237970  -27.759  9.079  -49.341 0.0000000000
138006  -27.373  7.998  -49.704 0.0000000000
138019  -27.427  8.188  -50.066 0.0000000000
136683  -27.097  7.552  -49.536 0.0000000000
133890  -26.402  6.098  -45.783 0.0000000000
256558  -26.567  6.784  -46.347 0.0000000000
133909  -26.525  6.333  -46.330 0.0000000000
131328  -26.103  4.882  -48.804 0.0000000000
132587  -26.622  5.488  -48.575 0.0000000000
132592  -26.704  5.696  -49.304 0.0000000000
251959  -26.708  5.719  -50.015 0.0000000000
132596  -26.463  5.068  -50.599 0.0000000000
127738  -26.858  2.553  -49.531 0.0000000000
128939  -27.907  3.015  -48.081 0.0000000000
127664  -21.946  2.712  -43.469 0.0000000000
125087  -23.920  1.353  -43.360 0.0000000000
248182  -23.770  2.342  -43.341 0.0000000000
126417  -24.594  2.022  -43.667 0.0000000000
127698  -25.162  2.383  -44.415 0.0000000000
126434  -25.190  1.798  -44.443 0.0000000000
121201  -24.296  -1.225  -43.287 0.0000000000
122505  -24.206  -0.563  -43.264 0.0000000000
122520  -24.471  -0.872  -43.856 0.0000000000
121237  -24.802  -0.792  -46.060 0.0000000000
122535  -24.965  -0.731  -45.372 0.0000000000
253896  -24.867  -0.568  -46.353 0.0000000000
125138  -24.637  0.375  -47.035 0.0000000000
123840  -24.979  -0.168  -47.155 0.0000000000
125150  -25.031  0.943  -47.954 0.0000000000
123842  -25.555  0.075  -47.406 0.0000000000
126463  -27.145  1.542  -45.893 0.0000000000
126468  -26.891  1.345  -46.692 0.0000000000
127715  -27.605  2.563  -46.287 0.0000000000
109020  -23.776  -6.903  -39.053 0.0000000000
110587  -24.131  -6.493  -39.301 0.0000000000
110604  -24.053  -6.142  -39.771 0.0000000000
226338  -24.506  -6.344  -39.008 0.0000000000
132496  -23.832  5.632  -44.030 0.0000000000
130057  -22.496  4.392  -43.937 0.0000000000
265915  -23.007  3.861  -43.692 0.0000000000
115885  -24.006  -4.149  -42.340 0.0000000000
115901  -24.510  -3.801  -42.581 0.0000000000
115886  -24.581  -4.218  -42.122 0.0000000000
115903  -25.383  -3.340  -41.984 0.0000000000
117231  -25.722  -2.961  -41.453 0.0000000000
117232  -26.148  -2.650  -41.101 0.0000000000
117211  -25.954  -3.116  -40.770 0.0000000000
115850  -26.032  -3.561  -40.190 0.0000000000
99856  -19.964  -11.680  -34.197 0.0000000000
102169  -20.762  -10.335  -36.163 0.0000000000
224867  -20.845  -10.429  -35.558 0.0000000000
102136  -21.493  -10.282  -34.812 0.0000000000
115881  -20.901  -3.705  -41.231 0.0000000000
242202  -20.844  -4.275  -41.044 0.0000000000
113293  -20.996  -4.855  -40.845 0.0000000000
112025  -21.432  -5.313  -40.872 0.0000000000
157514  -21.406  19.283  -53.358 0.0000000000
156305  -23.507  18.463  -52.203 0.0000000000
157485  -23.881  19.172  -51.811 0.0000000000
155142  -23.667  18.020  -51.821 0.0000000000
155143  -24.179  18.174  -51.099 0.0000000000
153982  -24.393  17.565  -50.784 0.0000000000
149256  -24.336  14.844  -48.876 0.0000000000
239170  -24.162  14.178  -48.787 0.0000000000
249423  -25.333  15.132  -48.510 0.0000000000
251854  -25.901  16.036  -48.421 0.0000000000
151630  -26.531  16.140  -48.305 0.0000000000
149244  -26.411  15.045  -47.874 0.0000000000
149236  -26.736  14.493  -47.712 0.0000000000
148084  -26.995  13.900  -47.492 0.0000000000
141810  -25.056  10.219  -45.706 0.0000000000
143083  -25.861  11.081  -46.214 0.0000000000
141828  -26.093  10.501  -46.060 0.0000000000
141830  -27.171  10.228  -46.489 0.0000000000
141845  -27.725  10.337  -47.276 0.0000000000
140639  -27.982  10.187  -48.220 0.0000000000
139320  -27.615  9.532  -47.155 0.0000000000
137973  -27.590  8.611  -47.833 0.0000000000
238345  -27.441  7.980  -47.901 0.0000000000
131286  -26.343  4.931  -45.739 0.0000000000
132552  -26.555  5.369  -46.610 0.0000000000
131311  -26.408  4.812  -47.075 0.0000000000
130121  -26.186  4.183  -47.790 0.0000000000
130127  -25.665  4.258  -49.031 0.0000000000
131340  -26.027  4.276  -50.031 0.0000000000
128944  -25.010  3.542  -49.324 0.0000000000
127737  -25.655  2.628  -49.679 0.0000000000
126485  -26.215  1.789  -48.878 0.0000000000
126397  -22.191  1.753  -42.905 0.0000000000
125072  -22.445  1.283  -42.779 0.0000000000
125073  -22.971  1.272  -42.915 0.0000000000
123793  -24.215  0.701  -43.562 0.0000000000
119877  -24.865  -1.929  -44.274 0.0000000000
245053  -24.887  -1.436  -44.791 0.0000000000
122536  -25.612  -0.959  -45.568 0.0000000000
122545  -25.628  -0.805  -46.413 0.0000000000
245282  -25.978  0.012  -46.846 0.0000000000
123830  -26.459  0.092  -45.738 0.0000000000
125134  -26.850  1.022  -45.603 0.0000000000
125135  -27.254  1.591  -45.371 0.0000000000
262828  -27.514  2.216  -44.550 0.0000000000
240519  -27.286  1.364  -44.572 0.0000000000
106033  -21.580  -9.014  -37.845 0.0000000000
106050  -20.581  -8.754  -38.841 0.0000000000
241027  -21.924  -8.609  -38.024 0.0000000000
106052  -22.192  -8.173  -38.249 0.0000000000
107428  -22.267  -7.566  -39.001 0.0000000000
236600  -22.532  -7.146  -39.301 0.0000000000
107409  -23.029  -7.649  -38.387 0.0000000000
108985  -23.567  -7.481  -38.210 0.0000000000
136583  -23.768  7.738  -44.859 0.0000000000
137908  -25.420  8.154  -45.076 0.0000000000
136605  -26.169  7.598  -45.419 0.0000000000
237141  -25.628  7.198  -44.902 0.0000000000
135237  -25.786  6.625  -44.967 0.0000000000
132514  -25.814  5.906  -44.812 0.0000000000
132497  -24.320  5.722  -44.039 0.0000000000
132499  -25.684  5.378  -44.474 0.0000000000
236080  -26.060  5.337  -44.823 0.0000000000
267241  -26.154  4.530  -45.545 0.0000000000
130105  -25.984  3.957  -45.673 0.0000000000
226743  -25.863  3.180  -46.101 0.0000000000
119841  -22.725  -1.570  -42.134 0.0000000000
121182  -22.996  -0.987  -42.238 0.0000000000
119842  -23.394  -1.666  -42.438 0.0000000000
119859  -23.936  -1.553  -42.770 0.0000000000
119860  -24.320  -1.657  -43.150 0.0000000000
118548  -24.781  -3.001  -43.099 0.0000000000
118557  -24.971  -2.594  -43.280 0.0000000000
119876  -24.781  -2.146  -44.026 0.0000000000
119862  -25.264  -2.138  -43.730 0.0000000000
121202  -25.824  -1.555  -43.686 0.0000000000
121203  -26.671  -1.002  -43.034 0.0000000000
122506  -26.852  -0.291  -43.158 0.0000000000
121184  -26.781  -0.979  -42.262 0.0000000000
117233  -26.517  -2.173  -41.127 0.0000000000
98651  -18.973  -12.678  -33.651 0.0000000000
104736  -20.629  -9.624  -38.025 0.0000000000
103376  -20.723  -10.241  -36.877 0.0000000000
103395  -21.242  -9.703  -36.948 0.0000000000
104737  -21.169  -9.441  -37.656 0.0000000000
106020  -22.158  -8.940  -36.953 0.0000000000
106006  -22.576  -8.568  -36.605 0.0000000000
251168  -21.866  -1.236  -42.213 0.0000000000
118545  -22.407  -2.049  -41.945 0.0000000000
117251  -22.761  -2.625  -41.814 0.0000000000
117229  -23.076  -3.247  -41.914 0.0000000000
115882  -21.461  -3.621  -41.258 0.0000000000
115884  -22.766  -3.780  -41.699 0.0000000000
253335  -23.389  -3.938  -42.083 0.0000000000
113296  -23.748  -4.735  -41.636 0.0000000000
114558  -24.272  -4.838  -41.508 0.0000000000
112009  -24.285  -5.392  -40.556 0.0000000000
159916  -21.546  21.347  -53.032 0.0000000000
156304  -21.952  18.441  -52.281 0.0000000000
156328  -21.642  18.977  -53.456 0.0000000000
156318  -22.114  18.556  -52.785 0.0000000000
157526  -21.713  19.411  -53.724 0.0000000000
159918  -22.725  20.522  -53.403 0.0000000000
161100  -23.119  21.311  -52.968 0.0000000000
158722  -24.476  20.361  -51.541 0.0000000000
159895  -24.804  20.980  -51.251 0.0000000000
161078  -24.994  21.582  -51.205 0.0000000000
159896  -25.356  21.297  -50.802 0.0000000000
159887  -25.947  21.194  -50.508 0.0000000000
158696  -26.564  20.459  -49.992 0.0000000000
152795  -24.175  16.507  -50.159 0.0000000000
153966  -24.694  17.325  -50.314 0.0000000000
151641  -24.592  16.016  -49.331 0.0000000000
152797  -25.087  16.877  -49.525 0.0000000000
241870  -25.311  17.847  -49.925 0.0000000000
157461  -25.844  19.219  -49.938 0.0000000000
157463  -26.370  19.190  -49.707 0.0000000000
256827  -26.663  19.687  -49.757 0.0000000000
157456  -27.551  19.094  -49.322 0.0000000000
153955  -28.239  17.497  -48.953 0.0000000000
152772  -27.619  16.437  -48.380 0.0000000000
246006  -28.025  16.854  -48.755 0.0000000000
144439  -23.781  11.599  -47.173 0.0000000000
145698  -24.145  11.935  -47.201 0.0000000000
145700  -25.133  12.676  -47.076 0.0000000000
146887  -26.311  13.012  -47.024 0.0000000000
146898  -27.284  13.270  -47.378 0.0000000000
144442  -26.704  11.972  -46.532 0.0000000000
264506  -27.316  12.687  -47.174 0.0000000000
146899  -27.888  13.332  -47.642 0.0000000000
146910  -28.408  13.258  -48.013 0.0000000000
146911  -28.916  13.215  -48.873 0.0000000000
230575  -27.990  9.558  -49.377 0.0000000000
231511  -27.953  9.498  -50.155 0.0000000000
138031  -27.056  8.290  -51.192 0.0000000000
231135  -26.877  7.259  -50.799 0.0000000000
136617  -26.804  7.727  -46.283 0.0000000000
136618  -27.062  7.533  -46.802 0.0000000000
136654  -27.232  7.375  -48.001 0.0000000000
133940  -26.724  6.002  -47.369 0.0000000000
135296  -26.852  6.738  -48.208 0.0000000000
135306  -26.937  7.181  -48.650 0.0000000000
135319  -26.942  6.931  -49.350 0.0000000000
130136  -26.864  3.814  -50.424 0.0000000000
128860  -22.292  3.576  -43.637 0.0000000000
257674  -23.336  3.272  -43.475 0.0000000000
126415  -23.192  2.268  -43.151 0.0000000000
245238  -23.510  2.820  -43.333 0.0000000000
245812  -24.527  3.067  -43.674 0.0000000000
127684  -25.285  2.985  -44.500 0.0000000000
228622  -25.640  2.972  -45.011 0.0000000000
127714  -25.404  2.471  -46.507 0.0000000000
122504  -23.753  -0.249  -42.920 0.0000000000
248588  -24.354  -0.047  -43.543 0.0000000000
262964  -24.629  0.882  -43.846 0.0000000000
122521  -24.672  -1.317  -44.652 0.0000000000
250370  -24.795  -0.528  -44.659 0.0000000000
125107  -25.069  1.286  -44.298 0.0000000000
125125  -25.251  1.418  -45.359 0.0000000000
125139  -24.786  1.263  -46.783 0.0000000000
126467  -25.130  2.120  -47.251 0.0000000000
126472  -25.007  1.730  -47.909 0.0000000000
125156  -25.903  1.281  -48.521 0.0000000000
126479  -26.677  1.447  -48.291 0.0000000000
125146  -26.333  0.672  -47.576 0.0000000000
126473  -26.857  1.358  -47.542 0.0000000000
127725  -27.673  2.630  -47.696 0.0000000000
110620  -21.189  -6.247  -40.733 0.0000000000
110621  -21.914  -6.277  -40.518 0.0000000000
109036  -22.206  -6.900  -39.735 0.0000000000
110602  -22.381  -6.516  -40.105 0.0000000000
110623  -23.015  -5.699  -40.475 0.0000000000
111989  -23.564  -5.995  -40.100 0.0000000000
270068  -24.380  -5.610  -40.199 0.0000000000
111991  -24.724  -5.376  -40.085 0.0000000000
98668  -18.770  -12.558  -34.165 0.0000000000
99847  -19.529  -12.025  -34.046 0.0000000000
99848  -19.933  -11.902  -33.638 0.0000000000
100954  -20.021  -11.440  -34.715 0.0000000000
100956  -20.954  -10.850  -34.505 0.0000000000
102134  -20.518  -10.859  -35.297 0.0000000000
103350  -21.279  -10.124  -35.308 0.0000000000
103377  -21.050  -9.989  -36.417 0.0000000000
104719  -21.667  -9.212  -37.265 0.0000000000
106021  -22.470  -8.493  -37.223 0.0000000000
106071  -21.472  -8.109  -38.888 0.0000000000
107407  -21.974  -7.938  -38.701 0.0000000000
107408  -22.495  -7.799  -38.545 0.0000000000
107427  -21.726  -7.676  -39.148 0.0000000000
107429  -22.831  -7.447  -38.878 0.0000000000
109001  -23.397  -7.295  -38.722 0.0000000000
109002  -23.947  -7.107  -38.532 0.0000000000
109018  -21.975  -7.250  -39.394 0.0000000000
109037  -22.798  -6.736  -39.676 0.0000000000
110588  -24.488  -6.090  -39.427 0.0000000000
110603  -22.968  -6.256  -40.052 0.0000000000
110605  -24.437  -5.812  -39.889 0.0000000000
110622  -22.514  -6.087  -40.366 0.0000000000
111990  -24.094  -5.790  -40.202 0.0000000000
112005  -21.222  -5.740  -40.830 0.0000000000
112006  -21.679  -5.780  -40.803 0.0000000000
112007  -22.303  -5.706  -40.684 0.0000000000
112024  -20.971  -5.383  -40.764 0.0000000000
113272  -23.304  -5.243  -40.793 0.0000000000
113273  -23.864  -5.124  -41.060 0.0000000000
113274  -24.761  -5.007  -40.593 0.0000000000
113275  -25.148  -4.637  -40.594 0.0000000000
114535  -25.567  -4.593  -39.615 0.0000000000
114578  -20.342  -3.961  -41.274 0.0000000000
114581  -22.469  -4.240  -41.382 0.0000000000
114583  -24.160  -4.600  -42.043 0.0000000000
115862  -25.747  -3.716  -40.719 0.0000000000
115883  -22.109  -3.672  -41.413 0.0000000000
115902  -25.058  -3.798  -42.120 0.0000000000
117227  -21.728  -3.103  -41.533 0.0000000000
117253  -24.412  -3.296  -42.866 0.0000000000
118543  -21.256  -2.201  -42.138 0.0000000000
118547  -23.927  -2.076  -42.711 0.0000000000
119839  -21.092  -1.913  -42.355 0.0000000000
119861  -24.709  -2.288  -43.619 0.0000000000
121181  -22.379  -1.049  -42.136 0.0000000000
121183  -23.537  -1.069  -42.525 0.0000000000
121217  -24.715  -1.826  -44.320 0.0000000000
121238  -25.435  -0.876  -46.042 0.0000000000
122486  -22.557  -0.376  -42.221 0.0000000000
122502  -22.351  0.217  -42.551 0.0000000000
122503  -23.290  -0.445  -42.548 0.0000000000
122530  -24.864  -1.181  -45.064 0.0000000000
122539  -24.985  -0.694  -45.898 0.0000000000
122540  -25.964  -0.679  -45.874 0.0000000000
122543  -25.086  -0.592  -46.674 0.0000000000
122544  -25.371  -0.770  -46.486 0.0000000000
123771  -22.146  0.812  -42.658 0.0000000000
123772  -23.321  0.770  -43.047 0.0000000000
123773  -23.831  0.277  -43.237 0.0000000000
123792  -23.724  0.887  -43.294 0.0000000000
123812  -24.929  0.629  -44.163 0.0000000000
123823  -25.114  0.340  -44.818 0.0000000000
123824  -25.065  0.664  -45.500 0.0000000000
123834  -24.773  -0.344  -46.820 0.0000000000
123835  -26.252  -0.388  -46.492 0.0000000000
123847  -25.249  0.418  -47.773 0.0000000000
123848  -25.832  0.482  -47.927 0.0000000000
125071  -22.008  1.294  -42.774 0.0000000000
125074  -23.440  1.312  -43.152 0.0000000000
125088  -24.423  1.412  -43.594 0.0000000000
125109  -27.424  1.484  -43.944 0.0000000000
125124  -25.219  1.288  -44.844 0.0000000000
125126  -26.880  0.710  -44.985 0.0000000000
125127  -27.161  1.345  -45.061 0.0000000000
125132  -24.766  0.077  -46.334 0.0000000000
125133  -24.875  1.088  -46.158 0.0000000000
125140  -26.342  0.570  -46.837 0.0000000000
125144  -24.800  0.341  -47.603 0.0000000000
125151  -25.605  0.803  -48.228 0.0000000000
126398  -22.741  1.805  -42.920 0.0000000000
126399  -23.613  1.831  -43.197 0.0000000000
126414  -22.489  2.372  -43.205 0.0000000000
126416  -24.130  1.896  -43.385 0.0000000000
126418  -24.965  1.928  -44.063 0.0000000000
126451  -25.350  1.906  -44.917 0.0000000000
126453  -27.438  1.856  -44.915 0.0000000000
126462  -25.171  1.884  -46.265 0.0000000000
126469  -27.391  2.021  -46.126 0.0000000000
126474  -27.319  2.004  -46.836 0.0000000000
126478  -25.287  1.433  -48.365 0.0000000000
126480  -27.283  1.999  -47.590 0.0000000000
126484  -25.550  1.896  -48.769 0.0000000000
126486  -27.065  1.962  -48.418 0.0000000000
127663  -21.455  2.434  -43.714 0.0000000000
127665  -22.421  3.052  -43.438 0.0000000000
127667  -24.043  2.848  -43.478 0.0000000000
127669  -24.788  2.581  -43.959 0.0000000000
127699  -27.689  2.469  -45.009 0.0000000000
127707  -25.614  2.615  -45.673 0.0000000000
127724  -25.312  2.182  -48.434 0.0000000000
127730  -26.364  2.170  -49.300 0.0000000000
127736  -25.517  2.328  -49.236 0.0000000000
128859  -21.958  3.222  -43.546 0.0000000000
128861  -22.897  3.500  -43.580 0.0000000000
128862  -23.741  3.253  -43.471 0.0000000000
128863  -24.177  3.474  -43.506 0.0000000000
128864  -24.708  3.662  -43.674 0.0000000000
128880  -21.766  3.586  -43.794 0.0000000000
128883  -25.302  3.491  -44.267 0.0000000000
128912  -25.818  3.351  -45.335 0.0000000000
128943  -24.918  3.011  -49.329 0.0000000000
128951  -25.056  3.288  -49.627 0.0000000000
128957  -26.949  3.355  -50.004 0.0000000000
130036  -22.640  3.922  -43.765 0.0000000000
130037  -22.951  4.202  -43.722 0.0000000000
130038  -23.522  3.873  -43.606 0.0000000000
130058  -22.883  4.789  -43.890 0.0000000000
130059  -25.289  4.352  -44.133 0.0000000000
130074  -25.690  4.403  -44.545 0.0000000000
130091  -26.001  4.441  -45.051 0.0000000000
130115  -26.199  4.194  -46.897 0.0000000000
130131  -25.591  3.903  -49.646 0.0000000000
130135  -26.286  3.754  -50.021 0.0000000000
131235  -24.478  4.745  -43.719 0.0000000000
131249  -24.096  5.269  -43.709 0.0000000000
131251  -25.003  4.821  -43.962 0.0000000000
131268  -25.887  4.907  -44.688 0.0000000000
131285  -26.207  4.957  -45.122 0.0000000000
131299  -26.358  4.848  -46.401 0.0000000000
131327  -26.067  4.528  -48.368 0.0000000000
131333  -25.844  4.595  -49.447 0.0000000000
131334  -26.154  5.164  -49.310 0.0000000000
132494  -22.782  5.383  -44.250 0.0000000000
132498  -24.847  5.782  -44.124 0.0000000000
132513  -25.324  5.837  -44.376 0.0000000000
132533  -26.289  5.546  -45.331 0.0000000000
132567  -26.619  5.407  -47.202 0.0000000000
132577  -26.693  5.474  -47.826 0.0000000000
132586  -26.442  5.055  -48.225 0.0000000000
133853  -23.371  5.814  -44.396 0.0000000000
133855  -24.501  6.199  -44.295 0.0000000000
133874  -25.343  6.367  -44.560 0.0000000000
133889  -26.110  6.168  -45.267 0.0000000000
133941  -26.907  6.018  -48.025 0.0000000000
133952  -26.897  6.077  -48.713 0.0000000000
133967  -26.932  6.253  -50.096 0.0000000000
135215  -24.178  6.742  -44.476 0.0000000000
135235  -24.638  7.187  -44.536 0.0000000000
135236  -25.246  6.943  -44.654 0.0000000000
135253  -26.208  6.644  -45.444 0.0000000000
135254  -26.428  6.701  -45.916 0.0000000000
135266  -26.632  6.565  -46.877 0.0000000000
135279  -26.970  7.088  -47.115 0.0000000000
135328  -27.019  7.037  -49.933 0.0000000000
136584  -24.430  7.755  -44.755 0.0000000000
136585  -25.153  7.605  -44.806 0.0000000000
136586  -25.749  7.640  -45.084 0.0000000000
136606  -26.499  7.626  -45.781 0.0000000000
136642  -27.306  7.606  -47.341 0.0000000000
136669  -27.084  7.518  -49.026 0.0000000000
136699  -26.847  7.682  -51.129 0.0000000000
137907  -24.792  8.229  -44.979 0.0000000000
137928  -24.512  8.699  -45.295 0.0000000000
137931  -26.216  8.501  -45.608 0.0000000000
137943  -26.601  8.650  -46.016 0.0000000000
137944  -26.903  8.773  -46.419 0.0000000000
137972  -27.407  8.293  -47.350 0.0000000000
137995  -27.444  8.051  -49.118 0.0000000000
137996  -27.630  8.731  -48.967 0.0000000000
138007  -27.552  8.587  -49.609 0.0000000000
139285  -24.829  9.106  -45.455 0.0000000000
139287  -26.302  9.054  -45.827 0.0000000000
139304  -27.078  9.385  -46.434 0.0000000000
139319  -27.358  9.314  -46.823 0.0000000000
139335  -27.467  8.916  -47.238 0.0000000000
139336  -27.707  9.241  -47.743 0.0000000000
139351  -27.876  9.563  -48.286 0.0000000000
139363  -27.877  9.280  -48.873 0.0000000000
139372  -27.845  9.206  -49.860 0.0000000000
139384  -27.799  9.208  -50.399 0.0000000000
140577  -25.981  9.499  -45.795 0.0000000000
140578  -26.396  9.476  -45.974 0.0000000000
140598  -23.622  9.984  -46.179 0.0000000000
140600  -26.712  9.696  -46.168 0.0000000000
140601  -27.055  9.887  -46.376 0.0000000000
140615  -27.621  10.007  -47.106 0.0000000000
140627  -27.797  9.910  -47.622 0.0000000000
140648  -28.005  9.868  -48.834 0.0000000000
140658  -28.062  9.821  -49.896 0.0000000000
141808  -23.959  10.389  -46.132 0.0000000000
141809  -24.461  10.330  -45.848 0.0000000000
141811  -25.706  10.080  -45.780 0.0000000000
141827  -25.477  10.677  -45.918 0.0000000000
141829  -26.731  10.270  -46.238 0.0000000000
141844  -27.433  10.429  -46.878 0.0000000000
141860  -27.917  10.531  -47.654 0.0000000000
141880  -28.317  10.783  -49.199 0.0000000000
141889  -28.103  10.193  -49.381 0.0000000000
141890  -28.258  10.585  -49.705 0.0000000000
141901  -28.183  10.358  -50.171 0.0000000000
141902  -28.352  10.870  -50.023 0.0000000000
143080  -23.848  10.794  -46.478 0.0000000000
143082  -25.268  11.201  -46.214 0.0000000000
143084  -26.448  10.889  -46.375 0.0000000000
143085  -26.991  10.700  -46.581 0.0000000000
143099  -24.177  11.508  -46.823 0.0000000000
143101  -27.316  11.066  -46.867 0.0000000000
143115  -27.969  11.131  -47.604 0.0000000000
143130  -28.523  11.653  -48.533 0.0000000000
143139  -28.591  11.340  -49.063 0.0000000000
144427  -25.094  11.613  -46.534 0.0000000000
144429  -26.255  11.523  -46.388 0.0000000000
144438  -23.340  11.417  -47.376 0.0000000000
144441  -26.016  12.184  -46.520 0.0000000000
144443  -27.242  11.730  -46.793 0.0000000000
144452  -28.000  11.753  -47.568 0.0000000000
144465  -28.307  11.995  -48.056 0.0000000000
144475  -28.763  11.917  -48.968 0.0000000000
145699  -24.628  12.313  -47.153 0.0000000000
145701  -26.043  12.671  -46.801 0.0000000000
145703  -27.105  12.358  -46.798 0.0000000000
145704  -27.639  12.173  -47.134 0.0000000000
145710  -24.638  12.835  -47.493 0.0000000000
145712  -27.709  12.766  -47.463 0.0000000000
145726  -28.394  12.585  -48.052 0.0000000000
145727  -28.727  12.877  -48.444 0.0000000000
145730  -28.906  12.568  -49.004 0.0000000000
146886  -25.667  13.006  -47.108 0.0000000000
146888  -26.871  12.874  -47.072 0.0000000000
146893  -24.216  13.043  -47.996 0.0000000000
146894  -24.758  13.433  -47.752 0.0000000000
146895  -25.422  13.445  -47.562 0.0000000000
146897  -26.656  13.413  -47.305 0.0000000000
146908  -23.855  13.245  -48.421 0.0000000000
146909  -24.285  13.660  -48.277 0.0000000000
148081  -25.173  13.899  -47.836 0.0000000000
148083  -26.383  13.957  -47.522 0.0000000000
148085  -27.564  13.837  -47.614 0.0000000000
148095  -24.974  14.270  -48.145 0.0000000000
148097  -28.088  13.826  -47.880 0.0000000000
148098  -28.502  13.818  -48.291 0.0000000000
148106  -23.203  14.308  -49.301 0.0000000000
149234  -25.490  14.432  -47.884 0.0000000000
149235  -26.081  14.532  -47.699 0.0000000000
149241  -24.697  14.521  -48.544 0.0000000000
149243  -25.775  15.013  -48.099 0.0000000000
149247  -28.358  14.817  -48.561 0.0000000000
149257  -24.927  14.995  -48.735 0.0000000000
149258  -28.821  14.530  -48.998 0.0000000000
150447  -25.601  15.586  -48.410 0.0000000000
150448  -26.173  15.565  -48.205 0.0000000000
150450  -27.386  15.315  -48.128 0.0000000000
150451  -27.979  15.339  -48.374 0.0000000000
150452  -28.433  15.414  -48.681 0.0000000000
150459  -24.549  15.472  -49.002 0.0000000000
150460  -25.113  15.535  -48.698 0.0000000000
150471  -24.052  15.697  -49.508 0.0000000000
151629  -26.014  16.506  -48.551 0.0000000000
151631  -27.222  15.999  -48.203 0.0000000000
151633  -28.151  15.771  -48.514 0.0000000000
151643  -25.581  16.824  -48.999 0.0000000000
151644  -28.079  16.229  -48.621 0.0000000000
151654  -24.284  16.156  -49.723 0.0000000000
152770  -26.555  16.674  -48.487 0.0000000000
152771  -27.071  16.565  -48.374 0.0000000000
152787  -27.450  16.977  -48.575 0.0000000000
152796  -24.677  16.931  -50.019 0.0000000000
153950  -25.430  17.263  -49.396 0.0000000000
153953  -27.278  17.530  -48.771 0.0000000000
153954  -27.764  17.328  -48.726 0.0000000000
153967  -25.104  17.389  -49.867 0.0000000000
153983  -24.941  17.755  -50.286 0.0000000000
153996  -23.812  17.576  -51.421 0.0000000000
155094  -26.355  17.938  -49.097 0.0000000000
155095  -26.929  18.000  -48.966 0.0000000000
155098  -28.512  17.993  -49.242 0.0000000000
155109  -25.650  18.232  -49.672 0.0000000000
155111  -26.624  18.342  -49.123 0.0000000000
155125  -24.728  18.233  -50.565 0.0000000000
155126  -25.173  18.283  -50.086 0.0000000000
155152  -22.958  17.807  -52.511 0.0000000000
156270  -27.126  18.609  -49.087 0.0000000000
156276  -25.476  18.783  -49.943 0.0000000000
156277  -25.991  18.766  -49.636 0.0000000000
156279  -26.930  19.183  -49.414 0.0000000000
156306  -24.014  18.708  -51.425 0.0000000000
156319  -22.511  18.810  -52.906 0.0000000000
157462  -26.208  20.088  -49.988 0.0000000000
157464  -27.299  19.600  -49.622 0.0000000000
157471  -25.324  19.791  -50.523 0.0000000000
157472  -25.692  20.229  -50.332 0.0000000000
157487  -24.934  19.862  -50.941 0.0000000000
157501  -21.754  18.896  -52.860 0.0000000000
157502  -24.193  19.787  -51.660 0.0000000000
158688  -27.011  20.103  -49.846 0.0000000000
158694  -25.545  20.779  -50.488 0.0000000000
158695  -26.050  20.677  -50.166 0.0000000000
158707  -24.875  20.375  -51.084 0.0000000000
158745  -21.812  19.760  -53.656 0.0000000000
158746  -22.242  19.898  -53.688 0.0000000000
159907  -23.841  20.765  -52.311 0.0000000000
159919  -23.347  20.710  -52.835 0.0000000000
161090  -24.929  22.047  -51.437 0.0000000000
161109  -21.802  21.275  -53.297 0.0000000000
161110  -22.032  21.116  -53.442 0.0000000000
225096  -26.396  0.400  -46.260 0.0000000000
226918  -27.241  8.080  -50.624 0.0000000000
228992  -25.625  12.553  -46.806 0.0000000000
230797  -24.188  2.342  -43.508 0.0000000000
231083  -26.603  5.929  -46.780 0.0000000000
232113  -23.359  18.969  -52.483 0.0000000000
232983  -26.915  14.989  -47.946 0.0000000000
233317  -24.957  3.221  -44.009 0.0000000000
233399  -26.246  5.234  -49.937 0.0000000000
234526  -26.536  5.845  -46.295 0.0000000000
235118  -25.187  5.345  -44.146 0.0000000000
235797  -28.773  11.619  -49.493 0.0000000000
237655  -22.458  20.972  -53.402 0.0000000000
238477  -25.478  3.878  -48.738 0.0000000000
241364  -26.182  -1.038  -44.326 0.0000000000
241479  -24.408  -5.043  -41.013 0.0000000000
241874  -20.714  -5.785  -40.705 0.0000000000
242408  -26.842  6.660  -48.840 0.0000000000
242690  -25.067  -2.372  -43.570 0.0000000000
243388  -21.252  -8.622  -38.675 0.0000000000
243453  -24.331  10.823  -46.170 0.0000000000
244711  -24.147  11.135  -46.544 0.0000000000
245656  -24.211  -2.717  -42.910 0.0000000000
247731  -21.778  18.240  -51.602 0.0000000000
248176  -25.933  8.077  -45.338 0.0000000000
248975  -28.533  14.257  -48.599 0.0000000000
249526  -25.507  2.465  -44.988 0.0000000000
249550  -28.097  12.838  -47.763 0.0000000000
250058  -26.761  7.140  -46.571 0.0000000000
250218  -20.767  -11.170  -34.211 0.0000000000
250503  -22.751  -4.677  -41.275 0.0000000000
250772  -26.011  7.142  -45.217 0.0000000000
251583  -26.319  7.981  -45.578 0.0000000000
251585  -26.569  7.190  -46.067 0.0000000000
251658  -26.595  8.126  -45.876 0.0000000000
251902  -24.183  21.235  -52.113 0.0000000000
251958  -27.132  7.582  -50.161 0.0000000000
252743  -21.260  -4.045  -41.084 0.0000000000
253657  -25.518  3.908  -44.351 0.0000000000
254508  -26.447  -0.100  -45.261 0.0000000000
256165  -27.059  7.069  -47.627 0.0000000000
256686  -23.307  4.575  -43.653 0.0000000000
256918  -27.458  1.823  -44.398 0.0000000000
257067  -25.041  3.372  -49.050 0.0000000000
258148  -25.924  17.931  -49.342 0.0000000000
258213  -24.471  -1.350  -43.714 0.0000000000
259066  -26.769  2.011  -48.905 0.0000000000
262233  -25.327  8.986  -45.448 0.0000000000
262371  -23.691  -4.415  -42.034 0.0000000000
263213  -21.732  -8.386  -38.471 0.0000000000
265890  -27.298  8.563  -47.045 0.0000000000
266114  -21.528  -8.782  -38.284 0.0000000000
266566  -26.034  3.578  -47.083 0.0000000000
267624  -28.119  3.480  -47.726 0.0000000000
267911  -25.026  2.808  -44.210 0.0000000000
268488  -25.005  0.112  -47.527 0.0000000000
268611  -21.330  19.480  -53.434 0.0000000000
269460  -26.612  20.078  -49.886 0.0000000000
269929  -22.199  -1.563  -42.075 0.0000000000
270271  -26.165  19.575  -49.915 0.0000000000
270486  -28.707  13.398  -48.458 0.0000000000
270672  -24.945  1.825  -46.848 0.0000000000
270930  -27.228  14.241  -47.752 0.0000000000
