#!ascii label  , from subject corrected_filled vox2ras=TkReg
1700
169612  44.093  27.283  -2.632 0.0000000000
169678  50.148  27.256  -12.093 0.0000000000
172903  43.327  29.252  -20.855 0.0000000000
161583  49.647  21.345  -18.970 0.0000000000
164899  42.288  23.446  -5.960 0.0000000000
247242  42.547  29.933  -16.310 0.0000000000
268617  51.587  24.725  -17.194 0.0000000000
173983  40.276  29.890  -17.744 0.0000000000
253147  50.114  29.581  -9.706 0.0000000000
169635  48.025  27.685  -6.653 0.0000000000
163856  45.245  23.397  -10.061 0.0000000000
177915  42.476  33.211  -22.026 0.0000000000
169795  42.840  27.233  -20.871 0.0000000000
269446  49.160  28.129  -15.890 0.0000000000
168874  49.706  27.050  -21.778 0.0000000000
176952  39.340  32.284  -18.659 0.0000000000
173825  50.249  29.809  -4.800 0.0000000000
170585  45.066  27.917  -4.934 0.0000000000
163831  43.867  23.167  -7.964 0.0000000000
176977  43.223  31.935  -20.775 0.0000000000
177921  45.780  33.194  -22.859 0.0000000000
176995  43.751  32.344  -24.154 0.0000000000
174023  41.865  30.403  -22.173 0.0000000000
232674  43.877  28.782  -23.742 0.0000000000
170611  53.367  28.803  -10.020 0.0000000000
171685  49.478  28.973  -12.889 0.0000000000
171702  53.294  28.838  -13.217 0.0000000000
163953  52.465  23.095  -19.252 0.0000000000
168852  52.151  26.906  -19.407 0.0000000000
263504  50.235  24.557  -19.584 0.0000000000
167057  47.752  25.388  -19.641 0.0000000000
163941  48.654  23.384  -17.709 0.0000000000
161542  46.506  21.715  -15.544 0.0000000000
166893  41.972  25.158  -2.082 0.0000000000
167820  42.935  25.628  -4.806 0.0000000000
172884  42.833  29.484  -18.880 0.0000000000
166976  48.059  24.968  -13.833 0.0000000000
168817  50.803  26.477  -14.662 0.0000000000
164996  49.437  23.550  -15.975 0.0000000000
161562  52.633  21.670  -17.741 0.0000000000
172723  46.566  29.463  -9.547 0.0000000000
174922  50.693  30.639  -6.810 0.0000000000
171631  52.118  29.061  -7.291 0.0000000000
169645  49.000  27.353  -9.080 0.0000000000
167825  44.610  25.873  -6.501 0.0000000000
167838  45.601  25.723  -8.831 0.0000000000
166943  46.578  25.645  -11.320 0.0000000000
163880  47.369  22.717  -12.199 0.0000000000
228203  39.650  25.384  -2.067 0.0000000000
179691  44.962  34.477  -19.715 0.0000000000
178827  41.780  33.741  -19.070 0.0000000000
175996  40.494  31.464  -20.406 0.0000000000
172886  41.225  29.194  -19.103 0.0000000000
167923  41.856  25.821  -18.458 0.0000000000
171691  45.751  28.675  -12.960 0.0000000000
241505  45.482  28.033  -16.095 0.0000000000
170739  45.399  27.910  -18.719 0.0000000000
170684  52.894  28.170  -16.381 0.0000000000
169762  48.983  27.379  -18.798 0.0000000000
169817  46.178  27.553  -21.720 0.0000000000
167990  45.629  26.177  -22.577 0.0000000000
228663  44.440  25.141  -19.965 0.0000000000
177858  39.252  33.018  -17.934 0.0000000000
178815  40.592  33.649  -18.085 0.0000000000
171610  46.074  29.139  -3.782 0.0000000000
170578  44.374  27.835  -3.762 0.0000000000
175036  42.986  30.888  -21.274 0.0000000000
176985  44.079  32.140  -22.749 0.0000000000
175040  43.383  30.432  -22.847 0.0000000000
174033  43.718  29.882  -23.814 0.0000000000
255935  44.191  29.148  -22.792 0.0000000000
251841  51.302  27.796  -10.869 0.0000000000
171657  53.762  29.091  -11.668 0.0000000000
169676  51.997  27.654  -12.478 0.0000000000
162823  51.061  22.378  -19.238 0.0000000000
229796  51.202  24.090  -19.620 0.0000000000
163947  50.408  23.225  -19.231 0.0000000000
166064  49.497  24.342  -19.030 0.0000000000
162817  49.197  22.361  -18.241 0.0000000000
246993  48.284  21.900  -17.440 0.0000000000
160299  48.504  20.836  -18.173 0.0000000000
165871  41.926  24.417  -2.795 0.0000000000
251932  42.478  31.109  -18.621 0.0000000000
261265  42.640  29.749  -17.256 0.0000000000
163900  47.883  23.442  -13.936 0.0000000000
241066  48.490  24.089  -14.826 0.0000000000
247490  48.957  22.458  -15.028 0.0000000000
160282  51.674  20.948  -16.675 0.0000000000
159051  53.177  20.164  -17.260 0.0000000000
269635  52.888  20.746  -18.202 0.0000000000
171627  48.648  28.545  -5.987 0.0000000000
172698  50.915  29.297  -6.023 0.0000000000
171634  49.806  28.466  -6.513 0.0000000000
227083  50.422  28.172  -8.274 0.0000000000
169639  48.272  27.313  -7.600 0.0000000000
165885  42.645  24.425  -5.614 0.0000000000
230020  43.351  25.782  -5.370 0.0000000000
165888  43.244  24.535  -6.449 0.0000000000
163842  44.759  23.143  -9.180 0.0000000000
165898  44.632  24.560  -8.722 0.0000000000
165905  45.127  24.782  -9.617 0.0000000000
235755  46.206  25.806  -10.239 0.0000000000
165932  45.844  24.335  -11.066 0.0000000000
165944  46.581  24.267  -12.040 0.0000000000
163875  46.285  23.214  -11.176 0.0000000000
259173  48.178  21.826  -10.876 0.0000000000
178864  44.092  33.503  -22.795 0.0000000000
178844  44.791  33.780  -21.344 0.0000000000
178846  43.298  33.665  -20.893 0.0000000000
179694  43.067  33.922  -19.428 0.0000000000
178848  42.164  33.332  -20.453 0.0000000000
177894  41.121  32.922  -19.863 0.0000000000
177917  41.552  32.645  -21.248 0.0000000000
171832  42.071  28.825  -21.142 0.0000000000
172899  41.204  29.671  -20.371 0.0000000000
170762  41.954  28.212  -20.123 0.0000000000
262989  41.726  27.528  -18.674 0.0000000000
231881  42.375  26.866  -19.400 0.0000000000
172721  48.197  29.514  -9.598 0.0000000000
171658  45.866  28.957  -11.502 0.0000000000
244284  47.858  29.276  -11.219 0.0000000000
171744  48.969  28.531  -14.486 0.0000000000
253570  47.251  28.494  -14.650 0.0000000000
240421  47.728  28.086  -15.549 0.0000000000
170712  45.351  27.856  -17.211 0.0000000000
169727  47.504  27.595  -16.978 0.0000000000
167905  50.627  25.675  -15.995 0.0000000000
168822  52.013  26.996  -15.498 0.0000000000
229713  52.196  26.694  -16.505 0.0000000000
168861  51.149  27.088  -21.187 0.0000000000
169759  51.065  27.571  -18.934 0.0000000000
169789  49.479  27.385  -20.980 0.0000000000
169791  47.389  27.308  -20.281 0.0000000000
169804  48.004  27.238  -22.195 0.0000000000
169832  46.095  27.426  -22.846 0.0000000000
168885  47.363  26.873  -22.552 0.0000000000
167026  47.342  24.947  -18.619 0.0000000000
167074  46.148  25.402  -20.040 0.0000000000
240859  45.802  25.100  -18.442 0.0000000000
167031  44.060  24.949  -18.404 0.0000000000
238590  42.454  29.847  -14.864 0.0000000000
175973  38.644  31.424  -17.909 0.0000000000
236727  39.428  31.013  -18.709 0.0000000000
174860  52.248  31.196  -3.955 0.0000000000
173817  49.130  30.136  -4.018 0.0000000000
171611  47.722  29.215  -5.067 0.0000000000
170588  46.392  27.946  -5.734 0.0000000000
164901  43.295  23.717  -7.206 0.0000000000
177914  45.198  32.851  -22.253 0.0000000000
177931  44.548  32.854  -23.555 0.0000000000
177933  43.222  33.114  -23.496 0.0000000000
176986  41.950  32.613  -22.632 0.0000000000
176013  42.508  31.749  -23.465 0.0000000000
172920  42.897  29.240  -23.615 0.0000000000
170777  42.893  28.339  -21.996 0.0000000000
172731  51.970  29.877  -9.664 0.0000000000
172762  49.665  29.336  -11.199 0.0000000000
172760  51.971  29.519  -11.202 0.0000000000
247631  52.031  29.328  -12.900 0.0000000000
171742  50.875  28.764  -14.536 0.0000000000
166051  52.645  23.953  -18.422 0.0000000000
167916  52.444  25.872  -17.881 0.0000000000
167050  52.383  24.669  -19.155 0.0000000000
167052  51.428  25.175  -19.975 0.0000000000
167946  50.086  26.035  -20.964 0.0000000000
167961  48.807  26.098  -21.334 0.0000000000
167071  49.134  25.466  -19.975 0.0000000000
166066  48.368  24.611  -18.474 0.0000000000
166038  47.786  24.187  -17.634 0.0000000000
160273  47.227  20.788  -16.450 0.0000000000
167799  43.214  26.106  -2.452 0.0000000000
168739  43.358  26.599  -3.491 0.0000000000
166905  42.464  25.213  -3.028 0.0000000000
165879  41.997  24.279  -4.059 0.0000000000
271475  41.828  23.390  -5.023 0.0000000000
176963  43.483  32.342  -19.699 0.0000000000
253975  42.651  31.015  -19.849 0.0000000000
172897  42.995  29.486  -20.190 0.0000000000
168805  48.765  26.402  -12.817 0.0000000000
168794  50.337  26.967  -13.072 0.0000000000
167884  49.051  25.980  -13.970 0.0000000000
166989  49.583  25.215  -15.502 0.0000000000
231517  50.447  24.221  -16.683 0.0000000000
161548  49.921  21.842  -15.821 0.0000000000
162798  50.546  22.553  -16.892 0.0000000000
165012  51.752  23.579  -17.542 0.0000000000
162815  52.788  22.457  -18.311 0.0000000000
161579  52.101  21.732  -19.027 0.0000000000
160307  49.887  20.905  -19.193 0.0000000000
159071  48.570  19.889  -19.251 0.0000000000
173869  48.336  30.038  -7.779 0.0000000000
173884  50.150  29.993  -8.411 0.0000000000
173823  53.199  30.992  -5.230 0.0000000000
173849  53.037  30.336  -7.184 0.0000000000
173881  52.982  30.151  -8.291 0.0000000000
170607  52.916  28.928  -8.816 0.0000000000
170613  51.550  28.192  -9.671 0.0000000000
169652  49.513  27.386  -10.498 0.0000000000
168743  43.726  26.732  -4.712 0.0000000000
169628  44.701  26.870  -5.564 0.0000000000
229978  45.645  26.457  -6.643 0.0000000000
165891  43.811  24.594  -7.269 0.0000000000
167835  44.920  25.590  -7.494 0.0000000000
168756  47.007  26.594  -7.761 0.0000000000
226286  47.353  26.621  -8.669 0.0000000000
168769  48.009  26.864  -10.242 0.0000000000
225050  47.901  26.543  -11.665 0.0000000000
233617  47.459  25.317  -12.805 0.0000000000
164962  47.398  23.682  -13.114 0.0000000000
162763  48.077  22.421  -13.241 0.0000000000
162742  47.342  22.236  -11.239 0.0000000000
162749  48.121  22.009  -11.879 0.0000000000
168724  42.316  26.041  -1.576 0.0000000000
166895  40.784  25.347  -1.893 0.0000000000
165862  39.137  24.574  -2.188 0.0000000000
179690  46.046  34.371  -20.312 0.0000000000
180528  44.234  34.951  -18.788 0.0000000000
177881  40.405  32.922  -18.998 0.0000000000
176966  39.855  31.777  -19.492 0.0000000000
175020  40.066  30.688  -19.276 0.0000000000
175038  40.849  31.330  -20.863 0.0000000000
174005  40.618  30.467  -20.048 0.0000000000
172878  40.678  29.606  -18.138 0.0000000000
171752  43.868  28.753  -14.452 0.0000000000
171688  47.532  28.854  -12.678 0.0000000000
171749  45.726  28.531  -14.559 0.0000000000
264557  43.805  28.567  -15.969 0.0000000000
171789  43.738  28.413  -17.597 0.0000000000
171804  43.994  28.404  -18.859 0.0000000000
171817  44.093  28.343  -20.027 0.0000000000
169701  52.166  27.458  -13.646 0.0000000000
171739  52.896  28.670  -15.103 0.0000000000
170687  50.589  28.150  -16.213 0.0000000000
169733  52.235  27.699  -17.882 0.0000000000
169734  50.940  27.803  -17.813 0.0000000000
170723  49.168  27.770  -17.207 0.0000000000
235798  47.521  27.370  -18.590 0.0000000000
169779  46.167  27.445  -19.929 0.0000000000
170768  44.729  28.088  -20.786 0.0000000000
171829  44.802  28.464  -22.541 0.0000000000
169827  44.573  27.497  -23.201 0.0000000000
168867  43.787  26.299  -21.489 0.0000000000
167964  47.048  25.972  -21.360 0.0000000000
167086  44.865  25.409  -21.002 0.0000000000
167953  43.372  25.910  -20.442 0.0000000000
167045  43.089  24.952  -19.007 0.0000000000
162777  46.121  22.323  -15.054 0.0000000000
178803  40.385  33.919  -17.679 0.0000000000
179659  40.933  34.253  -17.794 0.0000000000
170571  44.660  27.932  -2.545 0.0000000000
171595  45.132  28.528  -3.241 0.0000000000
170572  44.316  27.760  -3.032 0.0000000000
174015  43.017  30.247  -21.252 0.0000000000
175041  43.271  30.655  -21.957 0.0000000000
174021  43.437  30.081  -22.205 0.0000000000
231405  43.847  29.489  -22.453 0.0000000000
172911  43.745  29.076  -21.683 0.0000000000
169662  51.063  27.570  -11.425 0.0000000000
251195  51.733  27.822  -11.343 0.0000000000
256666  50.826  27.366  -11.983 0.0000000000
161582  50.054  21.908  -19.035 0.0000000000
263140  50.425  22.536  -19.078 0.0000000000
163948  49.902  23.060  -18.823 0.0000000000
161571  49.567  21.956  -18.708 0.0000000000
161573  48.740  21.389  -18.147 0.0000000000
160298  49.064  21.060  -18.680 0.0000000000
174996  42.184  30.824  -16.305 0.0000000000
175002  42.213  30.700  -16.848 0.0000000000
175001  42.279  30.531  -17.296 0.0000000000
173974  42.445  30.128  -16.925 0.0000000000
162770  48.409  22.565  -14.284 0.0000000000
163906  48.617  22.914  -14.850 0.0000000000
161532  49.056  21.906  -14.560 0.0000000000
159045  53.205  20.024  -16.812 0.0000000000
271243  53.111  19.695  -17.087 0.0000000000
157737  52.849  19.818  -17.560 0.0000000000
172870  40.672  29.493  -17.592 0.0000000000
171628  47.993  28.162  -6.137 0.0000000000
171626  49.254  28.495  -6.216 0.0000000000
170591  48.695  28.091  -6.490 0.0000000000
242983  49.036  27.920  -7.018 0.0000000000
169634  47.992  27.380  -7.109 0.0000000000
164894  42.455  23.898  -5.805 0.0000000000
165884  43.057  24.728  -5.925 0.0000000000
165889  42.860  24.210  -6.141 0.0000000000
163857  44.940  23.537  -9.683 0.0000000000
164910  44.717  23.822  -9.294 0.0000000000
270395  45.075  23.839  -9.899 0.0000000000
165904  45.333  24.581  -10.082 0.0000000000
164934  45.613  23.989  -10.672 0.0000000000
164946  45.900  23.623  -10.918 0.0000000000
163866  46.019  23.007  -10.696 0.0000000000
178865  43.172  33.479  -22.351 0.0000000000
178856  43.603  33.608  -21.774 0.0000000000
178857  42.879  33.490  -21.503 0.0000000000
178847  42.713  33.516  -20.671 0.0000000000
178858  42.327  33.239  -21.228 0.0000000000
177904  41.868  33.021  -20.845 0.0000000000
177916  41.974  32.936  -21.680 0.0000000000
170761  42.306  28.014  -20.538 0.0000000000
171819  41.961  28.487  -20.629 0.0000000000
170756  42.282  27.806  -20.055 0.0000000000
169781  42.383  27.384  -19.765 0.0000000000
229478  42.654  26.804  -19.958 0.0000000000
172734  48.854  29.497  -9.653 0.0000000000
263446  47.590  29.357  -10.704 0.0000000000
228792  49.120  29.457  -10.136 0.0000000000
171764  49.204  28.415  -15.026 0.0000000000
170662  48.634  28.388  -14.946 0.0000000000
170690  48.054  27.999  -15.999 0.0000000000
267016  47.303  27.689  -16.516 0.0000000000
170708  48.420  27.934  -16.557 0.0000000000
166996  50.867  25.393  -16.477 0.0000000000
227537  51.682  26.491  -15.991 0.0000000000
271208  51.869  25.898  -16.964 0.0000000000
168866  50.326  27.099  -21.697 0.0000000000
265533  50.533  27.453  -21.413 0.0000000000
169802  49.458  27.231  -21.610 0.0000000000
228699  48.933  27.335  -21.338 0.0000000000
169813  48.435  27.110  -22.236 0.0000000000
169814  47.934  27.042  -22.581 0.0000000000
167976  48.507  26.846  -22.317 0.0000000000
166054  47.036  24.720  -18.025 0.0000000000
167028  46.199  25.155  -18.780 0.0000000000
166055  46.307  24.913  -18.106 0.0000000000
166056  45.655  24.905  -17.961 0.0000000000
177867  39.604  32.861  -18.353 0.0000000000
177868  38.984  32.485  -18.295 0.0000000000
176953  38.897  31.810  -18.395 0.0000000000
175978  39.096  31.079  -18.217 0.0000000000
175977  39.262  31.578  -18.728 0.0000000000
173805  49.343  30.420  -3.582 0.0000000000
173807  47.857  30.072  -3.451 0.0000000000
256754  45.694  28.790  -4.170 0.0000000000
172684  46.878  29.184  -4.651 0.0000000000
171613  46.642  28.760  -5.003 0.0000000000
171620  47.134  28.594  -5.412 0.0000000000
225378  45.831  27.976  -5.477 0.0000000000
176962  44.069  32.567  -20.179 0.0000000000
177903  44.741  32.705  -20.817 0.0000000000
176969  44.356  32.541  -21.358 0.0000000000
176012  43.982  32.191  -23.781 0.0000000000
176984  44.582  32.674  -23.569 0.0000000000
176990  44.211  32.640  -23.907 0.0000000000
177932  44.119  33.052  -23.740 0.0000000000
177940  43.721  32.712  -24.178 0.0000000000
176997  42.927  32.048  -23.958 0.0000000000
176018  43.319  31.810  -23.950 0.0000000000
172919  43.861  29.163  -23.971 0.0000000000
174028  43.732  29.584  -24.032 0.0000000000
172912  42.952  29.048  -23.051 0.0000000000
171831  42.655  28.759  -21.885 0.0000000000
171839  43.279  28.629  -23.006 0.0000000000
172729  53.610  29.545  -10.118 0.0000000000
225822  52.365  29.637  -10.661 0.0000000000
172741  53.590  29.471  -10.773 0.0000000000
170644  53.435  28.654  -12.459 0.0000000000
172800  53.207  29.271  -12.431 0.0000000000
171703  52.794  29.265  -13.550 0.0000000000
171704  51.165  29.028  -13.646 0.0000000000
258280  52.817  29.204  -14.115 0.0000000000
244975  52.670  23.801  -18.726 0.0000000000
166063  52.583  24.343  -18.745 0.0000000000
166071  52.437  23.993  -19.004 0.0000000000
165037  50.562  24.101  -19.578 0.0000000000
166073  51.498  24.582  -19.667 0.0000000000
269965  50.836  25.185  -20.106 0.0000000000
167068  51.075  25.722  -20.394 0.0000000000
167069  50.468  25.585  -20.397 0.0000000000
167070  49.775  25.464  -20.176 0.0000000000
167054  49.454  25.124  -19.623 0.0000000000
165023  49.060  23.528  -18.172 0.0000000000
166065  48.941  24.506  -18.746 0.0000000000
166052  48.759  24.127  -18.310 0.0000000000
166037  48.248  24.215  -18.009 0.0000000000
165014  48.207  23.764  -17.636 0.0000000000
163934  48.208  23.227  -17.408 0.0000000000
160291  47.737  20.768  -17.362 0.0000000000
160284  47.552  21.039  -16.847 0.0000000000
166892  42.415  25.280  -2.425 0.0000000000
261143  42.807  25.671  -2.641 0.0000000000
166903  42.132  24.906  -2.622 0.0000000000
165875  41.979  24.292  -3.416 0.0000000000
164889  41.767  23.811  -4.320 0.0000000000
165882  42.055  24.249  -4.687 0.0000000000
163811  41.616  23.298  -4.607 0.0000000000
175019  42.571  30.487  -18.799 0.0000000000
251588  42.571  31.078  -19.217 0.0000000000
175025  42.671  30.497  -19.454 0.0000000000
252634  42.709  30.476  -20.002 0.0000000000
172890  42.925  29.483  -19.468 0.0000000000
167876  48.370  25.931  -13.194 0.0000000000
168804  48.916  26.161  -13.405 0.0000000000
271176  48.316  25.376  -13.912 0.0000000000
164988  49.094  23.742  -15.552 0.0000000000
166990  49.050  24.936  -15.226 0.0000000000
166016  49.361  24.133  -15.885 0.0000000000
166998  49.818  24.976  -15.980 0.0000000000
164995  49.862  23.991  -16.297 0.0000000000
161538  50.210  21.329  -15.547 0.0000000000
160272  50.704  21.019  -15.808 0.0000000000
161553  52.116  21.309  -17.306 0.0000000000
161554  51.357  21.562  -16.885 0.0000000000
161563  51.818  21.993  -17.387 0.0000000000
162808  51.009  22.943  -17.255 0.0000000000
241363  51.903  22.510  -17.564 0.0000000000
241651  52.338  22.745  -17.832 0.0000000000
162805  52.829  21.915  -18.127 0.0000000000
159059  51.616  20.241  -18.360 0.0000000000
160303  52.625  21.416  -18.660 0.0000000000
160305  51.330  21.050  -18.815 0.0000000000
160306  50.594  21.113  -19.035 0.0000000000
159068  50.237  20.531  -19.014 0.0000000000
159069  49.599  20.325  -19.226 0.0000000000
173838  49.379  30.524  -6.494 0.0000000000
173853  48.563  30.224  -7.153 0.0000000000
173868  49.027  30.114  -7.616 0.0000000000
224892  49.570  30.049  -8.046 0.0000000000
225160  50.475  30.331  -7.302 0.0000000000
229153  50.925  30.110  -4.597 0.0000000000
174871  52.557  30.988  -4.479 0.0000000000
173831  51.482  30.114  -4.917 0.0000000000
172703  52.142  29.327  -6.773 0.0000000000
172696  52.960  29.907  -6.573 0.0000000000
172695  53.091  30.176  -7.003 0.0000000000
173864  53.059  30.166  -7.868 0.0000000000
172701  53.266  29.881  -7.630 0.0000000000
172707  53.516  29.815  -8.374 0.0000000000
171636  52.906  29.432  -7.795 0.0000000000
170604  49.767  27.846  -8.392 0.0000000000
257359  50.793  28.132  -9.033 0.0000000000
225269  50.100  27.790  -9.318 0.0000000000
170614  50.586  27.874  -9.785 0.0000000000
225266  49.335  27.407  -9.985 0.0000000000
167817  43.039  26.235  -3.903 0.0000000000
168741  43.436  26.658  -4.152 0.0000000000
236142  43.263  26.200  -4.651 0.0000000000
167826  44.085  25.738  -6.291 0.0000000000
168747  44.290  26.411  -5.606 0.0000000000
168751  44.442  26.082  -6.033 0.0000000000
168749  45.563  26.753  -6.230 0.0000000000
168754  45.172  26.048  -6.686 0.0000000000
163832  43.469  23.141  -7.568 0.0000000000
165896  43.579  24.156  -7.447 0.0000000000
165895  43.951  24.290  -7.854 0.0000000000
166929  45.210  25.428  -8.710 0.0000000000
166923  44.656  25.167  -7.822 0.0000000000
232562  45.512  25.763  -8.290 0.0000000000
168758  46.030  26.198  -7.475 0.0000000000
168757  46.421  26.268  -8.007 0.0000000000
168761  46.936  26.479  -8.387 0.0000000000
168762  46.448  26.206  -8.759 0.0000000000
167848  46.346  25.713  -10.789 0.0000000000
168767  47.012  26.423  -10.264 0.0000000000
168771  47.050  26.304  -10.785 0.0000000000
226408  47.946  26.779  -10.745 0.0000000000
167863  47.419  26.207  -11.693 0.0000000000
168789  47.802  26.262  -12.171 0.0000000000
167864  47.010  25.791  -11.748 0.0000000000
164955  46.802  23.693  -12.196 0.0000000000
165959  46.883  24.290  -12.435 0.0000000000
163889  47.383  23.141  -12.726 0.0000000000
163896  47.693  23.093  -13.339 0.0000000000
162756  47.725  22.589  -12.735 0.0000000000
227006  47.608  21.947  -10.719 0.0000000000
161487  48.299  21.866  -11.348 0.0000000000
161500  48.666  21.787  -11.629 0.0000000000
167803  40.425  25.855  -1.862 0.0000000000
167802  41.172  25.886  -1.712 0.0000000000
239566  40.438  24.875  -2.018 0.0000000000
255452  39.779  24.875  -2.177 0.0000000000
231412  44.826  34.162  -20.395 0.0000000000
179701  46.000  34.111  -21.070 0.0000000000
225849  45.447  34.317  -20.345 0.0000000000
180532  46.110  34.531  -19.673 0.0000000000
180527  45.131  34.778  -19.185 0.0000000000
179680  44.545  34.710  -19.222 0.0000000000
178826  42.421  33.801  -19.230 0.0000000000
178828  41.268  33.596  -18.862 0.0000000000
178839  41.416  33.395  -19.516 0.0000000000
177906  40.789  32.416  -20.163 0.0000000000
176965  40.271  32.113  -19.818 0.0000000000
175990  40.140  31.591  -19.962 0.0000000000
175991  39.863  31.237  -19.509 0.0000000000
175026  40.285  30.961  -19.913 0.0000000000
175042  41.910  31.038  -22.416 0.0000000000
176009  41.532  31.501  -21.901 0.0000000000
174017  41.390  30.486  -21.445 0.0000000000
172891  41.136  29.410  -19.811 0.0000000000
174004  40.840  29.960  -19.926 0.0000000000
173997  40.815  29.761  -19.334 0.0000000000
173989  40.813  29.622  -18.714 0.0000000000
172877  41.104  29.188  -18.399 0.0000000000
240227  41.196  28.771  -18.092 0.0000000000
250928  41.321  28.669  -18.613 0.0000000000
168848  41.992  26.602  -18.517 0.0000000000
172749  45.347  29.264  -10.449 0.0000000000
171670  46.111  28.835  -12.039 0.0000000000
171673  44.501  28.751  -12.387 0.0000000000
171692  44.636  28.705  -13.004 0.0000000000
171733  43.740  28.818  -13.863 0.0000000000
171732  44.323  28.704  -13.996 0.0000000000
172783  49.718  29.244  -11.825 0.0000000000
172806  48.447  29.129  -12.261 0.0000000000
171686  48.769  28.962  -12.828 0.0000000000
170665  46.313  28.317  -15.159 0.0000000000
171747  46.738  28.548  -14.370 0.0000000000
170666  45.838  28.378  -15.077 0.0000000000
170680  44.806  28.385  -15.311 0.0000000000
170695  44.801  28.158  -16.028 0.0000000000
270747  43.886  28.396  -16.703 0.0000000000
237242  44.577  28.097  -16.664 0.0000000000
170727  45.601  27.842  -17.746 0.0000000000
170728  44.798  28.014  -17.993 0.0000000000
170740  44.903  28.031  -18.593 0.0000000000
171811  44.068  28.378  -19.447 0.0000000000
170748  45.006  27.974  -19.165 0.0000000000
168810  50.609  26.659  -14.073 0.0000000000
169692  51.374  27.244  -13.549 0.0000000000
169702  51.303  26.825  -14.366 0.0000000000
169716  52.853  27.565  -15.774 0.0000000000
169715  53.024  27.912  -15.320 0.0000000000
171759  52.831  28.485  -15.976 0.0000000000
171760  52.549  28.700  -15.505 0.0000000000
170686  51.563  28.312  -16.388 0.0000000000
168851  52.335  26.421  -18.824 0.0000000000
257672  52.485  26.964  -17.767 0.0000000000
169757  52.287  27.163  -18.743 0.0000000000
169760  50.264  27.385  -18.898 0.0000000000
169747  50.572  27.576  -18.318 0.0000000000
169748  49.853  27.447  -18.267 0.0000000000
170722  49.794  27.804  -17.234 0.0000000000
169749  49.206  27.452  -18.247 0.0000000000
169750  48.241  27.414  -17.907 0.0000000000
169763  48.440  27.358  -18.880 0.0000000000
169792  47.006  27.322  -20.825 0.0000000000
243884  46.757  27.330  -20.105 0.0000000000
169806  45.934  27.554  -21.024 0.0000000000
245458  45.318  27.835  -20.758 0.0000000000
170767  45.017  28.030  -21.330 0.0000000000
170775  44.570  28.360  -21.547 0.0000000000
170774  45.094  28.184  -22.109 0.0000000000
168893  45.833  27.064  -23.089 0.0000000000
267773  45.319  27.562  -23.338 0.0000000000
226832  44.938  26.971  -22.922 0.0000000000
169818  44.009  27.199  -22.464 0.0000000000
167982  44.340  26.152  -21.924 0.0000000000
167948  48.319  25.825  -20.562 0.0000000000
167963  47.645  26.032  -21.320 0.0000000000
167950  47.195  25.803  -20.633 0.0000000000
167060  45.572  25.268  -19.720 0.0000000000
167075  45.551  25.332  -20.360 0.0000000000
247977  44.639  25.260  -20.489 0.0000000000
167087  44.340  25.491  -20.876 0.0000000000
167061  43.811  25.188  -19.862 0.0000000000
167062  43.313  25.335  -19.773 0.0000000000
225869  43.459  25.109  -19.416 0.0000000000
166043  44.126  24.685  -17.229 0.0000000000
225673  43.010  24.627  -18.091 0.0000000000
162784  46.750  22.244  -15.861 0.0000000000
162785  46.365  22.257  -15.346 0.0000000000
254388  38.890  33.159  -17.620 0.0000000000
178816  39.941  33.428  -17.902 0.0000000000
177866  40.205  33.165  -18.463 0.0000000000
173808  47.084  29.887  -3.264 0.0000000000
171604  45.930  29.096  -3.064 0.0000000000
171606  45.068  28.518  -3.881 0.0000000000
170581  44.756  28.062  -4.319 0.0000000000
176001  42.979  31.404  -20.996 0.0000000000
176976  43.882  32.232  -21.587 0.0000000000
176007  43.218  31.266  -21.769 0.0000000000
269372  43.341  31.054  -22.506 0.0000000000
246751  43.394  31.250  -23.318 0.0000000000
175053  43.239  30.892  -23.560 0.0000000000
175048  43.259  30.503  -23.480 0.0000000000
174027  44.236  29.764  -23.330 0.0000000000
229426  44.288  29.018  -23.498 0.0000000000
170617  52.358  28.302  -10.155 0.0000000000
171649  53.802  29.158  -11.023 0.0000000000
170625  52.450  28.065  -11.199 0.0000000000
170635  53.338  28.335  -12.082 0.0000000000
170645  53.215  28.214  -12.796 0.0000000000
162822  51.648  22.572  -19.393 0.0000000000
163954  52.054  23.205  -19.486 0.0000000000
163955  51.588  23.085  -19.547 0.0000000000
163956  50.945  23.509  -19.546 0.0000000000
165029  50.344  23.735  -19.379 0.0000000000
166075  49.722  24.704  -19.414 0.0000000000
165030  49.857  23.708  -19.011 0.0000000000
165022  49.535  23.453  -18.554 0.0000000000
163940  48.957  22.950  -17.946 0.0000000000
162810  48.423  22.371  -17.488 0.0000000000
161564  48.723  21.934  -17.843 0.0000000000
161565  48.309  21.405  -17.669 0.0000000000
159053  47.536  20.315  -17.624 0.0000000000
165858  41.767  24.643  -2.296 0.0000000000
165872  41.606  24.134  -2.402 0.0000000000
176956  42.907  32.102  -18.706 0.0000000000
242850  42.345  31.127  -18.039 0.0000000000
175015  42.460  30.710  -18.285 0.0000000000
172876  42.726  29.547  -18.320 0.0000000000
241232  47.870  24.060  -13.857 0.0000000000
165982  48.121  24.514  -14.093 0.0000000000
164975  48.198  23.919  -14.371 0.0000000000
163905  48.845  23.372  -15.222 0.0000000000
163913  49.156  23.174  -15.611 0.0000000000
160271  51.380  20.698  -16.032 0.0000000000
160270  52.138  20.458  -16.442 0.0000000000
160281  52.478  20.770  -16.971 0.0000000000
160289  52.895  21.048  -17.628 0.0000000000
161561  52.938  21.322  -18.009 0.0000000000
157747  52.848  20.327  -17.954 0.0000000000
157748  52.288  19.953  -18.040 0.0000000000
174888  51.387  31.255  -5.743 0.0000000000
172691  49.347  29.292  -5.368 0.0000000000
172689  50.645  29.453  -5.477 0.0000000000
172699  50.270  29.155  -5.895 0.0000000000
171624  50.386  28.878  -6.388 0.0000000000
263254  50.805  28.827  -6.823 0.0000000000
171637  51.855  28.755  -7.892 0.0000000000
170599  50.350  28.351  -7.548 0.0000000000
224869  49.389  27.719  -8.056 0.0000000000
226287  48.761  27.302  -8.545 0.0000000000
166912  42.690  25.116  -4.880 0.0000000000
166914  42.840  24.920  -5.419 0.0000000000
166917  43.410  25.054  -6.248 0.0000000000
166916  43.808  25.320  -6.544 0.0000000000
163843  44.470  23.147  -8.708 0.0000000000
165899  44.241  24.185  -8.443 0.0000000000
164907  44.505  24.053  -8.886 0.0000000000
165901  44.792  24.415  -9.258 0.0000000000
167841  45.500  25.387  -9.401 0.0000000000
167844  46.015  25.782  -9.718 0.0000000000
166935  45.766  25.411  -10.050 0.0000000000
230326  45.963  25.362  -10.564 0.0000000000
166944  46.155  25.275  -11.059 0.0000000000
166955  46.359  25.099  -11.530 0.0000000000
165945  46.249  24.476  -11.611 0.0000000000
163882  46.509  23.412  -11.688 0.0000000000
163874  46.697  22.883  -11.424 0.0000000000
161474  48.036  21.760  -10.396 0.0000000000
161473  49.200  21.732  -10.687 0.0000000000
178863  44.994  33.219  -23.104 0.0000000000
178854  45.371  33.442  -22.605 0.0000000000
178855  44.475  33.569  -22.126 0.0000000000
178845  43.974  33.726  -21.084 0.0000000000
179703  44.192  33.973  -20.397 0.0000000000
179693  43.693  34.147  -19.742 0.0000000000
179704  43.655  33.830  -20.397 0.0000000000
178837  42.587  33.588  -19.900 0.0000000000
178838  41.965  33.497  -19.723 0.0000000000
177893  41.663  33.144  -20.189 0.0000000000
177905  41.356  32.717  -20.544 0.0000000000
176972  41.089  32.254  -20.769 0.0000000000
174016  41.871  29.915  -21.597 0.0000000000
172906  41.328  30.048  -20.913 0.0000000000
172905  41.672  29.348  -20.935 0.0000000000
171820  41.633  28.661  -20.205 0.0000000000
171813  41.678  28.404  -19.698 0.0000000000
171799  41.532  28.061  -18.749 0.0000000000
170750  41.866  27.701  -19.079 0.0000000000
225416  42.047  27.099  -18.905 0.0000000000
168853  42.259  26.354  -18.951 0.0000000000
228649  47.120  29.474  -9.688 0.0000000000
172748  45.961  29.310  -10.470 0.0000000000
172747  47.006  29.354  -10.687 0.0000000000
172765  47.277  29.274  -11.204 0.0000000000
171669  46.687  28.914  -12.125 0.0000000000
171706  49.761  28.860  -13.471 0.0000000000
171708  48.344  28.754  -13.392 0.0000000000
171745  48.387  28.526  -14.429 0.0000000000
266489  47.238  28.342  -15.006 0.0000000000
170677  46.623  28.149  -15.472 0.0000000000
228190  45.680  27.884  -16.667 0.0000000000
227584  46.326  27.781  -16.643 0.0000000000
170725  46.513  27.595  -17.311 0.0000000000
169739  46.711  27.525  -17.896 0.0000000000
168824  50.905  26.295  -15.189 0.0000000000
168816  51.493  26.699  -14.931 0.0000000000
168823  51.389  26.502  -15.445 0.0000000000
168830  52.449  27.124  -16.198 0.0000000000
168829  52.932  27.792  -16.489 0.0000000000
169786  51.619  27.308  -20.381 0.0000000000
248887  51.548  27.538  -19.483 0.0000000000
242203  50.997  27.522  -20.704 0.0000000000
257621  50.284  27.437  -20.716 0.0000000000
239592  49.400  27.392  -20.026 0.0000000000
169776  48.165  27.314  -19.533 0.0000000000
239662  48.735  27.384  -20.376 0.0000000000
228163  47.802  27.346  -21.154 0.0000000000
228096  47.285  27.314  -21.708 0.0000000000
262896  46.439  27.648  -21.982 0.0000000000
169815  47.420  27.163  -22.377 0.0000000000
256483  46.609  26.924  -22.781 0.0000000000
265222  46.631  26.611  -22.555 0.0000000000
167039  47.553  25.171  -19.130 0.0000000000
167073  46.775  25.520  -20.124 0.0000000000
167041  46.633  25.214  -19.161 0.0000000000
228470  46.117  25.271  -19.386 0.0000000000
167043  44.839  25.141  -18.895 0.0000000000
228955  44.311  25.089  -18.777 0.0000000000
167030  44.676  25.058  -18.366 0.0000000000
166042  44.838  24.677  -17.304 0.0000000000
235587  42.544  29.776  -15.592 0.0000000000
177859  38.562  32.655  -17.955 0.0000000000
175010  39.419  30.576  -17.761 0.0000000000
173984  39.834  30.309  -18.013 0.0000000000
173816  49.799  30.259  -3.943 0.0000000000
261592  49.578  29.906  -4.547 0.0000000000
173819  47.406  29.811  -3.905 0.0000000000
172672  48.142  29.669  -4.630 0.0000000000
172680  49.114  29.540  -4.989 0.0000000000
172693  48.163  29.120  -5.353 0.0000000000
170586  47.549  28.383  -5.746 0.0000000000
170593  46.900  27.668  -6.159 0.0000000000
164902  42.931  23.514  -6.838 0.0000000000
162686  42.984  22.481  -6.977 0.0000000000
162685  43.367  22.536  -7.408 0.0000000000
162693  43.744  22.634  -7.799 0.0000000000
162692  44.076  22.683  -8.160 0.0000000000
162712  44.672  22.732  -8.834 0.0000000000
162711  45.048  22.446  -9.133 0.0000000000
162724  45.541  22.379  -9.595 0.0000000000
162736  45.635  22.801  -10.172 0.0000000000
177913  45.828  33.017  -22.608 0.0000000000
231468  45.272  33.126  -22.950 0.0000000000
243265  44.848  32.665  -22.887 0.0000000000
178869  44.500  33.175  -23.404 0.0000000000
177923  43.650  33.411  -23.120 0.0000000000
177924  42.728  33.259  -22.752 0.0000000000
177925  42.127  32.960  -22.390 0.0000000000
177934  42.447  32.889  -23.110 0.0000000000
176008  41.991  31.862  -22.687 0.0000000000
175050  42.372  30.453  -23.111 0.0000000000
175049  42.916  30.996  -23.655 0.0000000000
174029  42.739  29.985  -23.795 0.0000000000
174022  42.403  29.826  -22.737 0.0000000000
172913  42.385  29.305  -21.969 0.0000000000
170769  42.447  28.306  -21.176 0.0000000000
169808  42.672  27.736  -20.943 0.0000000000
172732  50.919  29.703  -9.699 0.0000000000
264566  49.917  29.390  -10.631 0.0000000000
256375  51.363  29.640  -10.093 0.0000000000
172761  50.911  29.384  -11.473 0.0000000000
244280  50.936  29.301  -12.107 0.0000000000
172758  53.343  29.495  -11.274 0.0000000000
172781  51.680  29.405  -11.879 0.0000000000
171684  50.176  29.033  -13.001 0.0000000000
171705  50.461  28.926  -13.533 0.0000000000
244408  50.311  28.711  -14.382 0.0000000000
171762  50.286  28.590  -14.861 0.0000000000
237516  52.023  24.782  -17.539 0.0000000000
242035  52.242  25.315  -17.663 0.0000000000
266848  52.359  24.880  -17.945 0.0000000000
167036  52.525  25.118  -18.804 0.0000000000
167928  52.186  26.148  -19.253 0.0000000000
166072  51.931  24.203  -19.419 0.0000000000
225802  51.911  25.480  -19.872 0.0000000000
167935  51.912  26.180  -19.773 0.0000000000
167944  51.278  26.474  -20.763 0.0000000000
167959  50.552  26.704  -21.505 0.0000000000
167960  49.913  26.689  -21.625 0.0000000000
167975  49.146  26.731  -21.867 0.0000000000
230815  49.426  26.143  -21.274 0.0000000000
167947  48.926  25.781  -20.573 0.0000000000
167056  48.425  25.463  -19.843 0.0000000000
166076  49.169  24.830  -19.178 0.0000000000
167037  48.554  24.969  -19.012 0.0000000000
167038  48.117  25.206  -19.277 0.0000000000
166067  47.946  24.957  -18.763 0.0000000000
166053  47.727  24.609  -18.168 0.0000000000
165007  47.124  23.712  -16.821 0.0000000000
161550  47.071  21.930  -16.261 0.0000000000
162800  47.937  22.233  -17.067 0.0000000000
161549  47.329  21.397  -16.369 0.0000000000
160274  46.940  21.016  -16.079 0.0000000000
249226  43.479  26.425  -2.243 0.0000000000
168738  43.691  26.945  -3.072 0.0000000000
167814  43.111  26.099  -3.136 0.0000000000
167815  42.765  25.634  -3.574 0.0000000000
236106  42.649  25.355  -4.284 0.0000000000
166906  42.184  24.764  -3.239 0.0000000000
166909  42.184  24.640  -3.777 0.0000000000
165878  42.322  24.781  -4.373 0.0000000000
165881  42.448  24.616  -5.056 0.0000000000
165886  42.205  24.106  -5.274 0.0000000000
164895  42.047  23.530  -5.435 0.0000000000
176971  43.067  32.027  -20.011 0.0000000000
175983  42.658  31.616  -18.979 0.0000000000
175989  42.722  31.601  -19.606 0.0000000000
175994  42.819  31.518  -20.281 0.0000000000
175030  42.761  30.823  -20.583 0.0000000000
174009  42.789  30.100  -20.444 0.0000000000
172904  42.970  29.742  -20.866 0.0000000000
168786  49.522  27.075  -12.190 0.0000000000
168795  49.924  27.036  -12.635 0.0000000000
245697  49.249  26.486  -13.137 0.0000000000
168811  49.500  26.405  -13.641 0.0000000000
167883  49.584  26.159  -14.231 0.0000000000
166984  48.592  25.063  -14.524 0.0000000000
166982  49.360  25.496  -15.025 0.0000000000
167899  49.896  25.698  -15.265 0.0000000000
166988  50.108  25.445  -15.748 0.0000000000
166997  50.331  25.175  -16.229 0.0000000000
166025  51.102  24.383  -17.018 0.0000000000
235521  49.591  21.538  -14.749 0.0000000000
162782  49.559  22.111  -15.575 0.0000000000
162791  49.659  22.400  -16.002 0.0000000000
161546  50.976  21.219  -16.342 0.0000000000
162790  50.103  22.145  -16.374 0.0000000000
162799  49.894  22.727  -16.470 0.0000000000
165006  50.297  23.606  -16.682 0.0000000000
165005  50.823  23.779  -16.994 0.0000000000
166036  51.796  24.196  -17.450 0.0000000000
165011  52.315  23.785  -17.904 0.0000000000
165021  52.670  23.365  -18.330 0.0000000000
163945  52.744  22.972  -18.868 0.0000000000
161570  52.853  21.638  -18.420 0.0000000000
161578  52.731  21.944  -18.785 0.0000000000
162821  52.338  22.326  -19.167 0.0000000000
241164  51.538  22.064  -19.144 0.0000000000
266221  50.650  21.484  -19.107 0.0000000000
236997  50.221  21.418  -19.159 0.0000000000
160308  49.363  20.687  -19.215 0.0000000000
159070  49.110  20.068  -19.276 0.0000000000
157762  48.859  19.541  -19.339 0.0000000000
173901  47.344  29.696  -8.795 0.0000000000
172710  48.048  29.668  -8.929 0.0000000000
172708  49.465  29.835  -8.686 0.0000000000
173900  50.090  29.858  -8.880 0.0000000000
175869  52.630  31.621  -4.386 0.0000000000
175884  52.915  31.491  -5.119 0.0000000000
174904  52.222  31.069  -6.117 0.0000000000
172687  52.795  30.150  -5.883 0.0000000000
174902  53.252  30.874  -5.806 0.0000000000
174921  51.713  30.782  -6.721 0.0000000000
173866  51.074  30.279  -7.715 0.0000000000
230560  51.617  30.228  -8.059 0.0000000000
172717  51.390  29.916  -9.180 0.0000000000
172716  52.645  30.085  -9.094 0.0000000000
172715  53.389  29.872  -8.853 0.0000000000
171648  53.534  29.207  -9.420 0.0000000000
171645  52.061  28.715  -8.456 0.0000000000
170608  51.722  28.475  -8.940 0.0000000000
170612  52.675  28.635  -9.530 0.0000000000
170618  51.589  28.006  -10.361 0.0000000000
169663  50.664  27.599  -10.932 0.0000000000
247520  49.979  27.422  -11.014 0.0000000000
169617  43.691  27.015  -3.755 0.0000000000
169620  44.055  27.356  -4.053 0.0000000000
169622  44.619  27.567  -4.791 0.0000000000
168744  43.752  26.349  -5.231 0.0000000000
232402  44.178  26.798  -5.154 0.0000000000
169627  44.916  27.405  -5.277 0.0000000000
169625  45.847  27.519  -5.781 0.0000000000
169631  46.360  27.310  -6.207 0.0000000000
269512  46.496  27.010  -6.535 0.0000000000
164897  43.070  23.996  -6.660 0.0000000000
166921  43.581  24.859  -6.780 0.0000000000
166920  44.021  25.086  -7.043 0.0000000000
165894  44.420  24.682  -8.147 0.0000000000
166919  44.482  25.317  -7.278 0.0000000000
167830  44.762  25.708  -6.991 0.0000000000
167829  45.615  26.139  -7.082 0.0000000000
228417  46.093  26.502  -6.977 0.0000000000
169636  47.134  26.858  -7.179 0.0000000000
169640  47.448  26.818  -7.654 0.0000000000
169643  47.867  26.828  -8.592 0.0000000000
267432  47.986  26.856  -9.086 0.0000000000
167843  46.441  26.164  -9.481 0.0000000000
168766  47.519  26.667  -9.933 0.0000000000
225686  48.576  27.168  -9.479 0.0000000000
169654  48.471  27.050  -10.626 0.0000000000
168775  48.777  27.054  -11.168 0.0000000000
168787  49.124  27.060  -11.699 0.0000000000
246882  48.353  26.509  -12.293 0.0000000000
168797  48.116  26.114  -12.683 0.0000000000
257673  47.698  25.249  -13.202 0.0000000000
240425  46.679  24.848  -12.056 0.0000000000
165958  47.214  24.287  -12.914 0.0000000000
165971  47.577  24.296  -13.416 0.0000000000
164969  47.647  23.692  -13.550 0.0000000000
163895  48.085  22.820  -13.855 0.0000000000
161525  48.391  22.229  -13.716 0.0000000000
162744  46.452  22.694  -10.937 0.0000000000
162743  46.877  22.485  -11.149 0.0000000000
162751  47.105  22.567  -11.643 0.0000000000
161501  47.843  22.006  -11.310 0.0000000000
162750  47.572  22.287  -11.755 0.0000000000
161512  48.184  22.087  -12.615 0.0000000000
247711  48.590  21.750  -12.757 0.0000000000
168710  43.682  26.608  -1.738 0.0000000000
168722  43.250  26.249  -1.907 0.0000000000
167800  42.507  25.626  -1.961 0.0000000000
259261  41.739  26.138  -1.581 0.0000000000
167801  41.905  25.610  -1.691 0.0000000000
268407  41.516  24.875  -2.023 0.0000000000
237822  41.035  24.861  -1.949 0.0000000000
166897  39.206  25.198  -2.150 0.0000000000
243468  39.704  24.292  -2.034 0.0000000000
253660  39.685  23.796  -1.816 0.0000000000
233208  44.001  35.232  -18.326 0.0000000000
179681  43.969  34.599  -19.189 0.0000000000
180529  43.611  34.877  -18.683 0.0000000000
180514  43.386  35.269  -18.175 0.0000000000
178814  41.147  33.825  -18.285 0.0000000000
178829  40.756  33.411  -18.647 0.0000000000
177882  39.864  32.645  -18.827 0.0000000000
177895  40.577  32.663  -19.554 0.0000000000
176957  40.089  32.365  -19.286 0.0000000000
176958  39.645  32.015  -19.024 0.0000000000
175984  39.582  31.405  -19.103 0.0000000000
173991  39.864  30.560  -18.652 0.0000000000
247720  40.255  30.071  -18.305 0.0000000000
176978  41.743  32.642  -21.945 0.0000000000
176002  41.203  31.730  -21.357 0.0000000000
175031  41.020  30.681  -20.882 0.0000000000
175032  40.655  30.866  -20.426 0.0000000000
173998  40.477  30.323  -19.556 0.0000000000
173990  40.401  30.136  -18.883 0.0000000000
172869  41.016  29.154  -17.799 0.0000000000
170742  41.538  27.623  -18.273 0.0000000000
171660  44.729  28.938  -11.366 0.0000000000
172837  42.798  29.440  -14.474 0.0000000000
172844  42.854  29.356  -15.071 0.0000000000
254743  42.936  29.262  -15.580 0.0000000000
172763  49.032  29.367  -11.187 0.0000000000
172785  48.138  29.203  -11.733 0.0000000000
171689  46.986  28.798  -12.632 0.0000000000
171709  47.737  28.741  -13.251 0.0000000000
171728  46.734  28.625  -13.753 0.0000000000
226695  45.680  28.626  -13.566 0.0000000000
171751  44.451  28.641  -14.469 0.0000000000
171766  43.755  28.675  -15.467 0.0000000000
172852  42.833  29.389  -16.091 0.0000000000
171783  43.135  28.918  -16.916 0.0000000000
171790  43.245  28.802  -17.472 0.0000000000
171798  43.364  28.723  -18.070 0.0000000000
170713  44.755  27.984  -17.281 0.0000000000
171797  43.870  28.389  -18.238 0.0000000000
171805  43.501  28.706  -18.683 0.0000000000
171812  43.623  28.720  -19.270 0.0000000000
171818  43.692  28.662  -19.820 0.0000000000
268201  43.792  28.614  -20.296 0.0000000000
224806  50.973  27.205  -13.035 0.0000000000
227644  51.693  27.444  -13.055 0.0000000000
169700  52.811  27.844  -13.774 0.0000000000
169710  51.964  27.120  -14.616 0.0000000000
169708  52.595  27.552  -14.318 0.0000000000
171720  53.126  28.834  -14.176 0.0000000000
171740  52.364  28.909  -14.970 0.0000000000
236654  50.966  28.615  -15.120 0.0000000000
170688  49.711  28.089  -16.130 0.0000000000
168842  52.452  26.447  -17.565 0.0000000000
227575  52.528  26.993  -17.295 0.0000000000
170702  52.489  27.816  -17.245 0.0000000000
257253  51.740  27.655  -18.811 0.0000000000
170737  51.707  27.841  -17.870 0.0000000000
170704  51.836  28.195  -16.859 0.0000000000
170705  50.985  28.068  -16.796 0.0000000000
170706  50.138  27.973  -16.726 0.0000000000
262150  48.920  27.930  -16.733 0.0000000000
255947  48.309  27.568  -17.456 0.0000000000
169751  47.305  27.398  -17.991 0.0000000000
169766  46.473  27.555  -18.936 0.0000000000
243349  47.563  27.323  -19.252 0.0000000000
250542  46.596  27.427  -19.503 0.0000000000
169767  46.049  27.642  -19.361 0.0000000000
170754  45.172  27.874  -19.694 0.0000000000
170760  44.485  28.117  -20.278 0.0000000000
171825  43.697  28.766  -20.847 0.0000000000
171830  44.086  28.679  -21.461 0.0000000000
172910  44.237  28.906  -22.440 0.0000000000
171837  44.411  28.818  -23.389 0.0000000000
258621  45.195  27.790  -23.358 0.0000000000
170791  44.695  28.093  -23.424 0.0000000000
170784  44.302  28.512  -23.513 0.0000000000
169819  43.599  27.620  -22.285 0.0000000000
169807  43.067  27.450  -21.439 0.0000000000
237041  43.130  26.860  -21.060 0.0000000000
167977  48.152  26.440  -22.067 0.0000000000
167988  46.911  26.273  -22.068 0.0000000000
167979  46.140  26.104  -22.202 0.0000000000
265763  46.393  25.551  -20.390 0.0000000000
167965  45.773  25.661  -21.532 0.0000000000
167966  45.180  25.590  -21.550 0.0000000000
167968  44.064  25.853  -21.240 0.0000000000
167969  43.586  26.062  -20.971 0.0000000000
168862  42.875  26.806  -20.537 0.0000000000
167954  42.980  26.269  -20.187 0.0000000000
167939  42.652  26.120  -19.552 0.0000000000
167929  42.350  25.618  -19.018 0.0000000000
252803  43.381  24.778  -18.527 0.0000000000
228309  42.720  24.796  -18.615 0.0000000000
159062  48.350  20.214  -18.545 0.0000000000
159063  47.792  20.056  -18.330 0.0000000000
156488  52.617  19.381  -17.154 0.0000000000
157730  53.212  19.710  -16.728 0.0000000000
157738  52.093  19.524  -17.596 0.0000000000
157761  49.460  19.662  -19.207 0.0000000000
159039  46.786  20.527  -16.185 0.0000000000
159046  53.031  20.279  -16.743 0.0000000000
159052  48.019  20.516  -17.896 0.0000000000
159058  52.458  20.462  -18.350 0.0000000000
159061  48.886  20.422  -18.917 0.0000000000
159067  51.020  20.657  -18.691 0.0000000000
160275  46.491  20.784  -15.785 0.0000000000
160280  53.109  20.464  -17.260 0.0000000000
160283  47.869  21.230  -17.291 0.0000000000
160288  53.014  20.760  -17.804 0.0000000000
160290  48.085  20.947  -17.661 0.0000000000
160295  52.881  21.143  -18.266 0.0000000000
160296  52.558  20.916  -18.548 0.0000000000
160297  51.882  20.723  -18.656 0.0000000000
160304  51.970  21.189  -18.805 0.0000000000
161519  48.445  21.919  -13.178 0.0000000000
161533  46.158  21.785  -15.081 0.0000000000
161539  49.774  21.660  -15.298 0.0000000000
161540  49.331  22.038  -15.152 0.0000000000
161541  46.865  21.586  -15.968 0.0000000000
161547  50.398  21.536  -16.091 0.0000000000
161555  50.678  21.809  -16.613 0.0000000000
161556  48.005  21.656  -17.263 0.0000000000
161557  47.687  21.585  -16.895 0.0000000000
161572  49.147  21.683  -18.439 0.0000000000
161580  51.263  21.513  -18.981 0.0000000000
161581  50.719  21.901  -19.112 0.0000000000
162699  44.680  22.261  -8.674 0.0000000000
162700  44.396  22.696  -8.507 0.0000000000
162725  45.174  22.931  -9.662 0.0000000000
162735  46.208  22.488  -10.446 0.0000000000
162783  49.251  22.570  -15.558 0.0000000000
162792  47.406  22.026  -16.637 0.0000000000
162793  47.061  22.460  -16.399 0.0000000000
162797  51.085  22.083  -17.035 0.0000000000
162806  52.444  22.233  -17.813 0.0000000000
162807  51.276  22.515  -17.315 0.0000000000
162809  48.790  22.502  -17.786 0.0000000000
162816  49.766  22.481  -18.715 0.0000000000
162820  52.814  22.475  -18.796 0.0000000000
162828  52.596  22.716  -19.154 0.0000000000
162829  52.174  22.816  -19.391 0.0000000000
163828  43.107  23.080  -7.130 0.0000000000
163829  42.754  23.055  -6.699 0.0000000000
163834  44.180  23.165  -8.356 0.0000000000
163867  45.590  23.443  -10.493 0.0000000000
163881  46.998  23.015  -12.003 0.0000000000
163890  47.091  23.230  -12.365 0.0000000000
163899  48.254  23.201  -14.392 0.0000000000
163918  49.832  23.312  -16.382 0.0000000000
163919  49.497  22.947  -16.028 0.0000000000
163924  50.657  23.232  -16.988 0.0000000000
163925  50.217  23.082  -16.707 0.0000000000
163931  52.281  23.241  -17.864 0.0000000000
163932  51.653  23.000  -17.526 0.0000000000
163933  48.562  22.874  -17.577 0.0000000000
163938  52.901  22.937  -18.554 0.0000000000
163939  49.433  22.982  -18.356 0.0000000000
163946  51.004  22.874  -19.388 0.0000000000
164892  41.896  23.741  -4.894 0.0000000000
164898  42.656  23.614  -6.359 0.0000000000
164904  44.009  23.701  -8.171 0.0000000000
164905  43.663  23.712  -7.727 0.0000000000
164908  44.296  23.645  -8.580 0.0000000000
164911  44.483  23.538  -8.862 0.0000000000
164920  45.313  23.993  -10.239 0.0000000000
164921  44.983  24.159  -9.765 0.0000000000
164945  46.167  23.833  -11.389 0.0000000000
164956  46.421  23.944  -11.802 0.0000000000
164963  47.095  23.702  -12.643 0.0000000000
164981  48.765  23.921  -15.170 0.0000000000
164982  48.507  23.572  -14.836 0.0000000000
165004  51.314  23.858  -17.267 0.0000000000
165013  51.164  23.401  -17.300 0.0000000000
165024  48.601  23.804  -17.949 0.0000000000
165028  52.807  23.397  -18.652 0.0000000000
165031  49.287  23.959  -18.619 0.0000000000
165034  52.614  23.447  -18.951 0.0000000000
165035  52.253  23.585  -19.365 0.0000000000
165036  51.668  23.591  -19.597 0.0000000000
165038  50.006  24.183  -19.371 0.0000000000
165892  43.421  24.324  -6.972 0.0000000000
165917  45.781  24.919  -10.851 0.0000000000
165918  45.558  24.486  -10.556 0.0000000000
165983  47.867  24.550  -13.748 0.0000000000
165994  48.717  24.453  -15.035 0.0000000000
165995  48.427  24.565  -14.566 0.0000000000
166004  49.386  24.692  -15.712 0.0000000000
166005  49.036  24.319  -15.450 0.0000000000
166014  50.090  24.644  -16.362 0.0000000000
166015  49.686  24.494  -16.055 0.0000000000
166035  52.355  24.378  -17.929 0.0000000000
166041  45.433  24.647  -17.424 0.0000000000
166057  45.061  24.888  -17.893 0.0000000000
166058  43.744  24.688  -17.946 0.0000000000
166074  50.852  24.661  -19.763 0.0000000000
166894  41.411  25.278  -1.846 0.0000000000
166896  40.152  25.350  -1.999 0.0000000000
166908  42.429  25.066  -3.722 0.0000000000
166911  42.986  25.352  -5.257 0.0000000000
166924  44.207  24.871  -7.576 0.0000000000
166926  45.070  25.501  -8.072 0.0000000000
166927  44.810  25.065  -8.440 0.0000000000
166930  44.970  24.969  -9.064 0.0000000000
166932  45.450  25.041  -9.915 0.0000000000
166936  45.607  24.989  -10.355 0.0000000000
166954  46.719  25.379  -11.788 0.0000000000
166962  47.418  24.844  -13.119 0.0000000000
166963  47.108  25.429  -12.259 0.0000000000
166969  48.056  25.443  -13.509 0.0000000000
166974  48.660  25.525  -14.260 0.0000000000
166975  48.346  25.015  -14.200 0.0000000000
166983  48.922  25.287  -14.730 0.0000000000
167007  51.398  25.639  -16.715 0.0000000000
167008  51.203  25.053  -16.887 0.0000000000
167009  50.601  24.859  -16.690 0.0000000000
167017  52.577  24.659  -18.365 0.0000000000
167018  51.785  25.309  -17.169 0.0000000000
167019  44.436  24.821  -17.859 0.0000000000
167025  52.469  25.273  -18.200 0.0000000000
167027  46.761  25.037  -18.613 0.0000000000
167029  45.274  25.097  -18.417 0.0000000000
167033  42.181  25.146  -18.639 0.0000000000
167040  47.069  25.136  -19.011 0.0000000000
167042  45.547  25.195  -19.014 0.0000000000
167044  43.729  24.973  -18.935 0.0000000000
167046  42.595  25.138  -18.954 0.0000000000
167051  51.986  24.932  -19.588 0.0000000000
167053  50.173  25.051  -19.826 0.0000000000
167055  48.858  25.167  -19.480 0.0000000000
167058  47.104  25.317  -19.537 0.0000000000
167059  46.559  25.341  -19.644 0.0000000000
167063  42.856  25.347  -19.432 0.0000000000
167072  47.413  25.583  -20.068 0.0000000000
167076  45.043  25.213  -20.104 0.0000000000
167077  44.095  25.317  -20.345 0.0000000000
167078  43.560  25.464  -20.185 0.0000000000
167084  46.039  25.532  -20.774 0.0000000000
167085  45.401  25.405  -20.985 0.0000000000
167822  43.903  26.001  -5.771 0.0000000000
167827  43.594  25.556  -6.020 0.0000000000
167831  44.267  25.534  -6.796 0.0000000000
167833  45.885  26.009  -7.959 0.0000000000
167834  45.457  25.868  -7.634 0.0000000000
167837  45.967  25.980  -8.499 0.0000000000
167840  45.978  25.891  -9.134 0.0000000000
167847  46.642  26.071  -10.513 0.0000000000
167851  46.720  25.962  -10.939 0.0000000000
167870  47.612  25.798  -12.523 0.0000000000
167877  47.866  25.667  -13.009 0.0000000000
167885  48.533  25.768  -13.727 0.0000000000
167891  50.323  26.091  -14.967 0.0000000000
167892  49.727  25.924  -14.756 0.0000000000
167893  49.180  25.765  -14.520 0.0000000000
167897  51.013  26.120  -15.712 0.0000000000
167898  50.461  25.888  -15.483 0.0000000000
167904  51.190  25.914  -16.220 0.0000000000
167910  51.747  26.181  -16.543 0.0000000000
167917  52.187  25.873  -17.371 0.0000000000
167922  52.485  25.835  -18.472 0.0000000000
167927  52.379  25.774  -18.958 0.0000000000
167934  52.249  25.446  -19.388 0.0000000000
167936  51.558  25.862  -20.232 0.0000000000
167937  47.928  25.646  -20.091 0.0000000000
167938  43.073  25.663  -19.956 0.0000000000
167943  51.661  26.502  -20.318 0.0000000000
167945  50.771  26.212  -20.926 0.0000000000
167949  47.769  25.838  -20.597 0.0000000000
167951  46.635  25.727  -20.733 0.0000000000
167952  43.824  25.636  -20.685 0.0000000000
167958  50.948  26.767  -21.315 0.0000000000
167962  48.227  26.068  -21.310 0.0000000000
167967  44.619  25.707  -21.461 0.0000000000
167978  47.568  26.410  -22.126 0.0000000000
167980  45.538  25.884  -22.015 0.0000000000
167981  45.022  25.993  -22.142 0.0000000000
167989  46.146  26.543  -22.760 0.0000000000
168733  43.775  26.758  -2.388 0.0000000000
168734  43.430  26.489  -2.798 0.0000000000
168746  45.089  26.622  -6.009 0.0000000000
168748  46.101  26.828  -6.494 0.0000000000
168750  44.897  26.188  -6.231 0.0000000000
168753  46.564  26.805  -6.846 0.0000000000
168760  47.441  26.681  -8.138 0.0000000000
168765  48.085  26.910  -9.571 0.0000000000
168770  47.506  26.597  -10.528 0.0000000000
168776  48.196  26.785  -11.173 0.0000000000
168788  48.492  26.757  -11.744 0.0000000000
168796  49.353  26.770  -12.708 0.0000000000
168803  49.734  26.725  -13.130 0.0000000000
168818  50.155  26.311  -14.459 0.0000000000
168835  52.596  27.221  -16.825 0.0000000000
168836  52.268  26.479  -17.017 0.0000000000
168847  52.472  26.603  -18.191 0.0000000000
168857  51.869  26.931  -20.066 0.0000000000
168860  51.592  27.049  -20.686 0.0000000000
168865  50.798  27.122  -21.578 0.0000000000
168868  43.427  26.479  -21.177 0.0000000000
168873  50.113  27.174  -21.676 0.0000000000
168875  48.878  27.026  -22.051 0.0000000000
168876  48.175  26.996  -22.478 0.0000000000
168877  48.028  26.862  -22.580 0.0000000000
168878  44.402  26.747  -22.514 0.0000000000
168879  43.995  26.625  -21.964 0.0000000000
168880  43.531  26.902  -21.665 0.0000000000
168884  47.883  26.974  -22.640 0.0000000000
168886  45.746  26.654  -22.939 0.0000000000
168891  46.552  27.127  -22.678 0.0000000000
168892  45.964  27.001  -23.213 0.0000000000
168894  45.435  27.130  -23.119 0.0000000000
169616  44.019  27.377  -3.386 0.0000000000
169619  44.375  27.618  -4.339 0.0000000000
169623  44.500  27.181  -5.105 0.0000000000
169626  45.332  27.136  -5.767 0.0000000000
169630  46.933  27.189  -6.593 0.0000000000
169632  45.864  27.108  -6.098 0.0000000000
169638  48.854  27.456  -7.995 0.0000000000
169642  48.338  27.145  -8.258 0.0000000000
169647  49.478  27.497  -9.484 0.0000000000
169648  48.957  27.299  -9.726 0.0000000000
169649  48.493  27.130  -10.004 0.0000000000
169651  50.279  27.609  -10.414 0.0000000000
169653  48.937  27.263  -10.275 0.0000000000
169664  49.325  27.256  -11.125 0.0000000000
169677  51.508  27.591  -11.916 0.0000000000
169685  51.238  27.390  -12.490 0.0000000000
169686  50.568  27.200  -12.547 0.0000000000
169691  52.604  27.785  -13.113 0.0000000000
169693  50.762  26.921  -13.523 0.0000000000
169709  52.635  27.402  -15.036 0.0000000000
169725  52.729  27.644  -17.023 0.0000000000
169726  48.077  27.693  -17.030 0.0000000000
169732  52.474  27.490  -17.548 0.0000000000
169735  50.160  27.652  -17.759 0.0000000000
169736  49.479  27.609  -17.727 0.0000000000
169737  47.774  27.449  -17.542 0.0000000000
169738  47.124  27.497  -17.427 0.0000000000
169744  52.342  27.347  -18.125 0.0000000000
169745  52.101  27.557  -18.522 0.0000000000
169746  51.352  27.756  -18.354 0.0000000000
169752  46.893  27.466  -18.467 0.0000000000
169753  46.316  27.642  -18.367 0.0000000000
169754  41.787  27.093  -18.360 0.0000000000
169758  51.964  27.412  -19.148 0.0000000000
169761  49.570  27.369  -18.801 0.0000000000
169764  47.958  27.335  -18.917 0.0000000000
169765  47.027  27.403  -19.067 0.0000000000
169771  51.792  27.322  -19.801 0.0000000000
169772  51.421  27.503  -20.242 0.0000000000
169773  50.806  27.453  -19.775 0.0000000000
169774  49.921  27.343  -19.530 0.0000000000
169775  48.823  27.352  -19.446 0.0000000000
169777  47.648  27.297  -19.786 0.0000000000
169778  47.151  27.334  -19.652 0.0000000000
169780  45.649  27.692  -19.772 0.0000000000
169787  51.227  27.378  -20.879 0.0000000000
169788  50.829  27.482  -21.232 0.0000000000
169790  48.396  27.366  -20.987 0.0000000000
169793  46.339  27.388  -20.559 0.0000000000
169794  45.752  27.574  -20.341 0.0000000000
169799  50.898  27.329  -21.352 0.0000000000
169800  50.560  27.319  -21.548 0.0000000000
169801  50.080  27.338  -21.526 0.0000000000
169803  48.468  27.296  -21.744 0.0000000000
169805  46.573  27.379  -21.286 0.0000000000
169812  49.598  27.094  -21.763 0.0000000000
169816  45.933  27.737  -22.194 0.0000000000
169824  47.337  26.985  -22.514 0.0000000000
169825  46.677  27.272  -22.522 0.0000000000
169826  45.084  27.602  -23.407 0.0000000000
169828  44.171  27.977  -23.300 0.0000000000
169833  45.653  27.460  -23.146 0.0000000000
170577  44.720  28.194  -3.304 0.0000000000
170580  45.300  28.460  -4.558 0.0000000000
170583  46.179  28.371  -5.255 0.0000000000
170584  45.591  28.218  -5.076 0.0000000000
170587  46.948  28.072  -5.817 0.0000000000
170589  45.397  27.703  -5.403 0.0000000000
170592  47.473  27.643  -6.407 0.0000000000
170595  49.711  28.142  -7.099 0.0000000000
170596  49.330  28.190  -6.620 0.0000000000
170597  48.450  27.640  -7.056 0.0000000000
170600  49.806  27.992  -7.823 0.0000000000
170601  49.233  27.803  -7.587 0.0000000000
170602  48.756  27.602  -7.462 0.0000000000
170605  49.232  27.533  -8.490 0.0000000000
170609  49.631  27.652  -8.918 0.0000000000
170615  49.909  27.578  -9.909 0.0000000000
170623  53.696  28.818  -11.527 0.0000000000
170624  53.032  28.443  -10.705 0.0000000000
170636  52.397  27.928  -11.839 0.0000000000
170651  53.342  28.554  -13.051 0.0000000000
170652  53.184  28.189  -13.461 0.0000000000
170656  53.264  28.591  -13.642 0.0000000000
170657  53.151  28.206  -14.222 0.0000000000
170661  53.089  28.268  -14.919 0.0000000000
170663  47.665  28.338  -15.036 0.0000000000
170664  46.810  28.379  -14.966 0.0000000000
170667  45.321  28.466  -14.944 0.0000000000
170671  53.007  28.404  -15.509 0.0000000000
170672  51.177  28.419  -15.764 0.0000000000
170673  50.241  28.312  -15.523 0.0000000000
170674  48.891  28.227  -15.464 0.0000000000
170675  48.261  28.194  -15.397 0.0000000000
170676  47.208  28.143  -15.391 0.0000000000
170678  46.009  28.129  -15.619 0.0000000000
170679  45.374  28.234  -15.496 0.0000000000
170685  52.484  28.341  -16.543 0.0000000000
170689  49.109  28.031  -16.320 0.0000000000
170691  47.416  27.905  -15.998 0.0000000000
170692  46.456  27.963  -15.988 0.0000000000
170693  45.986  27.951  -16.186 0.0000000000
170694  45.093  27.978  -16.654 0.0000000000
170696  44.141  28.304  -16.354 0.0000000000
170703  52.311  28.078  -17.058 0.0000000000
170707  49.455  27.939  -16.729 0.0000000000
170709  47.799  27.828  -16.523 0.0000000000
170710  46.934  27.622  -16.859 0.0000000000
170711  45.920  27.752  -17.233 0.0000000000
170714  44.142  28.211  -17.040 0.0000000000
170719  52.085  27.968  -17.473 0.0000000000
170720  51.500  28.015  -17.334 0.0000000000
170721  50.543  27.890  -17.276 0.0000000000
170724  48.616  27.781  -17.122 0.0000000000
170726  46.134  27.691  -17.812 0.0000000000
170729  44.278  28.135  -17.752 0.0000000000
170738  45.919  27.750  -18.817 0.0000000000
170741  44.396  28.148  -18.416 0.0000000000
170747  45.529  27.844  -19.252 0.0000000000
170749  44.494  28.130  -19.035 0.0000000000
170755  44.594  28.060  -19.691 0.0000000000
170757  42.024  27.882  -19.601 0.0000000000
170759  45.358  27.780  -20.137 0.0000000000
170773  45.568  27.858  -21.655 0.0000000000
170776  43.203  27.984  -22.081 0.0000000000
170781  46.098  27.614  -22.706 0.0000000000
170782  45.561  27.920  -22.689 0.0000000000
170783  45.017  28.203  -22.969 0.0000000000
170785  43.872  28.184  -23.282 0.0000000000
170786  43.356  28.441  -22.937 0.0000000000
170790  45.737  27.677  -23.060 0.0000000000
171605  45.550  28.808  -3.475 0.0000000000
171612  47.232  29.068  -4.996 0.0000000000
171614  45.948  28.649  -4.766 0.0000000000
171617  49.190  28.931  -5.747 0.0000000000
171618  48.582  28.907  -5.655 0.0000000000
171619  47.651  28.836  -5.401 0.0000000000
171621  46.676  28.385  -5.449 0.0000000000
171623  51.173  29.142  -6.535 0.0000000000
171625  49.784  28.841  -6.044 0.0000000000
171632  51.380  28.987  -6.955 0.0000000000
171633  50.314  28.544  -6.931 0.0000000000
171638  50.944  28.499  -7.900 0.0000000000
171640  53.341  29.555  -8.334 0.0000000000
171641  52.664  29.061  -8.245 0.0000000000
171642  51.239  28.460  -8.428 0.0000000000
171644  53.484  29.586  -8.820 0.0000000000
171646  53.737  29.297  -10.464 0.0000000000
171647  53.740  29.296  -10.007 0.0000000000
171650  53.754  28.956  -10.554 0.0000000000
171659  45.297  28.932  -11.431 0.0000000000
171667  53.601  29.002  -12.186 0.0000000000
171668  47.261  28.997  -12.177 0.0000000000
171671  45.545  28.803  -11.966 0.0000000000
171672  44.943  28.810  -11.911 0.0000000000
171683  53.410  28.899  -12.714 0.0000000000
171687  48.105  28.913  -12.772 0.0000000000
171690  46.343  28.728  -12.661 0.0000000000
171707  49.049  28.796  -13.424 0.0000000000
171710  46.807  28.687  -13.152 0.0000000000
171711  46.240  28.645  -13.355 0.0000000000
171712  44.757  28.677  -13.592 0.0000000000
171713  44.154  28.750  -13.437 0.0000000000
171721  52.244  29.137  -14.443 0.0000000000
171722  51.421  28.973  -14.194 0.0000000000
171723  50.713  28.847  -14.030 0.0000000000
171724  50.042  28.772  -13.988 0.0000000000
171725  49.344  28.692  -13.984 0.0000000000
171726  48.691  28.630  -13.941 0.0000000000
171727  48.141  28.630  -13.927 0.0000000000
171729  46.126  28.581  -14.053 0.0000000000
171730  45.502  28.615  -14.090 0.0000000000
171731  44.928  28.652  -14.157 0.0000000000
171741  51.593  28.859  -14.758 0.0000000000
171743  49.674  28.587  -14.552 0.0000000000
171746  47.791  28.547  -14.401 0.0000000000
171748  46.261  28.479  -14.700 0.0000000000
171750  44.848  28.561  -14.731 0.0000000000
171761  51.792  28.701  -15.355 0.0000000000
171763  49.741  28.436  -15.107 0.0000000000
171765  44.247  28.391  -15.683 0.0000000000
171773  52.157  28.583  -15.980 0.0000000000
171774  43.561  28.645  -16.463 0.0000000000
171782  43.627  28.530  -17.016 0.0000000000
171806  41.487  28.574  -19.202 0.0000000000
171824  44.174  28.397  -20.723 0.0000000000
171826  41.677  28.862  -20.637 0.0000000000
171838  43.945  28.654  -23.614 0.0000000000
171843  44.666  28.484  -23.354 0.0000000000
172667  46.904  29.630  -3.781 0.0000000000
172668  46.483  29.496  -3.369 0.0000000000
172673  47.659  29.586  -4.463 0.0000000000
172674  47.127  29.475  -4.292 0.0000000000
172675  46.599  29.360  -4.073 0.0000000000
172678  50.240  29.524  -5.167 0.0000000000
172679  49.739  29.523  -5.066 0.0000000000
172681  48.461  29.485  -4.991 0.0000000000
172682  47.912  29.397  -4.927 0.0000000000
172683  47.413  29.306  -4.781 0.0000000000
172688  51.562  29.638  -5.658 0.0000000000
172690  49.870  29.250  -5.546 0.0000000000
172692  48.803  29.237  -5.394 0.0000000000
172697  51.940  29.494  -6.205 0.0000000000
172702  52.986  29.659  -7.183 0.0000000000
172705  53.451  29.836  -8.045 0.0000000000
172709  48.738  29.690  -8.765 0.0000000000
172718  50.462  29.781  -9.253 0.0000000000
172719  49.772  29.681  -9.234 0.0000000000
172720  49.155  29.607  -9.205 0.0000000000
172722  47.566  29.559  -9.317 0.0000000000
172724  46.019  29.501  -9.401 0.0000000000
172730  53.200  29.892  -9.664 0.0000000000
172733  49.451  29.524  -9.671 0.0000000000
172735  48.526  29.465  -10.140 0.0000000000
172736  46.192  29.411  -9.959 0.0000000000
172742  53.062  29.786  -10.336 0.0000000000
172743  51.364  29.566  -10.687 0.0000000000
172744  50.390  29.392  -10.948 0.0000000000
172745  49.732  29.462  -10.160 0.0000000000
172746  48.183  29.388  -10.691 0.0000000000
172750  44.862  29.251  -10.488 0.0000000000
172757  53.661  29.292  -11.385 0.0000000000
172759  52.946  29.619  -10.966 0.0000000000
172764  48.451  29.340  -11.210 0.0000000000
172766  46.718  29.256  -11.155 0.0000000000
172767  46.177  29.193  -11.061 0.0000000000
172768  45.619  29.119  -10.970 0.0000000000
172769  45.053  29.093  -10.920 0.0000000000
172778  53.588  29.176  -11.968 0.0000000000
172779  53.261  29.399  -11.809 0.0000000000
172780  52.666  29.523  -11.568 0.0000000000
172782  50.325  29.248  -11.974 0.0000000000
172784  48.740  29.271  -11.718 0.0000000000
172786  47.553  29.169  -11.715 0.0000000000
172787  46.983  29.139  -11.671 0.0000000000
172788  46.424  29.067  -11.596 0.0000000000
172799  53.463  29.088  -12.447 0.0000000000
172801  52.432  29.397  -12.318 0.0000000000
172802  51.402  29.300  -12.602 0.0000000000
172803  50.577  29.195  -12.550 0.0000000000
172804  49.899  29.125  -12.416 0.0000000000
172805  49.172  29.158  -12.224 0.0000000000
172807  47.834  29.053  -12.228 0.0000000000
172817  53.209  29.117  -13.016 0.0000000000
172818  52.218  29.310  -13.310 0.0000000000
172819  51.584  29.235  -13.241 0.0000000000
172820  50.873  29.127  -13.106 0.0000000000
172828  52.047  29.234  -13.810 0.0000000000
172829  43.253  29.070  -13.777 0.0000000000
172836  43.273  29.027  -14.657 0.0000000000
172843  43.290  28.979  -15.270 0.0000000000
172851  43.298  28.919  -15.896 0.0000000000
172859  43.057  29.038  -16.437 0.0000000000
172860  42.778  29.485  -16.757 0.0000000000
172867  42.860  29.276  -17.349 0.0000000000
172868  42.660  29.659  -17.751 0.0000000000
172875  42.912  29.138  -17.914 0.0000000000
172883  43.032  29.078  -18.503 0.0000000000
172885  41.390  28.878  -19.745 0.0000000000
172889  43.175  29.073  -19.092 0.0000000000
172896  43.293  29.059  -19.679 0.0000000000
172898  41.391  29.099  -20.303 0.0000000000
172918  44.161  29.245  -23.532 0.0000000000
172924  43.984  29.441  -23.765 0.0000000000
173806  48.460  30.273  -3.288 0.0000000000
173815  51.251  30.620  -4.089 0.0000000000
173818  48.035  29.905  -4.152 0.0000000000
173824  51.816  30.592  -4.459 0.0000000000
173826  48.711  29.876  -4.502 0.0000000000
173829  53.267  30.817  -5.720 0.0000000000
173830  52.921  30.574  -5.403 0.0000000000
173832  50.747  29.750  -5.024 0.0000000000
173837  53.270  30.518  -6.215 0.0000000000
173850  51.356  30.522  -7.227 0.0000000000
173851  49.915  30.404  -6.874 0.0000000000
173852  49.239  30.285  -7.012 0.0000000000
173863  53.274  29.919  -7.726 0.0000000000
173865  52.189  30.407  -7.637 0.0000000000
173867  49.748  30.198  -7.431 0.0000000000
173880  53.426  29.925  -8.133 0.0000000000
173882  51.927  30.140  -8.560 0.0000000000
173883  50.899  30.107  -8.233 0.0000000000
173885  48.864  29.928  -8.210 0.0000000000
173886  48.196  29.859  -8.351 0.0000000000
173887  47.648  29.829  -8.458 0.0000000000
173897  53.375  29.961  -8.433 0.0000000000
173898  52.982  30.125  -8.644 0.0000000000
173899  50.759  29.952  -8.760 0.0000000000
173902  46.967  29.574  -9.164 0.0000000000
173964  42.111  30.372  -15.236 0.0000000000
173969  42.275  30.349  -15.963 0.0000000000
173975  42.313  30.383  -16.479 0.0000000000
173982  42.480  30.141  -17.527 0.0000000000
173988  42.544  30.146  -18.161 0.0000000000
173996  42.733  29.962  -19.174 0.0000000000
174003  42.759  29.973  -19.779 0.0000000000
174014  43.348  29.606  -21.517 0.0000000000
174859  52.634  31.617  -4.130 0.0000000000
174861  50.606  30.617  -3.767 0.0000000000
174862  49.982  30.642  -3.457 0.0000000000
174870  52.949  31.323  -4.723 0.0000000000
174885  53.281  31.031  -5.561 0.0000000000
174886  53.271  31.125  -5.576 0.0000000000
174887  52.862  31.281  -5.729 0.0000000000
174903  53.199  30.961  -6.003 0.0000000000
174905  51.028  30.914  -6.279 0.0000000000
174906  50.073  30.730  -6.293 0.0000000000
174919  53.200  30.604  -6.345 0.0000000000
174920  52.899  30.779  -6.570 0.0000000000
175009  42.387  30.629  -17.781 0.0000000000
175016  39.512  30.707  -18.276 0.0000000000
175021  39.706  30.971  -19.074 0.0000000000
175037  41.202  31.110  -21.349 0.0000000000
175043  41.524  30.901  -21.816 0.0000000000
175851  52.499  31.965  -3.808 0.0000000000
175868  53.157  31.232  -5.231 0.0000000000
175870  52.346  31.944  -4.358 0.0000000000
175976  42.603  31.600  -18.348 0.0000000000
175995  40.821  31.841  -20.862 0.0000000000
176000  43.391  31.829  -21.668 0.0000000000
176006  43.551  31.645  -22.671 0.0000000000
176017  43.406  31.772  -23.846 0.0000000000
176021  43.512  32.161  -24.133 0.0000000000
176964  42.983  32.063  -19.336 0.0000000000
176970  43.626  32.299  -20.526 0.0000000000
176973  40.512  31.937  -20.367 0.0000000000
176979  41.369  32.205  -21.353 0.0000000000
176987  41.644  32.116  -22.028 0.0000000000
176991  42.949  32.650  -23.931 0.0000000000
176992  42.404  32.395  -23.380 0.0000000000
176996  43.459  32.312  -24.172 0.0000000000
177880  40.910  33.188  -19.236 0.0000000000
177922  44.845  32.948  -23.296 0.0000000000
178836  43.178  33.763  -20.134 0.0000000000
179692  44.349  34.355  -19.733 0.0000000000
179702  45.400  34.025  -21.136 0.0000000000
179710  45.524  33.702  -21.973 0.0000000000
224765  45.277  28.591  -14.497 0.0000000000
225055  46.887  27.800  -16.295 0.0000000000
225329  47.862  26.960  -7.921 0.0000000000
225353  46.982  27.434  -21.824 0.0000000000
225583  51.070  28.687  -7.325 0.0000000000
226034  49.365  29.415  -10.649 0.0000000000
226099  47.926  29.438  -10.173 0.0000000000
226192  49.721  27.269  -11.608 0.0000000000
226340  50.362  30.157  -4.290 0.0000000000
226373  50.123  26.711  -13.586 0.0000000000
226424  52.751  27.939  -12.475 0.0000000000
226480  52.034  28.018  -10.763 0.0000000000
226516  44.204  25.099  -19.352 0.0000000000
226857  44.947  25.169  -19.507 0.0000000000
226943  45.772  27.808  -18.279 0.0000000000
227078  48.786  29.431  -10.657 0.0000000000
227079  45.217  28.679  -13.234 0.0000000000
227172  46.299  29.023  -4.440 0.0000000000
227385  47.325  29.422  -10.199 0.0000000000
227751  52.533  30.689  -4.900 0.0000000000
227766  50.537  31.022  -5.862 0.0000000000
227767  46.973  26.476  -9.686 0.0000000000
227866  50.288  30.143  -7.849 0.0000000000
227876  48.668  28.084  -16.007 0.0000000000
228316  48.938  26.782  -12.255 0.0000000000
228400  45.292  26.395  -6.354 0.0000000000
228533  45.275  27.933  -18.182 0.0000000000
228549  50.151  27.923  -8.785 0.0000000000
228620  47.552  26.502  -11.133 0.0000000000
228683  48.979  27.157  -21.900 0.0000000000
228694  48.628  27.414  -18.309 0.0000000000
228772  48.102  27.374  -18.433 0.0000000000
229962  44.705  26.413  -5.884 0.0000000000
230040  52.856  29.029  -14.606 0.0000000000
230510  46.552  26.541  -7.356 0.0000000000
230751  52.260  29.770  -10.175 0.0000000000
230813  53.237  28.348  -11.396 0.0000000000
231122  50.163  29.291  -11.484 0.0000000000
231165  50.512  29.506  -10.265 0.0000000000
231697  48.378  27.083  -8.946 0.0000000000
231700  47.533  26.692  -9.233 0.0000000000
231851  43.212  25.235  -5.711 0.0000000000
231935  53.083  28.632  -14.617 0.0000000000
232197  47.703  27.106  -7.387 0.0000000000
232271  48.098  28.655  -5.710 0.0000000000
232685  47.250  28.674  -13.511 0.0000000000
232719  52.980  28.109  -15.948 0.0000000000
233283  45.253  26.437  -22.796 0.0000000000
233354  49.470  28.242  -15.525 0.0000000000
233373  47.540  27.291  -6.882 0.0000000000
233622  52.920  22.066  -18.542 0.0000000000
233761  46.706  29.409  -10.151 0.0000000000
234113  46.168  22.676  -15.177 0.0000000000
234732  53.547  29.562  -9.480 0.0000000000
235359  45.203  28.732  -12.553 0.0000000000
235989  44.357  27.635  -2.578 0.0000000000
236350  47.035  26.079  -11.274 0.0000000000
236409  48.719  24.862  -14.832 0.0000000000
236661  52.731  27.972  -16.749 0.0000000000
236778  44.757  34.971  -18.849 0.0000000000
236930  44.968  27.930  -20.209 0.0000000000
237651  44.996  28.324  -2.794 0.0000000000
238645  47.244  28.616  -14.084 0.0000000000
238759  48.209  22.735  -17.307 0.0000000000
239021  47.780  22.317  -12.236 0.0000000000
239112  44.238  28.579  -15.011 0.0000000000
239391  48.870  30.282  -3.587 0.0000000000
239451  46.920  27.975  -15.810 0.0000000000
239661  48.017  27.321  -20.317 0.0000000000
239868  42.290  31.201  -23.106 0.0000000000
242246  52.700  29.333  -12.953 0.0000000000
242528  47.742  24.911  -13.504 0.0000000000
242709  53.134  29.022  -13.663 0.0000000000
242844  49.464  25.726  -20.556 0.0000000000
242851  44.150  27.208  -4.664 0.0000000000
243001  46.418  25.844  -21.429 0.0000000000
243030  48.943  22.898  -15.276 0.0000000000
243241  42.642  29.908  -18.672 0.0000000000
243486  52.067  30.096  -5.317 0.0000000000
243764  42.600  27.419  -20.361 0.0000000000
244286  47.267  28.728  -13.037 0.0000000000
244287  46.477  29.342  -10.648 0.0000000000
244610  48.506  30.124  -3.848 0.0000000000
247069  52.379  30.255  -8.094 0.0000000000
247517  50.410  27.404  -11.509 0.0000000000
248593  47.096  24.856  -12.625 0.0000000000
248729  41.697  28.134  -19.264 0.0000000000
250348  40.925  30.266  -20.413 0.0000000000
253624  50.963  27.852  -10.345 0.0000000000
253936  48.147  28.421  -14.847 0.0000000000
254344  52.329  30.614  -7.107 0.0000000000
254345  52.301  31.409  -5.584 0.0000000000
255459  53.656  28.800  -11.022 0.0000000000
255482  53.617  28.830  -11.976 0.0000000000
255884  48.125  26.534  -11.979 0.0000000000
256504  46.930  26.473  -9.046 0.0000000000
256897  43.211  26.387  -20.726 0.0000000000
256971  45.797  28.721  -12.424 0.0000000000
257061  46.485  34.357  -20.207 0.0000000000
257328  43.431  28.957  -20.263 0.0000000000
257870  47.645  29.479  -9.785 0.0000000000
257905  44.421  28.658  -22.106 0.0000000000
258024  51.746  27.186  -14.063 0.0000000000
258164  49.969  26.471  -14.007 0.0000000000
258312  45.561  34.535  -19.690 0.0000000000
258479  43.435  28.943  -14.187 0.0000000000
258949  42.946  25.938  -2.105 0.0000000000
258991  46.841  29.731  -8.731 0.0000000000
259423  44.362  28.854  -11.807 0.0000000000
260551  48.804  27.566  -17.704 0.0000000000
261046  43.375  30.224  -23.765 0.0000000000
261333  42.813  27.961  -21.465 0.0000000000
261708  48.480  25.199  -19.390 0.0000000000
262026  49.314  27.353  -19.279 0.0000000000
262344  52.889  28.572  -15.554 0.0000000000
262593  48.718  22.376  -14.597 0.0000000000
262779  52.982  27.852  -14.763 0.0000000000
262953  45.227  28.639  -13.725 0.0000000000
263236  46.570  26.187  -10.031 0.0000000000
263939  47.691  28.652  -13.795 0.0000000000
264064  43.795  27.010  -4.291 0.0000000000
264949  52.009  27.054  -15.010 0.0000000000
265040  52.172  28.525  -9.231 0.0000000000
265131  42.902  25.826  -4.259 0.0000000000
265281  46.018  24.847  -11.253 0.0000000000
265455  46.299  25.986  -9.884 0.0000000000
265624  46.329  29.377  -10.311 0.0000000000
265640  44.782  26.386  -22.502 0.0000000000
265814  43.676  28.770  -14.971 0.0000000000
265950  46.048  26.903  -22.992 0.0000000000
266058  51.221  29.779  -5.266 0.0000000000
266115  45.092  25.270  -20.599 0.0000000000
266188  44.698  28.201  -3.834 0.0000000000
266283  48.602  26.465  -21.857 0.0000000000
266827  46.593  21.252  -15.740 0.0000000000
266893  40.538  29.879  -18.486 0.0000000000
267046  48.780  28.004  -16.410 0.0000000000
267424  45.156  27.922  -17.690 0.0000000000
267570  43.106  29.190  -14.186 0.0000000000
268225  48.618  29.556  -9.225 0.0000000000
268284  48.988  27.217  -10.743 0.0000000000
268358  42.144  27.393  -19.344 0.0000000000
268565  47.796  27.374  -18.082 0.0000000000
269062  44.859  28.168  -23.340 0.0000000000
269092  52.636  22.936  -18.201 0.0000000000
269216  51.912  27.726  -18.321 0.0000000000
269350  48.155  27.081  -22.435 0.0000000000
269453  51.146  26.973  -13.915 0.0000000000
270487  47.386  25.895  -12.088 0.0000000000
270490  47.975  28.692  -13.593 0.0000000000
271430  49.249  29.296  -11.641 0.0000000000
271478  45.186  25.867  -7.169 0.0000000000
271494  47.385  27.933  -6.111 0.0000000000
