#!ascii label  , from subject corrected_filled vox2ras=TkReg
1727
190010  47.176  42.406  -13.703 0.0000000000
192860  50.829  44.961  -17.313 0.0000000000
225424  52.889  34.887  -14.467 0.0000000000
186476  42.173  40.357  -13.018 0.0000000000
183282  44.354  37.339  -14.314 0.0000000000
189161  47.814  41.441  -19.111 0.0000000000
247409  47.526  47.921  -16.498 0.0000000000
193806  44.791  45.568  -19.965 0.0000000000
242249  46.210  34.415  -14.154 0.0000000000
177875  46.148  32.864  -19.959 0.0000000000
244825  51.114  41.997  -15.885 0.0000000000
184101  50.092  38.011  -11.451 0.0000000000
188093  53.339  41.011  -11.052 0.0000000000
182261  50.902  36.681  -8.035 0.0000000000
196675  47.971  47.930  -23.071 0.0000000000
188195  49.752  41.508  -20.730 0.0000000000
181450  47.092  35.332  -18.109 0.0000000000
236826  44.820  40.982  -13.351 0.0000000000
248909  43.768  38.739  -13.253 0.0000000000
242131  46.264  39.577  -13.029 0.0000000000
190113  47.445  42.932  -16.371 0.0000000000
190070  44.990  42.870  -15.336 0.0000000000
240678  43.863  47.363  -17.102 0.0000000000
178738  42.970  33.434  -13.464 0.0000000000
177843  42.884  32.768  -15.749 0.0000000000
173953  42.118  30.255  -13.957 0.0000000000
191096  47.113  43.176  -24.731 0.0000000000
191017  52.082  42.566  -16.745 0.0000000000
189047  53.025  41.661  -14.162 0.0000000000
190982  51.837  43.225  -14.456 0.0000000000
237359  48.353  43.070  -11.084 0.0000000000
187230  50.449  40.980  -9.655 0.0000000000
254892  48.961  38.943  -9.012 0.0000000000
181282  48.120  35.836  -9.140 0.0000000000
192881  48.524  44.969  -18.088 0.0000000000
191056  47.523  43.016  -20.035 0.0000000000
191037  50.346  43.289  -19.092 0.0000000000
257314  51.715  41.726  -18.765 0.0000000000
182306  52.167  36.418  -12.908 0.0000000000
258279  49.139  36.815  -15.003 0.0000000000
181411  51.404  35.446  -17.430 0.0000000000
183303  42.107  36.853  -14.561 0.0000000000
182399  42.546  36.485  -16.319 0.0000000000
187353  47.737  40.180  -21.666 0.0000000000
189192  45.162  41.584  -20.586 0.0000000000
195642  49.572  47.239  -17.139 0.0000000000
192830  49.870  45.020  -14.116 0.0000000000
201413  41.852  51.599  -18.706 0.0000000000
198985  43.660  49.812  -21.191 0.0000000000
194731  46.173  46.585  -17.787 0.0000000000
256225  49.430  34.909  -14.054 0.0000000000
179658  49.236  33.940  -17.686 0.0000000000
255958  46.488  33.716  -16.595 0.0000000000
176950  43.203  32.560  -18.401 0.0000000000
190020  49.402  42.521  -14.167 0.0000000000
257037  48.730  40.875  -12.293 0.0000000000
270607  50.919  41.630  -13.154 0.0000000000
259397  52.734  39.289  -11.086 0.0000000000
183226  54.355  36.727  -10.260 0.0000000000
241758  51.281  43.662  -11.271 0.0000000000
185623  53.119  38.641  -8.374 0.0000000000
181304  52.334  35.735  -10.686 0.0000000000
181336  48.815  35.526  -11.801 0.0000000000
180407  45.421  35.127  -12.008 0.0000000000
236898  47.727  47.812  -24.759 0.0000000000
191085  48.740  43.410  -25.162 0.0000000000
191076  47.328  43.044  -22.248 0.0000000000
187365  49.293  40.078  -22.530 0.0000000000
187330  50.096  40.078  -19.988 0.0000000000
238143  49.424  42.161  -17.163 0.0000000000
184136  47.709  38.037  -13.583 0.0000000000
182395  45.790  36.634  -15.982 0.0000000000
181455  43.762  35.568  -17.824 0.0000000000
179688  47.619  34.088  -20.404 0.0000000000
252745  45.543  41.629  -13.488 0.0000000000
248690  45.188  40.542  -13.272 0.0000000000
188125  46.853  41.121  -12.922 0.0000000000
190043  47.157  42.814  -14.703 0.0000000000
190093  45.992  43.121  -15.777 0.0000000000
190025  46.258  42.536  -14.175 0.0000000000
189055  44.764  41.971  -13.990 0.0000000000
174965  41.612  31.235  -12.160 0.0000000000
176911  42.010  31.870  -13.827 0.0000000000
173926  42.412  29.898  -11.733 0.0000000000
180491  40.510  35.129  -17.116 0.0000000000
191876  51.528  43.624  -16.392 0.0000000000
190994  51.874  43.271  -15.327 0.0000000000
191865  51.389  43.720  -15.602 0.0000000000
188980  47.498  41.808  -10.550 0.0000000000
187252  48.586  40.921  -10.083 0.0000000000
232395  49.852  45.619  -17.854 0.0000000000
191915  49.164  43.876  -18.651 0.0000000000
191902  50.868  44.207  -18.245 0.0000000000
191030  51.542  43.049  -18.247 0.0000000000
182316  53.558  35.380  -13.962 0.0000000000
182349  52.268  35.836  -14.996 0.0000000000
180483  52.468  34.979  -16.523 0.0000000000
261821  41.120  39.360  -12.558 0.0000000000
184916  42.089  38.882  -12.633 0.0000000000
184151  44.003  37.929  -13.658 0.0000000000
184153  42.862  37.405  -13.776 0.0000000000
183301  43.376  37.011  -14.708 0.0000000000
182354  42.339  36.735  -15.234 0.0000000000
183313  43.658  36.884  -15.246 0.0000000000
188205  47.540  40.875  -20.426 0.0000000000
188207  46.128  41.128  -21.051 0.0000000000
189178  46.514  41.555  -20.056 0.0000000000
188132  42.300  41.144  -13.425 0.0000000000
187308  41.345  40.988  -13.202 0.0000000000
196580  48.710  48.268  -16.924 0.0000000000
195627  49.575  48.050  -16.452 0.0000000000
248125  49.018  49.094  -16.179 0.0000000000
195647  45.507  47.434  -16.816 0.0000000000
228917  45.182  47.158  -17.928 0.0000000000
196592  46.973  47.409  -17.287 0.0000000000
230347  48.043  47.095  -17.469 0.0000000000
179618  47.757  34.681  -14.385 0.0000000000
179639  47.968  34.281  -15.829 0.0000000000
179629  46.778  34.179  -15.238 0.0000000000
175958  42.181  31.378  -16.064 0.0000000000
177857  42.981  32.656  -17.043 0.0000000000
175972  42.216  31.094  -17.362 0.0000000000
190064  50.028  42.355  -15.297 0.0000000000
189021  50.093  41.969  -13.158 0.0000000000
226368  51.335  41.837  -14.467 0.0000000000
189009  53.183  41.374  -12.586 0.0000000000
187263  52.811  40.730  -12.498 0.0000000000
186434  53.492  40.191  -11.615 0.0000000000
184095  53.311  37.860  -10.751 0.0000000000
185664  53.719  38.991  -10.054 0.0000000000
255302  49.878  45.233  -13.361 0.0000000000
191849  50.550  44.331  -12.923 0.0000000000
191826  50.766  44.420  -11.469 0.0000000000
184884  50.799  38.505  -8.363 0.0000000000
187215  51.549  40.228  -8.964 0.0000000000
184074  52.104  37.421  -7.782 0.0000000000
183220  53.070  36.800  -8.330 0.0000000000
182283  51.626  36.311  -9.420 0.0000000000
182299  50.722  35.926  -10.921 0.0000000000
182293  49.978  36.167  -10.063 0.0000000000
181295  45.911  35.702  -10.059 0.0000000000
181325  46.846  35.608  -11.247 0.0000000000
197527  48.676  48.313  -24.401 0.0000000000
194827  48.798  46.195  -25.149 0.0000000000
194796  49.004  45.803  -24.167 0.0000000000
195729  44.337  46.988  -21.103 0.0000000000
197473  44.868  48.193  -21.754 0.0000000000
193832  45.350  45.792  -21.389 0.0000000000
190201  48.566  42.271  -20.202 0.0000000000
190212  47.177  42.916  -21.533 0.0000000000
252638  48.622  41.747  -21.383 0.0000000000
189206  48.140  41.879  -22.492 0.0000000000
188215  49.471  40.882  -21.828 0.0000000000
187350  50.185  39.882  -21.695 0.0000000000
188202  50.807  40.350  -20.779 0.0000000000
189130  51.606  41.888  -17.509 0.0000000000
189143  50.830  41.322  -18.237 0.0000000000
190110  50.246  42.088  -16.498 0.0000000000
190088  49.626  42.464  -16.125 0.0000000000
186438  49.642  39.802  -11.569 0.0000000000
185677  48.330  39.255  -12.254 0.0000000000
184115  49.016  37.947  -12.513 0.0000000000
182407  47.984  36.072  -16.661 0.0000000000
182371  47.455  36.833  -15.686 0.0000000000
181416  46.561  35.946  -17.101 0.0000000000
181419  44.756  36.104  -16.857 0.0000000000
181453  45.075  35.505  -18.088 0.0000000000
178823  47.423  33.053  -19.117 0.0000000000
178820  49.552  33.828  -19.497 0.0000000000
177900  47.581  33.131  -21.187 0.0000000000
187305  43.269  40.627  -13.134 0.0000000000
185706  43.050  39.184  -12.894 0.0000000000
186474  44.245  40.128  -13.150 0.0000000000
250906  44.916  39.258  -13.309 0.0000000000
184942  45.309  38.246  -13.725 0.0000000000
190153  47.464  42.166  -18.014 0.0000000000
188154  43.247  41.603  -13.640 0.0000000000
178749  44.705  34.043  -14.010 0.0000000000
178761  44.379  33.715  -15.036 0.0000000000
177832  43.048  33.232  -14.585 0.0000000000
176925  42.179  31.925  -15.152 0.0000000000
189112  52.114  42.225  -15.796 0.0000000000
189078  51.918  41.776  -14.987 0.0000000000
190063  52.364  42.293  -15.386 0.0000000000
190018  52.585  42.525  -14.419 0.0000000000
189997  52.513  42.394  -12.348 0.0000000000
191828  49.405  44.487  -11.300 0.0000000000
189978  50.158  43.460  -10.756 0.0000000000
188977  49.215  41.880  -10.413 0.0000000000
185657  49.844  39.600  -9.195 0.0000000000
184075  50.327  37.488  -7.841 0.0000000000
182276  49.905  36.394  -8.229 0.0000000000
182248  49.229  36.675  -7.395 0.0000000000
181271  47.380  35.798  -8.257 0.0000000000
181286  45.659  35.702  -8.967 0.0000000000
198989  47.231  49.972  -22.411 0.0000000000
192891  46.579  44.545  -18.749 0.0000000000
263913  46.295  43.912  -20.077 0.0000000000
191040  48.056  43.493  -19.078 0.0000000000
191045  49.297  42.934  -19.366 0.0000000000
190187  50.590  42.355  -19.632 0.0000000000
189175  51.253  41.267  -19.934 0.0000000000
232660  51.417  42.526  -19.275 0.0000000000
190129  51.976  42.313  -17.776 0.0000000000
183236  51.232  36.990  -11.959 0.0000000000
183239  49.818  37.218  -12.818 0.0000000000
182335  50.438  36.551  -14.147 0.0000000000
182389  50.453  36.205  -15.926 0.0000000000
181432  49.110  35.499  -17.846 0.0000000000
271067  45.051  32.797  -20.356 0.0000000000
231677  46.111  32.863  -21.791 0.0000000000
183289  40.063  36.709  -13.718 0.0000000000
230274  42.286  37.806  -13.235 0.0000000000
259745  41.459  37.169  -13.559 0.0000000000
182357  40.496  36.534  -14.883 0.0000000000
182380  41.133  36.502  -15.494 0.0000000000
182417  41.572  36.163  -16.652 0.0000000000
181423  41.801  35.873  -17.107 0.0000000000
187367  46.048  40.289  -22.574 0.0000000000
188219  44.903  41.044  -21.550 0.0000000000
193764  50.153  46.115  -17.167 0.0000000000
193747  50.110  45.379  -15.931 0.0000000000
194692  49.719  46.515  -16.036 0.0000000000
233792  49.534  46.069  -14.455 0.0000000000
194651  49.703  46.518  -13.053 0.0000000000
230882  49.908  46.305  -11.705 0.0000000000
239580  48.849  45.485  -11.600 0.0000000000
200613  42.540  50.993  -20.199 0.0000000000
198251  43.037  48.795  -20.542 0.0000000000
230254  43.773  46.893  -20.034 0.0000000000
193789  45.693  45.573  -18.499 0.0000000000
193788  46.873  45.367  -18.036 0.0000000000
266637  49.347  46.004  -17.712 0.0000000000
180449  50.880  34.927  -14.429 0.0000000000
180485  51.669  34.498  -16.462 0.0000000000
179625  49.814  34.566  -15.844 0.0000000000
178785  47.631  33.655  -17.361 0.0000000000
178811  46.197  33.228  -18.319 0.0000000000
259856  44.591  33.631  -16.143 0.0000000000
267791  44.820  33.356  -17.616 0.0000000000
177877  44.861  32.981  -19.147 0.0000000000
190008  48.106  42.589  -13.803 0.0000000000
189014  48.340  41.850  -12.913 0.0000000000
189022  49.385  42.113  -13.152 0.0000000000
188104  49.820  41.340  -12.325 0.0000000000
186431  50.822  39.993  -11.214 0.0000000000
188123  51.829  41.338  -13.444 0.0000000000
187259  51.840  40.450  -11.845 0.0000000000
185671  51.390  39.150  -10.787 0.0000000000
184098  52.046  37.516  -11.062 0.0000000000
182302  53.471  36.367  -12.005 0.0000000000
180401  54.194  35.234  -12.516 0.0000000000
191860  50.903  44.033  -14.600 0.0000000000
190972  51.367  43.413  -13.045 0.0000000000
188995  52.319  42.382  -10.794 0.0000000000
188975  51.002  42.385  -10.169 0.0000000000
188057  52.305  41.307  -9.612 0.0000000000
187212  53.029  40.440  -9.460 0.0000000000
184084  53.975  37.588  -8.555 0.0000000000
181302  54.107  35.571  -10.774 0.0000000000
258627  52.534  35.081  -12.621 0.0000000000
181348  50.733  35.354  -12.630 0.0000000000
180416  49.409  35.171  -12.906 0.0000000000
180436  47.676  34.951  -13.293 0.0000000000
244281  48.342  35.722  -10.742 0.0000000000
181338  47.456  35.429  -11.864 0.0000000000
180439  45.773  34.755  -13.102 0.0000000000
179599  43.733  34.128  -12.858 0.0000000000
193857  47.388  45.289  -24.580 0.0000000000
191975  48.712  44.030  -25.397 0.0000000000
189225  48.850  41.793  -25.115 0.0000000000
191938  46.117  44.111  -21.091 0.0000000000
192937  47.739  44.957  -23.047 0.0000000000
191081  48.257  43.290  -23.597 0.0000000000
189217  48.793  41.905  -24.412 0.0000000000
187390  48.806  40.185  -23.914 0.0000000000
186523  48.959  39.837  -22.416 0.0000000000
187344  48.639  40.049  -20.976 0.0000000000
231777  48.725  40.788  -19.505 0.0000000000
188184  51.175  40.738  -19.763 0.0000000000
188178  49.929  40.850  -19.026 0.0000000000
245755  48.538  41.442  -18.628 0.0000000000
190131  48.773  42.314  -17.158 0.0000000000
190090  48.261  42.852  -15.707 0.0000000000
187283  47.798  40.196  -12.511 0.0000000000
185701  47.042  38.951  -12.993 0.0000000000
184148  46.309  37.852  -14.234 0.0000000000
183279  48.745  37.397  -14.012 0.0000000000
183308  46.964  37.189  -15.137 0.0000000000
183311  44.905  36.875  -15.338 0.0000000000
182397  44.108  36.460  -16.219 0.0000000000
254834  43.482  36.103  -16.962 0.0000000000
179666  51.243  34.503  -18.587 0.0000000000
180521  49.402  34.589  -19.330 0.0000000000
180524  47.181  34.728  -19.077 0.0000000000
262403  46.777  33.258  -22.228 0.0000000000
180526  45.725  34.774  -19.142 0.0000000000
172789  43.855  29.027  -11.673 0.0000000000
171714  43.562  28.898  -13.319 0.0000000000
189052  46.609  42.192  -13.580 0.0000000000
267545  46.425  41.279  -13.110 0.0000000000
189026  46.747  41.670  -13.125 0.0000000000
190023  47.549  42.661  -14.130 0.0000000000
190044  46.564  42.796  -14.674 0.0000000000
189053  45.916  42.108  -13.773 0.0000000000
174952  41.725  30.672  -11.895 0.0000000000
191887  51.043  44.328  -16.833 0.0000000000
191877  50.965  44.247  -16.149 0.0000000000
193773  50.587  45.315  -17.611 0.0000000000
192878  50.570  44.792  -18.053 0.0000000000
192869  50.846  44.845  -17.808 0.0000000000
191895  51.161  44.081  -17.752 0.0000000000
235243  53.358  35.176  -14.057 0.0000000000
256252  53.157  35.214  -15.219 0.0000000000
180460  52.967  34.899  -15.407 0.0000000000
186459  41.453  39.781  -12.676 0.0000000000
185692  41.542  39.117  -12.589 0.0000000000
263119  41.932  39.410  -12.644 0.0000000000
235365  44.378  37.749  -13.910 0.0000000000
267637  43.976  37.527  -13.986 0.0000000000
183283  43.710  37.225  -14.271 0.0000000000
183300  43.996  37.061  -14.776 0.0000000000
188196  47.809  40.958  -20.014 0.0000000000
188197  47.048  41.166  -20.372 0.0000000000
189162  47.009  41.656  -19.545 0.0000000000
187306  42.594  40.617  -13.152 0.0000000000
187307  41.981  40.784  -13.208 0.0000000000
187285  41.678  40.379  -12.970 0.0000000000
187286  41.046  40.405  -12.829 0.0000000000
196581  47.994  47.999  -16.968 0.0000000000
196569  48.883  48.825  -16.515 0.0000000000
243235  47.894  48.273  -16.102 0.0000000000
195628  46.304  47.552  -16.321 0.0000000000
196583  46.525  47.505  -16.928 0.0000000000
196582  47.260  47.672  -16.961 0.0000000000
195645  47.661  47.584  -17.270 0.0000000000
179608  47.110  34.523  -14.323 0.0000000000
179619  47.302  34.414  -14.867 0.0000000000
225833  46.609  34.338  -14.599 0.0000000000
175965  42.186  31.278  -16.675 0.0000000000
189104  50.766  42.049  -15.407 0.0000000000
256155  50.701  42.080  -14.471 0.0000000000
189079  51.125  41.953  -14.971 0.0000000000
189006  53.239  41.340  -12.035 0.0000000000
187262  53.279  40.608  -11.934 0.0000000000
187258  53.563  40.406  -11.511 0.0000000000
185665  53.605  39.020  -10.546 0.0000000000
186425  53.637  40.007  -10.394 0.0000000000
193728  50.173  45.626  -12.542 0.0000000000
192815  50.547  44.811  -12.180 0.0000000000
244534  50.604  44.845  -11.663 0.0000000000
184874  50.948  37.850  -8.005 0.0000000000
233385  51.704  37.882  -7.987 0.0000000000
248376  51.332  37.283  -7.849 0.0000000000
182273  51.901  36.513  -8.819 0.0000000000
182274  51.139  36.454  -8.844 0.0000000000
251556  51.123  36.228  -9.774 0.0000000000
182284  50.508  36.305  -9.459 0.0000000000
247625  45.344  35.666  -10.116 0.0000000000
198266  48.358  49.226  -23.467 0.0000000000
251627  48.339  49.398  -23.804 0.0000000000
196674  48.595  48.417  -23.754 0.0000000000
195764  49.040  47.277  -24.653 0.0000000000
195748  48.901  47.056  -23.866 0.0000000000
194772  44.676  46.105  -20.770 0.0000000000
195728  44.737  46.543  -21.181 0.0000000000
192914  45.174  45.336  -20.796 0.0000000000
190188  49.461  41.990  -20.125 0.0000000000
189189  48.243  42.197  -20.807 0.0000000000
189177  48.950  41.894  -20.715 0.0000000000
188204  50.039  40.831  -21.264 0.0000000000
188203  50.602  40.295  -21.232 0.0000000000
188194  50.422  40.997  -20.762 0.0000000000
189114  51.016  41.975  -16.381 0.0000000000
189122  50.977  41.890  -16.972 0.0000000000
190087  50.312  42.169  -15.890 0.0000000000
185673  49.914  39.217  -11.318 0.0000000000
184903  49.239  38.580  -11.770 0.0000000000
184901  49.664  38.262  -11.573 0.0000000000
181414  47.705  35.784  -17.131 0.0000000000
182408  47.374  36.125  -16.680 0.0000000000
181435  46.661  35.650  -17.607 0.0000000000
181417  46.028  35.963  -17.294 0.0000000000
181436  46.088  35.650  -17.822 0.0000000000
177874  47.125  32.901  -19.729 0.0000000000
177873  47.847  32.958  -19.962 0.0000000000
252907  46.869  32.828  -20.402 0.0000000000
188129  44.211  41.076  -13.368 0.0000000000
187304  43.900  40.610  -13.171 0.0000000000
187303  44.467  40.602  -13.256 0.0000000000
186471  46.042  40.123  -13.088 0.0000000000
256499  45.163  39.751  -13.270 0.0000000000
185704  45.421  39.178  -13.334 0.0000000000
184931  45.055  38.738  -13.425 0.0000000000
185703  45.973  39.121  -13.299 0.0000000000
190133  47.587  42.537  -17.301 0.0000000000
240554  47.087  42.492  -17.561 0.0000000000
190114  47.075  42.778  -16.915 0.0000000000
190069  45.638  42.936  -15.279 0.0000000000
190094  45.315  43.059  -15.856 0.0000000000
188152  44.579  41.509  -13.633 0.0000000000
189056  44.198  41.939  -13.979 0.0000000000
188153  43.910  41.552  -13.613 0.0000000000
188130  43.574  41.127  -13.332 0.0000000000
270479  43.324  33.584  -13.793 0.0000000000
178762  43.547  33.577  -14.392 0.0000000000
178752  43.007  33.324  -14.048 0.0000000000
174979  41.893  30.743  -13.660 0.0000000000
176918  42.028  31.876  -14.530 0.0000000000
239312  41.938  30.639  -14.215 0.0000000000
245663  42.006  30.965  -15.217 0.0000000000
173959  42.092  30.271  -14.542 0.0000000000
191087  47.178  43.825  -24.646 0.0000000000
191088  46.314  43.597  -24.222 0.0000000000
189120  52.036  42.291  -16.623 0.0000000000
190086  52.180  42.535  -16.024 0.0000000000
243653  52.042  43.045  -14.939 0.0000000000
190981  52.212  42.839  -14.583 0.0000000000
190974  52.051  42.958  -13.993 0.0000000000
249146  52.650  42.487  -13.824 0.0000000000
190971  51.964  42.959  -13.423 0.0000000000
258196  48.815  43.388  -11.141 0.0000000000
189979  48.926  42.955  -10.954 0.0000000000
188997  48.912  42.383  -10.644 0.0000000000
254877  48.868  39.416  -9.238 0.0000000000
260586  49.230  40.187  -9.575 0.0000000000
185643  49.448  39.159  -9.026 0.0000000000
184885  49.859  38.627  -8.623 0.0000000000
184086  49.695  37.886  -8.152 0.0000000000
184076  49.808  37.082  -7.603 0.0000000000
184077  49.227  37.346  -7.734 0.0000000000
182250  48.317  36.440  -7.360 0.0000000000
182267  47.275  36.009  -7.591 0.0000000000
181285  46.301  35.746  -8.947 0.0000000000
181273  46.133  35.820  -8.263 0.0000000000
191907  47.188  44.460  -18.561 0.0000000000
191918  46.956  44.075  -18.985 0.0000000000
191906  47.959  44.505  -18.355 0.0000000000
191914  49.958  43.876  -18.747 0.0000000000
191038  49.596  43.389  -19.047 0.0000000000
233428  49.781  42.397  -19.642 0.0000000000
190169  50.794  42.728  -19.354 0.0000000000
190186  51.251  42.209  -19.554 0.0000000000
191036  50.949  43.072  -18.987 0.0000000000
191025  51.980  42.646  -17.356 0.0000000000
190130  51.855  42.683  -17.884 0.0000000000
232328  52.092  42.343  -17.177 0.0000000000
182303  51.869  36.665  -12.158 0.0000000000
182308  50.737  36.622  -13.218 0.0000000000
182318  51.556  36.428  -13.365 0.0000000000
182388  51.371  35.929  -16.243 0.0000000000
182367  51.405  36.152  -15.659 0.0000000000
181399  50.870  35.843  -16.644 0.0000000000
181413  49.173  35.793  -17.112 0.0000000000
227032  49.850  35.567  -17.617 0.0000000000
183263  40.410  37.046  -13.352 0.0000000000
183262  40.971  37.122  -13.466 0.0000000000
185705  43.613  39.303  -13.073 0.0000000000
184934  42.676  38.758  -12.808 0.0000000000
244590  42.822  38.180  -13.174 0.0000000000
183285  42.512  37.110  -14.105 0.0000000000
183260  42.353  37.365  -13.624 0.0000000000
183286  41.876  37.049  -13.966 0.0000000000
182336  40.873  36.661  -14.395 0.0000000000
183304  41.477  36.746  -14.461 0.0000000000
252905  40.807  36.526  -15.188 0.0000000000
182355  41.664  36.624  -15.028 0.0000000000
182378  42.753  36.731  -15.747 0.0000000000
182400  41.939  36.430  -16.246 0.0000000000
182416  42.136  36.219  -16.754 0.0000000000
226669  47.642  40.018  -22.291 0.0000000000
187354  47.022  40.414  -21.900 0.0000000000
189191  45.942  41.449  -20.590 0.0000000000
188218  45.617  40.939  -21.541 0.0000000000
188209  44.656  41.306  -21.043 0.0000000000
189193  44.342  41.655  -20.536 0.0000000000
194715  49.683  46.651  -17.237 0.0000000000
193756  50.039  46.019  -16.383 0.0000000000
194705  49.792  46.634  -16.814 0.0000000000
195604  49.463  47.453  -15.214 0.0000000000
194665  49.544  46.290  -13.846 0.0000000000
195584  49.612  47.254  -12.888 0.0000000000
228637  49.506  46.023  -11.508 0.0000000000
201419  42.496  51.837  -19.502 0.0000000000
200608  42.249  51.283  -19.737 0.0000000000
198252  42.571  49.120  -20.287 0.0000000000
197456  42.788  48.586  -20.070 0.0000000000
196622  43.655  47.263  -20.455 0.0000000000
195674  45.607  46.702  -17.981 0.0000000000
194740  45.439  46.153  -18.357 0.0000000000
194747  45.119  45.926  -18.816 0.0000000000
194739  45.945  46.097  -18.066 0.0000000000
232675  46.252  45.612  -18.144 0.0000000000
194730  46.642  46.123  -17.802 0.0000000000
195660  48.803  47.301  -17.382 0.0000000000
194728  48.691  46.691  -17.510 0.0000000000
268619  49.246  46.434  -17.575 0.0000000000
194727  49.749  46.239  -17.479 0.0000000000
180463  50.221  34.910  -14.724 0.0000000000
180475  50.767  34.696  -15.679 0.0000000000
180476  49.658  34.742  -15.194 0.0000000000
251996  47.422  34.085  -16.090 0.0000000000
257567  47.855  34.127  -16.409 0.0000000000
178786  46.964  33.724  -16.911 0.0000000000
178798  46.965  33.481  -17.521 0.0000000000
178799  46.348  33.385  -17.676 0.0000000000
178770  44.134  33.602  -15.444 0.0000000000
178769  44.647  33.732  -15.589 0.0000000000
178780  44.158  33.549  -15.939 0.0000000000
176942  43.101  32.588  -17.737 0.0000000000
177855  44.005  33.113  -17.602 0.0000000000
177864  44.099  33.038  -18.266 0.0000000000
177863  44.675  33.131  -18.490 0.0000000000
177879  43.676  32.829  -18.676 0.0000000000
177892  43.861  32.704  -19.352 0.0000000000
176955  43.345  32.456  -19.032 0.0000000000
190021  48.659  42.661  -14.110 0.0000000000
190007  48.552  42.500  -13.586 0.0000000000
190006  49.091  42.435  -13.625 0.0000000000
189011  50.204  41.642  -12.701 0.0000000000
188097  50.619  41.261  -12.365 0.0000000000
186437  50.254  40.374  -11.523 0.0000000000
187266  50.622  40.830  -11.854 0.0000000000
189048  52.720  41.536  -14.441 0.0000000000
189049  52.124  41.528  -14.534 0.0000000000
188122  52.535  41.279  -13.570 0.0000000000
186429  52.467  40.029  -11.563 0.0000000000
186436  52.601  40.461  -12.085 0.0000000000
186430  51.561  40.079  -11.327 0.0000000000
185667  52.086  38.928  -10.848 0.0000000000
184097  51.733  38.011  -10.911 0.0000000000
184896  52.079  38.365  -10.808 0.0000000000
183227  53.945  37.113  -10.658 0.0000000000
236506  53.876  36.759  -11.072 0.0000000000
183230  54.331  36.378  -10.932 0.0000000000
182301  54.102  35.863  -12.145 0.0000000000
182295  54.381  35.753  -11.421 0.0000000000
192843  50.117  45.029  -15.343 0.0000000000
192838  50.497  44.444  -15.032 0.0000000000
192829  50.341  44.513  -14.328 0.0000000000
190951  51.200  43.786  -11.652 0.0000000000
191840  50.918  43.936  -12.633 0.0000000000
190950  51.496  43.424  -11.809 0.0000000000
263545  52.088  42.776  -11.606 0.0000000000
189975  51.949  42.807  -11.016 0.0000000000
188076  50.090  41.673  -10.075 0.0000000000
189963  50.205  42.885  -10.520 0.0000000000
188075  50.677  41.873  -9.971 0.0000000000
185639  52.323  39.357  -8.503 0.0000000000
187214  52.051  40.462  -9.067 0.0000000000
186396  52.493  39.963  -8.850 0.0000000000
187227  52.825  40.919  -9.619 0.0000000000
186395  52.981  40.032  -9.103 0.0000000000
184881  53.728  38.522  -8.959 0.0000000000
184085  53.596  38.194  -8.473 0.0000000000
233316  52.787  35.925  -10.069 0.0000000000
182290  53.790  35.830  -10.133 0.0000000000
181303  53.296  35.676  -10.557 0.0000000000
181332  53.827  35.146  -11.820 0.0000000000
225588  52.000  35.372  -12.022 0.0000000000
181347  51.616  35.216  -12.596 0.0000000000
227680  51.490  35.619  -11.607 0.0000000000
181335  49.647  35.593  -11.862 0.0000000000
181349  50.089  35.462  -12.396 0.0000000000
181350  49.144  35.365  -12.379 0.0000000000
180417  48.766  35.164  -12.852 0.0000000000
181351  48.426  35.334  -12.306 0.0000000000
181281  48.715  35.972  -9.189 0.0000000000
182286  49.181  36.132  -9.357 0.0000000000
181292  48.279  35.879  -9.794 0.0000000000
181340  46.379  35.459  -11.612 0.0000000000
181339  46.970  35.439  -11.747 0.0000000000
180405  46.579  35.175  -12.164 0.0000000000
180420  46.779  35.023  -12.721 0.0000000000
180422  45.602  34.938  -12.548 0.0000000000
179598  45.207  34.668  -12.959 0.0000000000
198276  47.664  49.050  -24.345 0.0000000000
199004  46.611  49.979  -24.007 0.0000000000
197512  46.500  48.431  -24.175 0.0000000000
195783  47.882  46.767  -24.970 0.0000000000
226918  49.015  44.999  -25.143 0.0000000000
232420  48.844  44.995  -25.338 0.0000000000
248831  48.619  43.493  -25.339 0.0000000000
190232  48.516  42.978  -25.182 0.0000000000
236454  48.821  42.459  -25.063 0.0000000000
191049  46.640  43.650  -19.889 0.0000000000
191933  46.106  44.024  -20.517 0.0000000000
191063  46.781  43.276  -20.726 0.0000000000
250225  46.963  43.352  -21.861 0.0000000000
191945  46.663  43.826  -21.880 0.0000000000
191951  47.065  44.089  -22.414 0.0000000000
191958  47.688  44.282  -23.035 0.0000000000
192936  48.692  44.539  -23.993 0.0000000000
191950  47.576  43.599  -22.856 0.0000000000
189205  48.596  41.220  -22.793 0.0000000000
189211  48.375  41.964  -23.383 0.0000000000
225348  48.712  41.198  -23.632 0.0000000000
251651  48.881  40.609  -23.757 0.0000000000
187377  49.027  40.168  -23.126 0.0000000000
186541  48.875  40.008  -23.160 0.0000000000
186504  50.408  39.744  -20.952 0.0000000000
186510  49.321  39.684  -21.490 0.0000000000
187343  49.345  39.818  -20.981 0.0000000000
242705  48.897  40.191  -20.476 0.0000000000
187331  49.246  40.302  -19.982 0.0000000000
189148  51.710  41.746  -19.264 0.0000000000
188192  51.304  40.990  -19.869 0.0000000000
188177  51.238  40.905  -19.301 0.0000000000
189132  49.962  41.663  -17.714 0.0000000000
188174  49.988  41.286  -18.390 0.0000000000
240857  49.380  41.631  -18.103 0.0000000000
189149  49.227  41.347  -18.557 0.0000000000
189144  48.777  41.743  -18.151 0.0000000000
189134  48.467  42.089  -17.680 0.0000000000
262417  49.359  42.655  -15.235 0.0000000000
226542  49.033  42.728  -15.812 0.0000000000
190040  48.700  42.809  -15.205 0.0000000000
190041  48.393  42.783  -14.701 0.0000000000
187281  48.538  41.403  -12.587 0.0000000000
247225  47.821  40.747  -12.594 0.0000000000
187282  48.240  40.499  -12.407 0.0000000000
184914  48.051  38.566  -12.767 0.0000000000
184915  47.544  38.788  -12.848 0.0000000000
184927  47.319  38.488  -13.246 0.0000000000
184940  46.550  38.266  -13.800 0.0000000000
184147  46.938  37.928  -14.125 0.0000000000
183278  49.961  36.861  -13.786 0.0000000000
225375  49.337  37.180  -13.900 0.0000000000
226792  48.906  37.154  -14.454 0.0000000000
182372  46.714  36.850  -15.722 0.0000000000
253043  47.699  37.162  -15.126 0.0000000000
182373  46.148  36.806  -15.722 0.0000000000
183309  46.251  37.080  -15.262 0.0000000000
183310  45.603  36.912  -15.399 0.0000000000
182375  44.575  36.634  -15.845 0.0000000000
182396  45.005  36.469  -16.172 0.0000000000
181439  44.139  35.770  -17.428 0.0000000000
181420  43.982  35.984  -17.047 0.0000000000
249505  43.575  35.848  -17.357 0.0000000000
181441  42.619  35.634  -17.567 0.0000000000
180500  42.824  35.306  -17.976 0.0000000000
179645  50.783  34.259  -17.185 0.0000000000
240603  51.609  34.341  -17.623 0.0000000000
179657  50.056  33.936  -18.273 0.0000000000
179697  48.460  33.623  -20.419 0.0000000000
179675  49.691  34.177  -19.461 0.0000000000
179677  48.515  34.321  -19.830 0.0000000000
180523  47.940  34.699  -19.194 0.0000000000
179678  47.747  34.378  -19.737 0.0000000000
177912  46.254  33.111  -22.568 0.0000000000
177911  46.543  33.208  -22.427 0.0000000000
177920  46.217  33.193  -22.702 0.0000000000
188128  45.081  41.374  -13.511 0.0000000000
266935  44.821  40.586  -13.278 0.0000000000
188126  45.951  41.180  -13.231 0.0000000000
187302  45.755  40.627  -13.198 0.0000000000
190091  47.660  42.934  -15.803 0.0000000000
191006  46.888  43.026  -16.296 0.0000000000
190068  46.812  42.957  -15.124 0.0000000000
255323  46.282  42.985  -15.208 0.0000000000
190045  45.312  42.677  -14.800 0.0000000000
190027  45.006  42.364  -14.347 0.0000000000
190026  45.624  42.448  -14.285 0.0000000000
189054  45.313  42.028  -13.934 0.0000000000
268101  42.129  32.593  -12.965 0.0000000000
177824  42.306  32.523  -13.754 0.0000000000
175928  41.731  31.387  -12.715 0.0000000000
174972  41.745  31.048  -13.160 0.0000000000
173944  42.411  29.874  -12.883 0.0000000000
191018  51.843  43.161  -16.936 0.0000000000
191005  51.962  43.161  -15.842 0.0000000000
191859  51.525  43.560  -14.909 0.0000000000
189981  47.873  42.695  -10.933 0.0000000000
188998  48.093  42.176  -10.683 0.0000000000
187253  47.916  40.878  -10.151 0.0000000000
185644  48.461  39.025  -9.112 0.0000000000
192880  49.297  44.974  -18.091 0.0000000000
191905  48.793  44.412  -18.333 0.0000000000
191904  49.578  44.399  -18.364 0.0000000000
191903  50.313  44.360  -18.381 0.0000000000
191913  50.642  43.779  -18.745 0.0000000000
191031  51.122  43.468  -18.588 0.0000000000
191901  51.251  43.651  -18.130 0.0000000000
191026  51.597  43.291  -17.637 0.0000000000
225032  53.031  36.028  -13.098 0.0000000000
226284  51.977  36.195  -13.966 0.0000000000
181372  53.007  35.538  -15.006 0.0000000000
181390  52.322  35.566  -16.301 0.0000000000
181410  52.028  34.966  -17.561 0.0000000000
184932  44.055  38.400  -13.408 0.0000000000
184137  43.507  38.174  -13.387 0.0000000000
184152  43.463  37.559  -13.811 0.0000000000
183284  43.112  37.162  -14.189 0.0000000000
183302  42.748  36.942  -14.646 0.0000000000
183314  43.037  36.850  -15.212 0.0000000000
182377  43.320  36.772  -15.710 0.0000000000
187345  47.830  40.437  -20.994 0.0000000000
187346  47.129  40.626  -21.297 0.0000000000
188206  47.159  40.886  -20.759 0.0000000000
188198  46.602  41.218  -20.634 0.0000000000
189179  45.668  41.783  -20.139 0.0000000000
188156  41.965  41.575  -13.714 0.0000000000
187287  40.368  40.419  -12.706 0.0000000000
186460  40.748  39.789  -12.551 0.0000000000
195643  49.170  47.731  -17.167 0.0000000000
237070  49.484  47.779  -16.904 0.0000000000
196579  49.221  48.340  -16.767 0.0000000000
196568  49.309  48.828  -16.327 0.0000000000
195648  44.959  47.472  -16.969 0.0000000000
195664  44.757  47.506  -17.619 0.0000000000
195663  45.422  47.382  -17.416 0.0000000000
195662  45.966  47.059  -17.531 0.0000000000
195661  46.688  46.906  -17.536 0.0000000000
234132  47.352  46.622  -17.628 0.0000000000
233118  47.340  47.186  -17.479 0.0000000000
195644  48.427  47.741  -17.257 0.0000000000
180465  48.871  34.804  -14.411 0.0000000000
179617  48.947  34.683  -14.936 0.0000000000
225479  47.906  34.576  -14.896 0.0000000000
226738  47.345  34.247  -15.498 0.0000000000
251794  46.283  33.759  -16.216 0.0000000000
176930  42.590  32.341  -16.072 0.0000000000
177851  42.937  32.698  -16.381 0.0000000000
176937  42.625  32.288  -16.722 0.0000000000
176943  42.708  32.212  -17.384 0.0000000000
176951  42.831  32.130  -18.043 0.0000000000
190039  49.742  42.482  -14.744 0.0000000000
189051  49.801  42.271  -13.681 0.0000000000
190019  50.112  42.275  -14.284 0.0000000000
189050  50.630  42.004  -13.850 0.0000000000
188121  52.989  41.497  -13.573 0.0000000000
188102  52.766  41.075  -12.987 0.0000000000
187280  53.101  40.885  -12.493 0.0000000000
186435  53.152  40.281  -11.817 0.0000000000
186428  53.291  39.778  -11.350 0.0000000000
184895  52.784  38.573  -10.833 0.0000000000
185669  53.589  39.349  -10.961 0.0000000000
253269  53.977  37.830  -9.815 0.0000000000
193735  49.651  45.614  -13.971 0.0000000000
237354  50.188  44.667  -13.557 0.0000000000
192821  50.285  44.993  -12.729 0.0000000000
191841  50.710  44.390  -12.094 0.0000000000
191814  50.956  43.991  -11.226 0.0000000000
186399  50.773  39.709  -9.006 0.0000000000
186414  50.969  40.256  -9.168 0.0000000000
186398  51.311  39.741  -8.854 0.0000000000
184882  52.111  38.584  -8.204 0.0000000000
184872  52.714  38.288  -8.079 0.0000000000
183207  53.287  37.227  -8.155 0.0000000000
183208  52.530  37.159  -7.962 0.0000000000
182282  52.320  36.259  -9.479 0.0000000000
182291  51.825  36.037  -10.072 0.0000000000
182298  51.452  35.783  -11.023 0.0000000000
254308  51.194  35.999  -10.448 0.0000000000
181305  50.123  35.969  -10.756 0.0000000000
181321  49.708  35.788  -11.158 0.0000000000
181294  47.029  35.746  -9.713 0.0000000000
226091  47.133  35.719  -10.361 0.0000000000
227080  46.556  35.720  -10.216 0.0000000000
181327  45.631  35.529  -11.106 0.0000000000
199812  48.113  50.361  -23.701 0.0000000000
198275  48.184  49.264  -24.144 0.0000000000
197528  48.361  48.063  -24.721 0.0000000000
195782  48.478  46.898  -25.144 0.0000000000
228700  48.771  47.263  -25.087 0.0000000000
193855  49.019  46.137  -24.958 0.0000000000
192935  49.072  44.507  -24.989 0.0000000000
198254  43.826  48.721  -21.190 0.0000000000
198258  44.286  49.114  -21.489 0.0000000000
196646  44.396  47.655  -21.437 0.0000000000
195727  44.942  47.061  -21.554 0.0000000000
190189  48.194  42.727  -19.851 0.0000000000
190202  47.276  42.908  -20.547 0.0000000000
233238  47.900  42.594  -20.388 0.0000000000
260433  47.999  42.172  -21.314 0.0000000000
190211  47.614  42.490  -21.696 0.0000000000
236735  47.732  42.467  -22.348 0.0000000000
189190  48.061  41.985  -21.844 0.0000000000
188216  48.631  41.396  -22.108 0.0000000000
188227  49.228  40.579  -22.467 0.0000000000
187351  49.761  40.041  -22.034 0.0000000000
188214  50.251  40.191  -21.698 0.0000000000
187342  50.446  39.921  -21.427 0.0000000000
187337  50.570  39.892  -20.524 0.0000000000
189142  51.510  41.584  -18.178 0.0000000000
189131  50.903  41.656  -17.601 0.0000000000
189123  50.164  41.939  -17.078 0.0000000000
190111  49.591  42.308  -16.649 0.0000000000
190065  49.643  42.544  -15.671 0.0000000000
268955  49.262  40.053  -11.848 0.0000000000
248180  48.871  39.981  -12.011 0.0000000000
186439  49.093  39.576  -11.821 0.0000000000
184904  48.850  38.407  -12.171 0.0000000000
184135  48.280  38.072  -13.211 0.0000000000
182369  49.072  36.471  -15.587 0.0000000000
182353  48.630  36.775  -15.315 0.0000000000
182391  48.232  36.324  -16.177 0.0000000000
182393  47.062  36.487  -16.193 0.0000000000
182410  46.247  36.219  -16.778 0.0000000000
182412  45.149  36.292  -16.593 0.0000000000
181418  45.329  36.065  -17.111 0.0000000000
181437  45.516  35.757  -17.672 0.0000000000
181454  44.409  35.492  -17.934 0.0000000000
268961  48.680  33.599  -18.359 0.0000000000
178808  49.246  33.624  -19.053 0.0000000000
178822  48.225  33.140  -19.452 0.0000000000
178835  48.411  33.192  -20.180 0.0000000000
177899  47.876  33.256  -20.937 0.0000000000
247108  43.035  40.211  -12.984 0.0000000000
186457  42.584  40.044  -12.906 0.0000000000
186475  43.615  40.039  -13.023 0.0000000000
245772  44.084  39.631  -13.144 0.0000000000
186473  44.808  40.206  -13.228 0.0000000000
255499  44.592  39.664  -13.237 0.0000000000
231765  44.343  38.994  -13.283 0.0000000000
184943  44.602  38.240  -13.570 0.0000000000
184150  44.937  37.741  -14.069 0.0000000000
189150  47.594  41.820  -18.661 0.0000000000
189151  46.860  41.949  -18.975 0.0000000000
238881  46.384  42.427  -18.031 0.0000000000
262390  46.325  43.070  -16.264 0.0000000000
189080  44.426  42.349  -14.356 0.0000000000
189057  43.574  41.972  -13.991 0.0000000000
188131  42.911  41.133  -13.365 0.0000000000
195632  43.856  46.938  -16.563 0.0000000000
255983  45.121  47.309  -16.478 0.0000000000
195629  45.621  47.233  -16.102 0.0000000000
224940  45.265  34.284  -13.877 0.0000000000
178759  45.580  34.073  -14.906 0.0000000000
257602  44.572  33.858  -14.543 0.0000000000
227635  43.859  33.551  -15.028 0.0000000000
177837  42.842  32.891  -15.067 0.0000000000
176910  42.245  32.315  -14.248 0.0000000000
176917  42.389  32.390  -14.796 0.0000000000
176924  42.524  32.390  -15.434 0.0000000000
175950  42.112  31.433  -15.472 0.0000000000
174991  42.145  30.883  -15.729 0.0000000000
189113  51.716  42.054  -16.182 0.0000000000
189103  51.676  41.967  -15.530 0.0000000000
189102  52.268  41.984  -15.240 0.0000000000
189076  52.797  41.806  -14.586 0.0000000000
190993  52.195  42.787  -15.406 0.0000000000
190036  52.717  42.172  -14.657 0.0000000000
190017  52.909  42.075  -14.310 0.0000000000
190005  53.003  42.013  -13.936 0.0000000000
261983  52.898  42.025  -12.757 0.0000000000
189007  52.969  41.910  -12.202 0.0000000000
192805  49.976  45.120  -11.364 0.0000000000
191827  50.313  44.612  -11.286 0.0000000000
190952  49.655  44.107  -11.161 0.0000000000
231690  49.551  42.916  -10.731 0.0000000000
187250  49.881  41.096  -9.863 0.0000000000
188078  48.907  41.390  -10.278 0.0000000000
251203  49.499  40.567  -9.732 0.0000000000
187231  50.049  40.544  -9.597 0.0000000000
185656  50.368  39.400  -8.982 0.0000000000
243087  50.347  38.196  -8.208 0.0000000000
262982  50.739  37.242  -7.828 0.0000000000
182275  50.445  36.434  -8.481 0.0000000000
182262  50.246  36.688  -7.747 0.0000000000
182263  49.599  36.552  -7.681 0.0000000000
181269  48.613  35.922  -8.393 0.0000000000
182265  48.405  35.995  -7.831 0.0000000000
181283  47.502  35.786  -9.081 0.0000000000
181284  46.893  35.771  -9.001 0.0000000000
231136  45.954  35.702  -9.463 0.0000000000
181297  44.891  35.641  -9.836 0.0000000000
198268  47.613  48.962  -22.711 0.0000000000
192893  45.589  44.887  -19.255 0.0000000000
192899  45.536  44.724  -19.806 0.0000000000
191919  46.409  44.254  -19.195 0.0000000000
191924  46.787  43.816  -19.434 0.0000000000
191047  47.776  43.195  -19.537 0.0000000000
191916  48.385  43.933  -18.675 0.0000000000
191039  48.823  43.418  -19.005 0.0000000000
191046  48.512  43.023  -19.406 0.0000000000
239528  48.929  42.478  -19.703 0.0000000000
189160  50.356  41.940  -19.947 0.0000000000
189176  50.815  41.375  -20.168 0.0000000000
189159  51.044  41.814  -19.824 0.0000000000
190185  51.621  42.052  -19.381 0.0000000000
190168  51.762  42.169  -18.949 0.0000000000
191035  51.470  42.797  -18.794 0.0000000000
190151  51.843  42.463  -18.368 0.0000000000
190150  51.836  42.146  -18.393 0.0000000000
189129  51.951  42.213  -17.324 0.0000000000
189121  51.689  42.028  -16.866 0.0000000000
184100  50.676  37.961  -11.192 0.0000000000
183237  50.036  37.308  -12.214 0.0000000000
233454  50.403  36.966  -12.680 0.0000000000
183277  50.426  36.653  -13.655 0.0000000000
182352  49.834  36.593  -14.886 0.0000000000
225428  51.056  36.356  -14.464 0.0000000000
182351  50.606  36.428  -14.831 0.0000000000
182368  49.743  36.426  -15.453 0.0000000000
181401  49.253  36.004  -16.582 0.0000000000
229521  48.418  35.767  -17.143 0.0000000000
181433  48.128  35.544  -17.684 0.0000000000
177889  45.659  32.831  -20.487 0.0000000000
177888  46.489  32.809  -21.037 0.0000000000
177902  45.430  32.816  -21.412 0.0000000000
184935  42.215  38.323  -12.855 0.0000000000
184139  41.776  37.929  -12.981 0.0000000000
184138  42.681  37.689  -13.455 0.0000000000
183261  41.860  37.425  -13.375 0.0000000000
183288  40.637  36.814  -13.892 0.0000000000
182337  40.301  36.602  -14.280 0.0000000000
182358  39.980  36.488  -14.662 0.0000000000
182382  39.894  36.393  -15.273 0.0000000000
182379  41.782  36.560  -15.665 0.0000000000
182401  41.353  36.368  -16.130 0.0000000000
181425  40.703  35.670  -16.853 0.0000000000
188217  46.376  40.744  -21.550 0.0000000000
187355  45.804  40.603  -22.033 0.0000000000
189163  46.421  41.920  -19.414 0.0000000000
230700  45.970  41.903  -19.711 0.0000000000
193763  50.523  45.476  -17.239 0.0000000000
192842  50.456  44.817  -15.931 0.0000000000
193755  50.338  45.458  -16.551 0.0000000000
193741  49.720  45.488  -14.764 0.0000000000
195614  49.569  47.267  -15.856 0.0000000000
230280  49.573  46.414  -15.174 0.0000000000
225473  49.794  45.872  -13.216 0.0000000000
193723  50.156  45.965  -11.862 0.0000000000
237747  49.707  45.577  -11.440 0.0000000000
192806  49.085  44.966  -11.460 0.0000000000
191829  48.474  44.269  -11.444 0.0000000000
199791  43.405  50.319  -21.025 0.0000000000
200614  42.090  50.698  -19.890 0.0000000000
198979  42.794  50.039  -20.758 0.0000000000
198255  43.375  49.021  -20.943 0.0000000000
229024  43.453  48.422  -20.792 0.0000000000
195718  43.978  46.866  -20.607 0.0000000000
194756  44.501  46.028  -19.773 0.0000000000
256492  44.276  47.560  -17.996 0.0000000000
194749  44.110  46.658  -19.244 0.0000000000
193798  44.873  45.699  -19.383 0.0000000000
193805  45.167  45.189  -19.591 0.0000000000
193796  45.779  45.089  -18.816 0.0000000000
192883  46.816  44.844  -18.372 0.0000000000
271419  47.938  45.032  -18.081 0.0000000000
193777  47.402  45.905  -17.707 0.0000000000
193776  47.988  45.811  -17.738 0.0000000000
193785  48.994  45.511  -17.872 0.0000000000
193774  50.266  45.709  -17.586 0.0000000000
180448  51.939  34.852  -14.480 0.0000000000
266927  52.629  34.763  -15.233 0.0000000000
180462  51.649  34.748  -15.221 0.0000000000
179636  50.728  34.402  -16.415 0.0000000000
226558  49.811  34.393  -16.489 0.0000000000
179638  48.662  34.345  -15.887 0.0000000000
225636  49.056  34.286  -16.479 0.0000000000
178796  48.496  33.745  -17.636 0.0000000000
178797  48.052  33.473  -18.069 0.0000000000
264817  46.965  33.219  -18.255 0.0000000000
178825  45.953  33.087  -19.004 0.0000000000
226222  45.301  33.846  -15.493 0.0000000000
226510  45.753  33.761  -15.999 0.0000000000
226138  45.434  33.620  -16.603 0.0000000000
178789  44.273  33.470  -16.524 0.0000000000
178788  44.826  33.563  -16.633 0.0000000000
228281  45.836  33.526  -17.152 0.0000000000
178800  45.712  33.353  -17.800 0.0000000000
177862  45.275  33.125  -18.724 0.0000000000
177876  45.467  32.969  -19.456 0.0000000000
177891  44.532  32.789  -19.730 0.0000000000
190009  47.641  42.364  -13.477 0.0000000000
189015  47.742  41.888  -13.084 0.0000000000
189024  48.172  42.270  -13.300 0.0000000000
188105  49.160  41.398  -12.399 0.0000000000
189012  49.603  41.769  -12.692 0.0000000000
188099  49.378  40.943  -12.056 0.0000000000
187267  49.598  40.439  -11.811 0.0000000000
186432  50.227  39.753  -11.269 0.0000000000
185672  50.631  39.303  -10.991 0.0000000000
189020  51.529  41.614  -13.925 0.0000000000
188103  51.509  41.185  -12.771 0.0000000000
224914  52.205  41.106  -13.095 0.0000000000
187264  52.199  40.777  -12.534 0.0000000000
187265  51.290  40.862  -12.120 0.0000000000
187260  51.056  40.486  -11.585 0.0000000000
231225  51.280  39.687  -10.990 0.0000000000
184899  50.898  38.591  -10.893 0.0000000000
184099  51.361  37.692  -11.148 0.0000000000
183231  51.722  37.137  -11.504 0.0000000000
183235  52.542  36.690  -11.806 0.0000000000
183228  53.020  37.308  -11.020 0.0000000000
182297  53.251  36.768  -11.416 0.0000000000
227480  52.792  36.380  -12.453 0.0000000000
182305  53.533  36.020  -12.669 0.0000000000
181344  54.100  35.374  -12.987 0.0000000000
228742  53.808  35.104  -13.251 0.0000000000
191866  50.772  44.268  -15.540 0.0000000000
238346  51.025  44.000  -15.132 0.0000000000
191856  51.301  43.643  -14.227 0.0000000000
191857  50.695  44.127  -13.864 0.0000000000
191848  51.039  43.752  -13.436 0.0000000000
190975  51.622  43.314  -13.811 0.0000000000
190003  52.302  42.641  -12.968 0.0000000000
189974  52.467  42.395  -11.521 0.0000000000
188094  53.034  41.522  -10.951 0.0000000000
191815  50.624  44.234  -11.123 0.0000000000
189977  50.747  43.384  -10.591 0.0000000000
189961  51.328  42.841  -10.358 0.0000000000
188059  50.963  41.409  -9.700 0.0000000000
188074  51.280  41.985  -9.897 0.0000000000
189960  51.775  42.681  -10.496 0.0000000000
188963  52.219  41.817  -9.910 0.0000000000
188962  52.686  41.416  -10.011 0.0000000000
188056  53.173  41.002  -10.283 0.0000000000
186412  53.672  39.538  -9.908 0.0000000000
184892  53.852  38.323  -9.504 0.0000000000
183224  54.325  36.840  -9.498 0.0000000000
183219  53.799  36.869  -8.549 0.0000000000
182270  54.188  36.572  -9.198 0.0000000000
182288  54.478  36.026  -10.665 0.0000000000
181316  54.195  35.347  -11.253 0.0000000000
180414  53.646  34.991  -12.881 0.0000000000
180415  53.275  34.977  -13.310 0.0000000000
181346  52.297  34.977  -13.251 0.0000000000
180433  50.816  34.979  -13.848 0.0000000000
267383  50.247  35.060  -13.461 0.0000000000
181334  50.435  35.620  -11.991 0.0000000000
181362  50.054  35.206  -12.929 0.0000000000
236655  49.710  35.053  -13.436 0.0000000000
180451  48.692  34.922  -13.891 0.0000000000
180452  48.019  34.875  -13.841 0.0000000000
180454  46.745  34.706  -13.619 0.0000000000
182285  49.815  36.253  -9.153 0.0000000000
181306  49.520  35.925  -10.592 0.0000000000
181322  49.036  35.704  -11.128 0.0000000000
181309  47.677  35.696  -10.661 0.0000000000
181323  47.972  35.632  -11.150 0.0000000000
181337  48.030  35.517  -11.723 0.0000000000
180419  47.395  35.072  -12.757 0.0000000000
180438  46.387  34.803  -13.265 0.0000000000
179597  45.871  34.513  -13.693 0.0000000000
262394  45.392  34.493  -13.411 0.0000000000
178750  44.266  34.012  -13.636 0.0000000000
178737  43.410  33.766  -13.254 0.0000000000
177806  42.226  32.897  -12.735 0.0000000000
194828  48.317  46.300  -25.077 0.0000000000
191976  48.103  44.149  -25.200 0.0000000000
191095  48.230  43.632  -25.310 0.0000000000
190233  48.435  42.796  -25.263 0.0000000000
236417  48.632  42.212  -25.398 0.0000000000
261834  48.614  40.879  -25.254 0.0000000000
197500  47.515  48.391  -22.757 0.0000000000
192913  45.495  44.887  -20.904 0.0000000000
192922  45.737  45.046  -21.505 0.0000000000
191069  46.708  43.354  -21.343 0.0000000000
194798  47.478  46.255  -22.760 0.0000000000
251183  48.174  46.977  -23.127 0.0000000000
193847  48.470  45.330  -23.642 0.0000000000
191086  48.814  43.581  -24.647 0.0000000000
262936  47.995  42.405  -22.872 0.0000000000
190221  48.285  42.741  -23.512 0.0000000000
190220  48.696  42.567  -24.327 0.0000000000
262110  48.852  40.664  -24.423 0.0000000000
187397  48.735  40.366  -24.807 0.0000000000
186542  48.528  39.823  -23.569 0.0000000000
187352  48.436  39.831  -22.104 0.0000000000
186522  49.430  39.876  -22.222 0.0000000000
186519  49.180  39.747  -21.973 0.0000000000
227745  48.543  39.889  -21.549 0.0000000000
187339  48.143  40.534  -20.465 0.0000000000
187332  48.431  40.631  -19.971 0.0000000000
228322  48.081  41.071  -19.549 0.0000000000
188193  51.011  40.719  -20.247 0.0000000000
187328  51.026  40.551  -20.091 0.0000000000
187329  50.774  40.226  -19.952 0.0000000000
188173  50.750  40.952  -18.835 0.0000000000
188185  50.827  40.613  -19.460 0.0000000000
252092  50.295  40.405  -19.613 0.0000000000
188179  49.005  41.035  -19.048 0.0000000000
188180  48.336  41.225  -19.092 0.0000000000
247514  48.056  41.545  -18.738 0.0000000000
189145  48.113  41.882  -18.245 0.0000000000
190152  47.951  42.217  -17.707 0.0000000000
224874  47.860  42.744  -16.717 0.0000000000
190112  49.076  42.452  -16.743 0.0000000000
257962  48.530  42.684  -16.478 0.0000000000
226937  47.944  42.858  -16.209 0.0000000000
267572  47.827  42.883  -15.348 0.0000000000
190022  48.091  42.742  -14.310 0.0000000000
188124  47.287  41.504  -12.943 0.0000000000
187284  46.969  40.560  -12.782 0.0000000000
186470  46.609  40.064  -12.874 0.0000000000
186455  47.762  39.622  -12.509 0.0000000000
185689  47.370  39.307  -12.728 0.0000000000
185702  46.514  39.056  -13.175 0.0000000000
184929  46.236  38.648  -13.488 0.0000000000
184941  45.949  38.277  -13.827 0.0000000000
184159  45.378  37.484  -14.477 0.0000000000
184114  49.519  37.622  -12.393 0.0000000000
184144  48.788  37.623  -13.517 0.0000000000
184145  48.296  37.688  -13.809 0.0000000000
183294  48.395  37.115  -14.915 0.0000000000
183281  47.870  37.416  -14.639 0.0000000000
184156  47.398  37.694  -14.425 0.0000000000
184157  46.898  37.601  -14.597 0.0000000000
184158  45.875  37.595  -14.492 0.0000000000
183298  45.189  37.144  -14.888 0.0000000000
183312  44.274  36.890  -15.305 0.0000000000
182376  43.913  36.715  -15.750 0.0000000000
182398  43.537  36.540  -16.151 0.0000000000
254770  44.638  36.361  -16.379 0.0000000000
182414  43.749  36.276  -16.598 0.0000000000
254769  43.128  36.350  -16.606 0.0000000000
181422  42.364  35.971  -17.201 0.0000000000
180484  52.351  34.655  -16.892 0.0000000000
179644  52.154  34.596  -17.605 0.0000000000
180498  51.220  34.839  -18.357 0.0000000000
178833  49.796  33.958  -19.443 0.0000000000
180520  50.046  34.482  -19.162 0.0000000000
180499  50.255  35.159  -18.271 0.0000000000
180507  48.895  34.925  -18.906 0.0000000000
180508  48.195  34.988  -18.721 0.0000000000
253950  46.936  35.098  -18.539 0.0000000000
263540  47.180  32.926  -21.325 0.0000000000
177910  47.045  33.201  -21.811 0.0000000000
179707  47.096  33.404  -21.686 0.0000000000
179709  45.946  33.787  -21.822 0.0000000000
179700  46.700  34.039  -20.996 0.0000000000
179689  47.005  34.221  -20.389 0.0000000000
247361  46.599  34.477  -19.704 0.0000000000
180525  46.276  34.704  -19.165 0.0000000000
181451  46.438  35.326  -18.244 0.0000000000
180512  45.299  35.132  -18.654 0.0000000000
180513  44.628  35.214  -18.443 0.0000000000
172790  42.842  29.517  -11.948 0.0000000000
172808  42.844  29.453  -12.656 0.0000000000
171674  43.906  28.883  -12.248 0.0000000000
172821  43.049  29.241  -13.266 0.0000000000
171693  44.002  28.790  -12.850 0.0000000000
171694  43.419  29.022  -12.739 0.0000000000
172771  43.364  29.316  -11.500 0.0000000000
172822  42.592  29.668  -13.283 0.0000000000
172830  42.785  29.468  -13.845 0.0000000000
173927  42.000  30.231  -12.151 0.0000000000
173935  42.400  29.843  -12.362 0.0000000000
173936  42.077  30.231  -12.744 0.0000000000
173945  41.912  30.594  -13.101 0.0000000000
173952  42.409  29.884  -13.727 0.0000000000
173958  42.416  29.850  -14.233 0.0000000000
174964  41.768  30.752  -12.574 0.0000000000
174984  41.947  30.794  -14.717 0.0000000000
175935  41.891  31.621  -13.213 0.0000000000
175940  41.875  31.228  -14.211 0.0000000000
175945  41.980  31.385  -14.884 0.0000000000
175957  42.336  31.866  -16.393 0.0000000000
175964  42.360  31.765  -17.046 0.0000000000
175971  42.504  31.628  -17.711 0.0000000000
176888  41.946  32.396  -12.648 0.0000000000
176889  41.746  31.847  -12.361 0.0000000000
176900  42.074  32.253  -13.212 0.0000000000
176931  42.293  31.918  -15.765 0.0000000000
177805  42.514  33.303  -12.642 0.0000000000
177813  42.606  33.175  -13.103 0.0000000000
177814  42.325  32.753  -13.244 0.0000000000
177823  42.664  33.003  -13.654 0.0000000000
177833  42.636  32.833  -14.314 0.0000000000
177836  43.345  33.311  -15.038 0.0000000000
177842  43.284  33.057  -16.034 0.0000000000
177849  43.896  33.198  -16.946 0.0000000000
177850  43.369  32.970  -16.663 0.0000000000
177854  44.525  33.254  -17.878 0.0000000000
177856  43.454  32.906  -17.327 0.0000000000
177865  43.562  32.860  -17.999 0.0000000000
177878  44.245  32.924  -18.927 0.0000000000
177885  48.281  33.340  -20.586 0.0000000000
177886  47.972  33.099  -20.660 0.0000000000
177887  47.519  32.925  -20.635 0.0000000000
177890  45.085  32.884  -19.761 0.0000000000
177901  46.712  33.007  -22.011 0.0000000000
177903  44.741  32.705  -20.817 0.0000000000
178736  43.873  33.995  -13.335 0.0000000000
178751  43.746  33.811  -13.770 0.0000000000
178760  45.123  34.064  -14.436 0.0000000000
178768  45.834  33.944  -15.431 0.0000000000
178771  43.649  33.407  -15.622 0.0000000000
178777  46.845  33.853  -16.264 0.0000000000
178778  46.378  33.908  -15.698 0.0000000000
178779  45.082  33.709  -16.067 0.0000000000
178784  48.072  33.973  -16.924 0.0000000000
178787  46.018  33.661  -16.586 0.0000000000
178790  43.752  33.313  -16.289 0.0000000000
178795  49.295  33.757  -18.348 0.0000000000
178801  45.165  33.455  -17.300 0.0000000000
178802  44.496  33.377  -17.228 0.0000000000
178809  48.493  33.409  -18.862 0.0000000000
178810  47.752  33.254  -18.572 0.0000000000
178812  45.641  33.236  -18.362 0.0000000000
178813  45.111  33.288  -18.024 0.0000000000
178821  48.978  33.471  -19.711 0.0000000000
178824  46.655  33.059  -18.946 0.0000000000
178834  48.789  33.559  -20.211 0.0000000000
178843  47.522  33.301  -21.299 0.0000000000
178852  46.431  33.319  -22.508 0.0000000000
178853  45.987  33.391  -22.654 0.0000000000
179609  46.380  34.591  -13.752 0.0000000000
179610  45.679  34.279  -14.280 0.0000000000
179620  46.045  34.262  -14.602 0.0000000000
179626  49.083  34.539  -15.489 0.0000000000
179627  48.385  34.501  -15.274 0.0000000000
179628  47.774  34.420  -15.264 0.0000000000
179635  51.749  34.424  -16.928 0.0000000000
179637  49.236  34.431  -16.001 0.0000000000
179646  49.763  34.166  -17.286 0.0000000000
179647  48.776  34.063  -17.038 0.0000000000
179648  47.473  33.913  -16.671 0.0000000000
179655  51.812  34.582  -18.077 0.0000000000
179656  50.908  34.190  -18.092 0.0000000000
179667  50.518  34.358  -18.956 0.0000000000
179668  50.002  33.961  -18.996 0.0000000000
179674  50.047  34.182  -19.229 0.0000000000
179676  49.177  34.198  -19.759 0.0000000000
179679  47.113  34.415  -19.725 0.0000000000
179686  48.909  33.916  -20.189 0.0000000000
179687  48.260  34.027  -20.315 0.0000000000
179698  47.926  33.545  -20.752 0.0000000000
179699  47.400  33.756  -21.066 0.0000000000
179708  46.547  33.637  -21.813 0.0000000000
180402  53.935  35.024  -12.346 0.0000000000
180403  53.144  35.007  -12.305 0.0000000000
180404  47.148  35.221  -12.246 0.0000000000
180406  45.997  35.163  -12.095 0.0000000000
180412  54.038  35.294  -13.023 0.0000000000
180413  53.908  35.027  -12.852 0.0000000000
180418  48.061  35.123  -12.796 0.0000000000
180421  46.184  34.977  -12.652 0.0000000000
180423  45.025  34.888  -12.426 0.0000000000
180430  53.415  35.044  -13.863 0.0000000000
180431  52.963  34.922  -14.150 0.0000000000
180432  52.134  34.914  -13.869 0.0000000000
180434  49.064  35.032  -13.406 0.0000000000
180435  48.372  35.018  -13.341 0.0000000000
180437  47.028  34.885  -13.243 0.0000000000
180446  53.101  35.044  -15.112 0.0000000000
180447  52.982  34.877  -14.978 0.0000000000
180450  50.167  35.001  -13.974 0.0000000000
180453  47.274  34.727  -13.812 0.0000000000
180459  53.028  35.100  -15.466 0.0000000000
180461  52.618  34.799  -15.719 0.0000000000
180464  49.397  34.795  -14.638 0.0000000000
180466  48.355  34.817  -14.256 0.0000000000
180472  52.740  34.888  -15.939 0.0000000000
180473  52.533  34.839  -16.254 0.0000000000
180474  52.121  34.630  -16.100 0.0000000000
180496  52.058  34.677  -17.864 0.0000000000
180497  51.744  34.665  -18.198 0.0000000000
180505  50.636  34.728  -18.821 0.0000000000
180506  49.598  34.977  -18.735 0.0000000000
180509  47.487  35.045  -18.603 0.0000000000
180510  46.577  34.933  -18.795 0.0000000000
180511  46.010  35.075  -18.690 0.0000000000
180522  48.726  34.672  -19.354 0.0000000000
181270  47.998  35.785  -8.316 0.0000000000
181272  46.755  35.845  -8.267 0.0000000000
181291  48.774  35.990  -9.855 0.0000000000
181293  47.675  35.785  -9.884 0.0000000000
181296  45.479  35.690  -9.643 0.0000000000
181298  44.265  35.560  -9.715 0.0000000000
181301  54.350  35.644  -11.061 0.0000000000
181307  48.883  35.873  -10.430 0.0000000000
181308  48.067  35.789  -10.275 0.0000000000
181310  46.707  35.703  -10.766 0.0000000000
181312  44.961  35.553  -10.433 0.0000000000
181315  54.366  35.452  -11.580 0.0000000000
181317  53.381  35.437  -11.179 0.0000000000
181318  52.216  35.559  -11.389 0.0000000000
181319  50.878  35.743  -11.515 0.0000000000
181320  50.243  35.781  -11.384 0.0000000000
181324  47.437  35.593  -11.328 0.0000000000
181326  46.424  35.632  -11.126 0.0000000000
181330  54.344  35.436  -12.147 0.0000000000
181331  54.294  35.279  -11.965 0.0000000000
181333  51.144  35.539  -12.067 0.0000000000
181341  45.784  35.406  -11.606 0.0000000000
181343  54.231  35.394  -12.681 0.0000000000
181345  53.868  35.428  -13.334 0.0000000000
181352  47.743  35.288  -12.279 0.0000000000
181359  53.761  35.245  -13.468 0.0000000000
181360  51.404  35.073  -13.185 0.0000000000
181361  50.708  35.095  -13.265 0.0000000000
181371  53.222  35.200  -14.711 0.0000000000
181380  53.021  35.395  -15.484 0.0000000000
181389  52.807  35.232  -15.918 0.0000000000
181398  52.134  35.381  -17.029 0.0000000000
181400  49.727  36.164  -16.168 0.0000000000
181412  50.115  35.775  -17.045 0.0000000000
181415  47.069  35.826  -17.117 0.0000000000
181421  42.984  36.001  -17.202 0.0000000000
181424  41.242  35.786  -16.982 0.0000000000
181430  51.592  35.080  -17.845 0.0000000000
181431  50.825  35.357  -17.862 0.0000000000
181434  47.383  35.557  -17.610 0.0000000000
181438  44.790  35.803  -17.432 0.0000000000
181440  43.180  35.619  -17.689 0.0000000000
181448  48.577  35.211  -18.306 0.0000000000
181449  47.777  35.275  -18.139 0.0000000000
181452  45.746  35.454  -18.220 0.0000000000
182249  48.767  36.472  -7.488 0.0000000000
182264  49.012  36.275  -7.821 0.0000000000
182266  47.878  35.960  -7.618 0.0000000000
182271  53.623  36.474  -8.957 0.0000000000
182272  52.730  36.498  -8.851 0.0000000000
182277  49.283  36.170  -8.500 0.0000000000
182279  54.379  36.296  -9.942 0.0000000000
182280  54.092  36.151  -9.664 0.0000000000
182281  53.288  36.162  -9.506 0.0000000000
182289  54.339  35.875  -10.390 0.0000000000
182292  50.591  36.140  -10.268 0.0000000000
182294  49.350  36.086  -9.933 0.0000000000
182296  54.110  36.290  -11.495 0.0000000000
182304  54.246  35.586  -12.387 0.0000000000
182307  51.161  36.675  -12.595 0.0000000000
182317  52.583  35.987  -13.643 0.0000000000
182333  52.907  35.685  -14.389 0.0000000000
182334  51.948  36.064  -14.543 0.0000000000
182350  51.576  36.158  -15.046 0.0000000000
182356  41.079  36.603  -14.900 0.0000000000
182366  52.333  35.718  -15.654 0.0000000000
182370  48.447  36.531  -15.725 0.0000000000
182374  45.220  36.621  -15.808 0.0000000000
182390  48.861  36.243  -16.114 0.0000000000
182392  47.667  36.421  -16.198 0.0000000000
182394  46.385  36.513  -16.214 0.0000000000
182409  46.790  36.183  -16.703 0.0000000000
182411  45.694  36.268  -16.763 0.0000000000
182413  44.266  36.190  -16.674 0.0000000000
182415  42.625  36.224  -16.841 0.0000000000
183209  51.809  37.057  -7.911 0.0000000000
183210  50.782  36.956  -7.808 0.0000000000
183211  49.762  36.746  -7.416 0.0000000000
183212  49.326  36.795  -7.349 0.0000000000
183218  53.823  37.271  -8.397 0.0000000000
183221  52.260  36.746  -8.191 0.0000000000
183222  51.530  36.724  -8.171 0.0000000000
183232  50.957  37.385  -11.542 0.0000000000
183233  50.342  37.578  -11.700 0.0000000000
183240  49.262  37.502  -13.073 0.0000000000
183258  50.152  36.918  -13.269 0.0000000000
183259  49.694  37.141  -13.385 0.0000000000
183280  48.356  37.403  -14.341 0.0000000000
183287  41.205  36.904  -13.990 0.0000000000
183292  49.887  36.708  -14.324 0.0000000000
183293  49.409  36.906  -14.508 0.0000000000
183295  47.374  37.408  -14.798 0.0000000000
183296  46.343  37.429  -14.758 0.0000000000
183297  45.765  37.263  -14.863 0.0000000000
183299  44.601  37.098  -14.848 0.0000000000
183307  48.094  36.876  -15.454 0.0000000000
184072  53.510  37.645  -8.180 0.0000000000
184073  52.824  37.624  -7.917 0.0000000000
184087  48.968  37.972  -8.371 0.0000000000
184091  54.184  37.517  -9.195 0.0000000000
184093  54.219  37.277  -9.811 0.0000000000
184094  53.867  37.672  -10.276 0.0000000000
184096  52.422  37.936  -10.864 0.0000000000
184102  49.801  37.793  -11.859 0.0000000000
184103  49.300  38.068  -11.989 0.0000000000
184116  48.551  38.288  -12.659 0.0000000000
184134  48.768  37.896  -12.991 0.0000000000
184146  47.849  37.694  -14.154 0.0000000000
184149  45.621  37.872  -14.128 0.0000000000
184160  44.893  37.337  -14.508 0.0000000000
184871  53.174  38.058  -8.143 0.0000000000
184873  52.309  37.904  -7.934 0.0000000000
184883  51.367  38.508  -8.319 0.0000000000
184886  48.687  38.519  -8.825 0.0000000000
184893  53.729  38.417  -10.173 0.0000000000
184894  53.477  38.590  -10.655 0.0000000000
184897  51.533  38.508  -10.794 0.0000000000
184900  50.173  38.564  -11.212 0.0000000000
184905  48.389  38.752  -12.372 0.0000000000
184926  47.779  38.395  -13.124 0.0000000000
184928  46.786  38.592  -13.381 0.0000000000
184930  45.664  38.688  -13.516 0.0000000000
184933  43.259  38.716  -13.076 0.0000000000
184939  47.108  38.202  -13.680 0.0000000000
185624  52.662  38.882  -8.320 0.0000000000
185637  53.447  38.926  -8.764 0.0000000000
185638  52.942  39.385  -8.669 0.0000000000
185640  51.671  39.206  -8.546 0.0000000000
185641  50.953  39.117  -8.705 0.0000000000
185642  50.387  38.821  -8.663 0.0000000000
185654  53.673  39.003  -9.385 0.0000000000
185655  53.388  39.543  -9.194 0.0000000000
185658  49.300  39.761  -9.329 0.0000000000
185659  48.242  39.521  -9.360 0.0000000000
185666  53.240  39.154  -10.959 0.0000000000
185670  52.006  39.599  -11.060 0.0000000000
185675  49.362  39.133  -11.627 0.0000000000
185676  48.820  39.010  -11.976 0.0000000000
185688  47.888  39.070  -12.570 0.0000000000
185690  46.821  39.481  -12.854 0.0000000000
185691  42.507  39.393  -12.734 0.0000000000
186397  51.922  39.859  -8.762 0.0000000000
186413  53.379  40.048  -9.650 0.0000000000
186415  50.305  40.021  -9.282 0.0000000000
186416  49.698  40.110  -9.468 0.0000000000
186417  48.704  39.976  -9.550 0.0000000000
186427  53.600  39.920  -11.151 0.0000000000
186440  48.664  39.521  -12.028 0.0000000000
186454  48.287  39.850  -12.275 0.0000000000
186456  47.245  39.959  -12.680 0.0000000000
186458  42.057  39.911  -12.802 0.0000000000
186472  45.510  40.140  -13.211 0.0000000000
186503  50.636  39.854  -20.875 0.0000000000
186508  50.452  39.743  -21.193 0.0000000000
186509  50.027  39.613  -21.282 0.0000000000
186517  50.240  39.730  -21.486 0.0000000000
186518  49.816  39.787  -21.759 0.0000000000
186529  49.111  39.972  -22.655 0.0000000000
186552  48.434  39.854  -24.355 0.0000000000
187213  52.639  40.476  -9.204 0.0000000000
187226  53.324  40.516  -9.993 0.0000000000
187228  51.879  41.000  -9.404 0.0000000000
187229  51.460  40.665  -9.231 0.0000000000
187232  48.913  40.523  -9.792 0.0000000000
187248  53.565  40.443  -10.801 0.0000000000
187249  50.405  41.416  -9.844 0.0000000000
187251  49.225  40.987  -10.006 0.0000000000
187268  48.634  40.337  -12.193 0.0000000000
187279  53.270  40.982  -12.380 0.0000000000
187301  46.373  40.708  -13.020 0.0000000000
187336  50.832  40.153  -20.521 0.0000000000
187338  49.854  39.831  -20.598 0.0000000000
187341  50.670  39.987  -21.017 0.0000000000
187356  45.121  40.779  -22.065 0.0000000000
187366  46.843  40.125  -22.556 0.0000000000
188058  51.689  41.558  -9.674 0.0000000000
188073  52.989  41.396  -10.519 0.0000000000
188077  49.513  41.479  -10.178 0.0000000000
188079  48.285  41.337  -10.324 0.0000000000
188080  47.631  41.331  -10.364 0.0000000000
188096  53.372  40.864  -11.814 0.0000000000
188098  50.024  40.903  -11.938 0.0000000000
188101  53.057  41.278  -12.873 0.0000000000
188106  47.887  41.330  -12.776 0.0000000000
188107  47.361  40.968  -12.743 0.0000000000
188127  45.394  41.072  -13.329 0.0000000000
188133  41.804  41.217  -13.420 0.0000000000
188172  51.369  41.242  -18.814 0.0000000000
188176  51.467  41.261  -19.411 0.0000000000
188186  49.541  40.531  -19.513 0.0000000000
188187  47.545  41.352  -19.566 0.0000000000
188188  47.253  41.253  -20.010 0.0000000000
188208  45.399  41.272  -21.070 0.0000000000
188231  49.016  40.514  -23.068 0.0000000000
188237  48.854  41.222  -24.444 0.0000000000
188244  48.829  41.052  -24.931 0.0000000000
188964  51.764  42.048  -9.941 0.0000000000
188972  52.608  41.857  -10.483 0.0000000000
188973  52.038  42.253  -10.232 0.0000000000
188974  51.539  42.426  -10.110 0.0000000000
188976  50.315  42.276  -10.277 0.0000000000
188978  48.574  41.800  -10.494 0.0000000000
188979  48.008  41.696  -10.481 0.0000000000
188993  53.225  41.320  -11.460 0.0000000000
188994  52.895  41.871  -11.334 0.0000000000
188996  49.648  42.379  -10.461 0.0000000000
188999  47.408  42.291  -10.757 0.0000000000
189010  53.152  41.664  -13.086 0.0000000000
189013  48.966  41.834  -12.768 0.0000000000
189018  53.084  41.748  -13.690 0.0000000000
189019  52.302  41.378  -13.991 0.0000000000
189023  48.750  42.189  -13.205 0.0000000000
189025  47.196  42.001  -13.285 0.0000000000
189027  46.187  41.718  -13.327 0.0000000000
189028  45.055  41.690  -13.716 0.0000000000
189077  52.480  41.707  -14.845 0.0000000000
189081  43.850  42.332  -14.360 0.0000000000
189101  52.460  41.978  -15.024 0.0000000000
189133  49.112  41.957  -17.645 0.0000000000
189141  51.781  42.023  -17.993 0.0000000000
189158  51.503  41.594  -19.618 0.0000000000
189164  45.334  42.063  -19.673 0.0000000000
189180  44.893  41.932  -20.107 0.0000000000
189188  49.333  41.432  -21.192 0.0000000000
189239  48.651  41.499  -25.439 0.0000000000
189962  50.813  42.862  -10.387 0.0000000000
189976  51.159  43.206  -10.575 0.0000000000
189980  48.436  42.633  -10.876 0.0000000000
189998  51.947  42.891  -12.069 0.0000000000
190002  52.875  42.108  -13.294 0.0000000000
190024  46.889  42.613  -14.144 0.0000000000
190037  52.448  42.528  -14.925 0.0000000000
190038  50.397  42.198  -14.855 0.0000000000
190042  47.779  42.833  -14.805 0.0000000000
190046  44.684  42.650  -14.832 0.0000000000
190066  48.180  42.851  -15.139 0.0000000000
190067  47.307  42.946  -15.335 0.0000000000
190089  49.150  42.573  -16.339 0.0000000000
190092  47.199  43.039  -15.891 0.0000000000
190115  46.149  42.907  -16.797 0.0000000000
190132  48.184  42.456  -17.196 0.0000000000
190190  45.806  42.106  -19.256 0.0000000000
190207  47.094  42.963  -21.020 0.0000000000
190226  48.747  43.025  -24.886 0.0000000000
190227  48.640  43.101  -24.382 0.0000000000
190924  51.513  43.134  -10.696 0.0000000000
190931  51.634  43.251  -11.243 0.0000000000
190932  51.179  43.590  -10.846 0.0000000000
190933  50.700  43.872  -10.846 0.0000000000
190934  50.165  43.993  -11.003 0.0000000000
190935  49.464  43.512  -11.031 0.0000000000
190953  49.013  43.874  -11.263 0.0000000000
190954  48.341  43.605  -11.290 0.0000000000
190965  51.703  43.153  -12.603 0.0000000000
190966  51.243  43.606  -12.266 0.0000000000
190995  46.692  43.126  -15.685 0.0000000000
191041  47.362  43.593  -19.214 0.0000000000
191044  50.085  42.889  -19.402 0.0000000000
191048  47.141  43.408  -19.699 0.0000000000
191057  46.956  43.311  -20.207 0.0000000000
191058  46.498  43.617  -20.378 0.0000000000
191064  46.387  43.671  -20.909 0.0000000000
191070  46.372  43.808  -21.386 0.0000000000
191075  47.769  42.943  -22.894 0.0000000000
191097  46.091  43.070  -24.343 0.0000000000
191825  50.993  44.038  -11.902 0.0000000000
191886  51.368  43.831  -17.141 0.0000000000
191917  47.639  43.984  -18.803 0.0000000000
191925  46.330  44.052  -19.673 0.0000000000
191926  45.934  44.272  -20.034 0.0000000000
191934  45.851  44.303  -20.421 0.0000000000
191939  45.799  44.380  -20.779 0.0000000000
191946  46.273  44.238  -21.609 0.0000000000
191957  48.345  43.836  -23.767 0.0000000000
191964  48.870  43.979  -25.248 0.0000000000
191965  48.958  44.068  -24.687 0.0000000000
192839  50.081  44.893  -14.719 0.0000000000
192849  50.672  44.880  -16.669 0.0000000000
192859  51.027  44.433  -17.376 0.0000000000
192870  50.435  45.289  -17.845 0.0000000000
192879  50.038  44.941  -18.105 0.0000000000
192882  47.360  44.902  -18.185 0.0000000000
192884  46.260  45.074  -18.477 0.0000000000
192892  46.071  44.710  -18.978 0.0000000000
192898  45.962  44.481  -19.481 0.0000000000
192905  45.598  44.584  -20.361 0.0000000000
192906  45.183  45.102  -20.265 0.0000000000
192912  45.901  44.554  -21.294 0.0000000000
192943  47.088  44.388  -24.399 0.0000000000
192956  48.834  44.519  -25.266 0.0000000000
192957  48.650  44.564  -25.391 0.0000000000
192958  48.398  45.146  -25.221 0.0000000000
193713  50.224  45.607  -11.521 0.0000000000
193714  50.030  45.989  -11.505 0.0000000000
193722  50.398  45.342  -11.867 0.0000000000
193748  49.825  45.756  -15.582 0.0000000000
193775  48.650  46.030  -17.689 0.0000000000
193786  48.281  45.452  -17.893 0.0000000000
193787  47.629  45.393  -17.924 0.0000000000
193797  45.331  45.358  -19.037 0.0000000000
193814  44.874  45.615  -20.518 0.0000000000
193821  45.387  45.383  -21.235 0.0000000000
193822  45.077  45.726  -21.007 0.0000000000
193846  49.090  45.109  -24.586 0.0000000000
193848  47.647  45.617  -22.928 0.0000000000
193856  49.170  45.600  -24.871 0.0000000000
193873  48.917  45.503  -25.131 0.0000000000
193874  48.679  45.627  -25.257 0.0000000000
193875  47.933  45.776  -24.881 0.0000000000
194716  49.377  46.962  -17.390 0.0000000000
194729  48.017  46.352  -17.609 0.0000000000
194741  44.942  46.603  -18.441 0.0000000000
194748  44.524  46.272  -19.143 0.0000000000
194757  44.143  46.473  -19.669 0.0000000000
194763  44.597  45.931  -20.258 0.0000000000
194764  44.243  46.368  -20.281 0.0000000000
194782  45.083  46.131  -21.272 0.0000000000
194797  48.315  46.082  -23.336 0.0000000000
194809  49.115  46.236  -24.577 0.0000000000
194829  47.502  46.309  -24.671 0.0000000000
195626  49.693  47.275  -16.616 0.0000000000
195630  44.953  46.926  -16.005 0.0000000000
195631  44.544  47.061  -16.447 0.0000000000
195646  45.979  47.490  -16.679 0.0000000000
195649  44.366  47.434  -17.029 0.0000000000
195699  43.879  46.842  -19.526 0.0000000000
195763  49.133  46.640  -24.819 0.0000000000
195781  48.899  46.730  -25.030 0.0000000000
196559  48.893  49.110  -15.805 0.0000000000
196570  48.292  48.438  -16.578 0.0000000000
196571  46.863  47.669  -16.570 0.0000000000
196584  45.968  47.404  -17.125 0.0000000000
196593  46.424  47.294  -17.299 0.0000000000
196633  43.541  47.798  -20.606 0.0000000000
196645  45.012  47.647  -21.761 0.0000000000
196658  47.105  47.915  -22.593 0.0000000000
196688  48.835  47.899  -24.306 0.0000000000
196689  47.065  48.093  -24.442 0.0000000000
196708  48.726  47.714  -24.823 0.0000000000
196709  48.386  47.504  -25.042 0.0000000000
196710  47.670  47.262  -24.922 0.0000000000
197463  43.877  48.059  -21.082 0.0000000000
197474  44.305  48.426  -21.494 0.0000000000
197486  46.876  48.521  -22.426 0.0000000000
197511  47.143  48.585  -24.344 0.0000000000
197529  47.734  48.385  -24.550 0.0000000000
198256  42.895  49.426  -20.775 0.0000000000
198259  43.777  49.310  -21.235 0.0000000000
198267  48.070  49.271  -22.987 0.0000000000
198274  48.541  48.900  -24.019 0.0000000000
198285  48.304  48.657  -24.395 0.0000000000
198975  42.382  49.735  -20.300 0.0000000000
198978  43.202  49.817  -20.999 0.0000000000
198992  48.363  49.693  -23.504 0.0000000000
199002  48.115  49.842  -23.878 0.0000000000
199786  42.429  50.379  -20.312 0.0000000000
199787  42.096  50.183  -19.971 0.0000000000
200619  42.916  50.662  -20.631 0.0000000000
201404  41.656  51.618  -18.130 0.0000000000
201420  42.025  51.523  -19.235 0.0000000000
201427  42.737  51.584  -20.032 0.0000000000
202179  42.006  51.966  -18.318 0.0000000000
224736  41.906  31.908  -12.820 0.0000000000
224766  48.366  34.196  -16.424 0.0000000000
224816  51.088  36.428  -13.889 0.0000000000
225138  48.214  43.154  -25.222 0.0000000000
226464  50.281  36.939  -7.680 0.0000000000
226807  53.186  35.073  -14.515 0.0000000000
227854  46.398  40.452  -22.090 0.0000000000
228048  46.421  33.605  -17.063 0.0000000000
228125  41.824  31.287  -13.620 0.0000000000
228614  44.816  34.315  -13.407 0.0000000000
228727  44.224  34.253  -13.121 0.0000000000
228907  52.851  35.306  -11.809 0.0000000000
229086  43.371  29.196  -12.123 0.0000000000
229100  50.432  36.358  -15.392 0.0000000000
229436  47.357  41.712  -19.129 0.0000000000
229844  50.180  41.575  -20.328 0.0000000000
230192  48.870  46.491  -23.845 0.0000000000
230808  52.436  37.105  -11.323 0.0000000000
231074  44.161  33.826  -14.161 0.0000000000
231125  46.439  35.714  -9.589 0.0000000000
232602  50.654  37.119  -12.088 0.0000000000
232826  52.238  34.744  -17.354 0.0000000000
232834  49.035  42.685  -14.684 0.0000000000
233315  47.966  36.628  -15.854 0.0000000000
234167  47.193  49.560  -24.201 0.0000000000
234638  46.692  40.960  -21.038 0.0000000000
235720  50.949  40.829  -9.461 0.0000000000
236176  43.906  47.408  -20.903 0.0000000000
236676  47.617  42.579  -21.023 0.0000000000
237967  48.567  48.922  -16.225 0.0000000000
239185  45.945  42.747  -14.731 0.0000000000
239277  47.467  33.362  -17.916 0.0000000000
240212  48.375  34.693  -14.695 0.0000000000
241844  45.165  46.521  -21.521 0.0000000000
244282  48.429  35.626  -11.308 0.0000000000
244843  50.659  34.207  -18.671 0.0000000000
245049  53.909  38.021  -8.887 0.0000000000
245612  43.080  39.702  -12.906 0.0000000000
247623  46.114  35.671  -10.733 0.0000000000
247699  43.220  48.218  -20.304 0.0000000000
248717  49.750  41.927  -10.289 0.0000000000
248897  43.186  33.111  -15.506 0.0000000000
248928  50.528  40.532  -9.440 0.0000000000
248929  51.383  41.107  -9.487 0.0000000000
249997  46.192  34.136  -15.078 0.0000000000
250308  46.490  49.381  -24.041 0.0000000000
251223  46.830  48.984  -24.181 0.0000000000
251818  51.207  38.124  -10.934 0.0000000000
251843  44.938  33.866  -14.995 0.0000000000
252463  51.245  36.934  -7.905 0.0000000000
252714  47.694  50.637  -23.861 0.0000000000
252716  43.072  37.795  -13.516 0.0000000000
252924  49.275  38.512  -8.719 0.0000000000
253120  54.184  37.069  -8.812 0.0000000000
253262  45.725  39.644  -13.195 0.0000000000
253325  46.948  34.049  -15.756 0.0000000000
254374  43.004  36.623  -16.057 0.0000000000
254390  47.768  44.731  -24.887 0.0000000000
254454  44.380  35.940  -17.052 0.0000000000
254750  45.464  36.460  -16.292 0.0000000000
254805  42.174  30.172  -13.339 0.0000000000
256161  47.063  43.604  -22.265 0.0000000000
256507  49.391  33.837  -19.844 0.0000000000
256626  44.101  33.708  -14.633 0.0000000000
256680  46.709  34.539  -14.035 0.0000000000
257284  47.488  42.768  -16.809 0.0000000000
257454  49.079  40.451  -12.022 0.0000000000
258412  47.160  35.668  -10.874 0.0000000000
258622  48.618  36.003  -16.602 0.0000000000
259257  42.189  49.334  -19.986 0.0000000000
260095  47.791  49.618  -24.190 0.0000000000
260188  53.721  39.493  -10.600 0.0000000000
260762  47.429  40.494  -12.643 0.0000000000
261171  45.920  36.438  -16.421 0.0000000000
261187  46.715  34.616  -19.239 0.0000000000
261304  51.999  43.016  -16.374 0.0000000000
261621  52.356  40.857  -9.353 0.0000000000
261734  50.870  36.217  -15.786 0.0000000000
262410  49.979  39.130  -8.919 0.0000000000
262729  45.152  35.686  -9.319 0.0000000000
262901  46.066  35.568  -11.244 0.0000000000
263575  44.258  28.995  -11.348 0.0000000000
263698  48.124  48.727  -23.126 0.0000000000
263795  48.443  35.858  -10.237 0.0000000000
264187  48.753  47.638  -23.745 0.0000000000
264201  47.398  37.917  -14.001 0.0000000000
264763  42.272  36.604  -15.847 0.0000000000
264775  46.511  32.921  -19.541 0.0000000000
265481  52.648  39.667  -11.301 0.0000000000
265661  48.050  39.434  -12.390 0.0000000000
266342  47.403  47.870  -16.005 0.0000000000
266477  47.234  41.883  -18.821 0.0000000000
266511  50.455  44.630  -15.449 0.0000000000
266815  44.343  46.539  -20.798 0.0000000000
267160  48.226  40.981  -12.531 0.0000000000
268024  49.666  35.372  -12.504 0.0000000000
268248  51.335  34.955  -13.691 0.0000000000
268402  53.047  40.598  -12.172 0.0000000000
268758  45.554  47.091  -17.725 0.0000000000
269001  43.375  49.475  -21.044 0.0000000000
269310  49.081  46.753  -24.385 0.0000000000
269311  51.657  35.874  -10.556 0.0000000000
269544  46.578  42.899  -16.722 0.0000000000
269709  49.642  38.733  -11.473 0.0000000000
270112  45.171  40.159  -13.254 0.0000000000
270631  53.157  34.992  -12.797 0.0000000000
271154  52.586  35.188  -12.179 0.0000000000
271531  52.852  41.432  -14.000 0.0000000000
