#!ascii label  , from subject corrected_filled vox2ras=TkReg
1632
111277  20.123  -5.451  27.293 0.0000000000
108227  30.752  -6.214  31.074 0.0000000000
139330  37.376  9.565  10.702 0.0000000000
244104  28.924  0.776  17.828 0.0000000000
118560  32.185  -1.911  23.570 0.0000000000
143039  49.828  11.739  3.186 0.0000000000
135663  37.078  7.229  14.331 0.0000000000
130197  33.001  4.162  12.820 0.0000000000
109765  15.364  -6.635  27.801 0.0000000000
106923  23.566  -7.294  28.787 0.0000000000
106960  26.310  -7.249  26.711 0.0000000000
107033  21.511  -8.562  24.629 0.0000000000
144288  43.459  11.800  6.489 0.0000000000
111196  22.782  -5.631  31.773 0.0000000000
112709  18.739  -4.552  32.770 0.0000000000
144193  42.537  12.012  10.604 0.0000000000
112730  14.239  -5.347  32.038 0.0000000000
103429  10.884  -9.612  32.016 0.0000000000
128822  32.138  3.721  16.820 0.0000000000
122618  31.310  0.323  20.508 0.0000000000
117093  29.245  -2.597  21.434 0.0000000000
114227  27.736  -3.675  25.577 0.0000000000
134199  37.183  5.981  15.775 0.0000000000
134227  34.694  5.922  13.884 0.0000000000
130167  34.052  4.131  14.794 0.0000000000
136906  39.246  8.093  16.191 0.0000000000
108336  18.321  -7.308  25.273 0.0000000000
105749  17.023  -8.346  26.247 0.0000000000
268474  17.400  -5.428  27.021 0.0000000000
267070  22.279  -6.273  27.748 0.0000000000
108321  22.165  -7.738  26.457 0.0000000000
245763  20.482  -6.649  25.298 0.0000000000
105799  19.865  -8.474  23.886 0.0000000000
140601  38.279  10.015  8.568 0.0000000000
140564  39.629  10.373  12.618 0.0000000000
141770  39.854  10.854  10.788 0.0000000000
142975  40.189  11.297  8.790 0.0000000000
229514  17.846  -5.018  34.809 0.0000000000
112713  16.395  -4.926  32.287 0.0000000000
114121  15.992  -4.398  34.938 0.0000000000
111131  11.336  -5.726  36.991 0.0000000000
253046  11.360  -5.907  34.486 0.0000000000
105629  10.100  -8.816  33.943 0.0000000000
101166  9.259  -11.211  33.849 0.0000000000
102331  8.611  -10.637  35.934 0.0000000000
124982  31.739  1.041  22.940 0.0000000000
244249  32.140  -1.290  22.092 0.0000000000
118609  31.673  -3.318  19.848 0.0000000000
117078  30.674  -2.700  21.730 0.0000000000
105774  24.346  -8.370  24.330 0.0000000000
111292  27.229  -4.955  26.702 0.0000000000
255981  25.139  -6.443  24.214 0.0000000000
114249  25.784  -4.075  23.950 0.0000000000
126278  29.952  3.083  16.860 0.0000000000
127540  30.601  2.833  14.884 0.0000000000
123907  28.776  1.087  14.956 0.0000000000
144374  52.762  11.502  1.729 0.0000000000
143080  50.802  11.044  1.810 0.0000000000
138135  37.379  8.826  12.677 0.0000000000
135702  34.951  6.966  12.012 0.0000000000
139288  39.611  9.676  14.476 0.0000000000
105666  26.725  -8.334  30.367 0.0000000000
108255  28.411  -6.797  29.193 0.0000000000
105716  23.861  -8.374  27.501 0.0000000000
105761  23.028  -8.931  25.568 0.0000000000
104625  22.392  -9.524  24.138 0.0000000000
144229  45.433  12.040  8.810 0.0000000000
144284  45.795  11.978  6.155 0.0000000000
144333  46.489  11.803  4.389 0.0000000000
143057  48.080  11.397  3.003 0.0000000000
112763  21.606  -5.206  29.655 0.0000000000
114176  19.330  -4.557  29.743 0.0000000000
114136  20.698  -4.695  33.009 0.0000000000
109698  23.405  -6.284  30.599 0.0000000000
239419  42.183  11.876  8.851 0.0000000000
269695  16.623  -4.897  29.815 0.0000000000
111225  14.614  -5.851  29.964 0.0000000000
106914  12.784  -7.877  29.623 0.0000000000
112651  13.959  -4.460  34.862 0.0000000000
271192  12.164  -7.028  32.002 0.0000000000
97290  7.092  -12.930  37.549 0.0000000000
130141  33.829  4.235  17.124 0.0000000000
126251  30.322  2.473  19.572 0.0000000000
126217  30.784  1.770  21.122 0.0000000000
122644  30.308  0.246  19.030 0.0000000000
120047  31.357  -1.657  18.539 0.0000000000
118612  29.394  -3.404  19.710 0.0000000000
117127  26.766  -2.790  20.040 0.0000000000
111259  29.263  -5.107  28.305 0.0000000000
115593  29.809  -3.536  26.992 0.0000000000
117024  30.324  -2.960  25.124 0.0000000000
117052  28.986  -2.684  23.536 0.0000000000
117084  26.883  -2.762  22.142 0.0000000000
128846  32.421  3.431  14.837 0.0000000000
126330  31.229  2.166  12.745 0.0000000000
131523  37.165  5.022  16.194 0.0000000000
131548  35.402  4.975  15.178 0.0000000000
130157  35.370  4.518  15.741 0.0000000000
134184  37.755  6.046  16.250 0.0000000000
111325  19.068  -6.078  25.745 0.0000000000
109792  17.937  -6.312  25.876 0.0000000000
112827  18.593  -5.113  27.080 0.0000000000
111276  20.935  -5.631  27.482 0.0000000000
109778  21.524  -6.482  26.890 0.0000000000
270317  20.080  -5.991  26.043 0.0000000000
109821  19.469  -6.830  25.066 0.0000000000
231918  37.651  9.708  9.786 0.0000000000
140575  38.662  9.984  11.798 0.0000000000
141759  39.704  10.497  11.515 0.0000000000
140590  38.444  10.377  10.791 0.0000000000
141774  38.712  10.561  9.625 0.0000000000
109609  10.438  -6.382  37.129 0.0000000000
109621  10.484  -6.543  36.030 0.0000000000
106846  10.054  -8.020  35.425 0.0000000000
102339  9.898  -10.291  33.700 0.0000000000
103419  9.380  -9.946  34.570 0.0000000000
101158  8.827  -10.826  34.848 0.0000000000
250821  32.728  -0.579  23.703 0.0000000000
120002  32.146  -1.691  22.942 0.0000000000
120014  32.191  -1.945  21.665 0.0000000000
118567  31.763  -2.006  22.325 0.0000000000
109707  31.204  -5.490  30.608 0.0000000000
249281  24.095  -8.471  23.748 0.0000000000
108349  24.911  -7.142  24.247 0.0000000000
105813  24.290  -8.101  23.540 0.0000000000
108382  24.573  -7.009  23.032 0.0000000000
125057  29.036  1.542  17.588 0.0000000000
125078  29.034  1.911  16.131 0.0000000000
144344  49.196  11.787  3.944 0.0000000000
244283  50.543  11.885  3.782 0.0000000000
144341  50.716  11.852  3.221 0.0000000000
144369  51.233  11.643  2.498 0.0000000000
143070  50.375  11.408  2.305 0.0000000000
136954  37.186  8.033  13.726 0.0000000000
234388  36.414  8.253  12.341 0.0000000000
135678  36.087  7.264  13.276 0.0000000000
131587  33.756  4.871  13.303 0.0000000000
132859  33.120  5.625  12.708 0.0000000000
270668  32.892  4.605  12.021 0.0000000000
136940  38.181  7.896  15.187 0.0000000000
136947  37.863  8.206  14.465 0.0000000000
138126  38.117  9.133  13.155 0.0000000000
108310  16.238  -7.212  26.698 0.0000000000
108295  14.850  -7.456  27.805 0.0000000000
106911  24.744  -7.929  29.798 0.0000000000
105689  25.561  -8.268  29.040 0.0000000000
106935  23.899  -8.069  28.398 0.0000000000
106996  21.894  -8.061  25.572 0.0000000000
106979  22.349  -8.166  26.167 0.0000000000
107012  21.868  -8.527  25.094 0.0000000000
104598  22.775  -9.191  25.018 0.0000000000
105795  22.047  -9.268  24.613 0.0000000000
104627  21.294  -9.061  24.071 0.0000000000
118647  29.397  -2.128  17.822 0.0000000000
144247  44.195  11.935  8.040 0.0000000000
264173  45.587  11.932  7.454 0.0000000000
144264  44.547  11.952  6.549 0.0000000000
144335  45.195  11.743  4.549 0.0000000000
143046  45.784  11.370  3.717 0.0000000000
143044  47.133  11.447  3.455 0.0000000000
112735  22.035  -5.399  31.016 0.0000000000
114147  20.968  -4.729  31.257 0.0000000000
112706  21.783  -5.332  32.465 0.0000000000
253305  22.977  -5.762  31.124 0.0000000000
111222  22.368  -5.589  30.041 0.0000000000
145506  43.778  12.272  9.836 0.0000000000
239234  42.561  11.922  9.928 0.0000000000
141788  40.282  11.082  7.562 0.0000000000
265444  18.896  -4.455  31.402 0.0000000000
112752  18.236  -4.827  30.281 0.0000000000
112726  17.904  -4.900  31.737 0.0000000000
112714  15.039  -4.991  32.571 0.0000000000
224776  15.726  -5.131  31.216 0.0000000000
111211  14.131  -5.823  30.949 0.0000000000
108258  13.840  -6.957  29.309 0.0000000000
109701  13.391  -6.401  30.983 0.0000000000
114095  13.973  -4.211  36.063 0.0000000000
106863  11.274  -7.876  32.952 0.0000000000
109655  11.588  -6.423  33.472 0.0000000000
106883  11.474  -8.039  32.012 0.0000000000
105658  11.828  -8.439  30.860 0.0000000000
128787  30.995  3.629  19.304 0.0000000000
123805  31.315  0.523  21.720 0.0000000000
124983  31.661  1.627  22.619 0.0000000000
123814  30.997  0.729  21.221 0.0000000000
260977  30.613  0.820  20.185 0.0000000000
123839  30.834  0.572  20.179 0.0000000000
261341  30.662  -0.056  18.818 0.0000000000
121354  31.432  -0.460  18.967 0.0000000000
118591  30.061  -3.949  20.903 0.0000000000
118611  30.061  -3.764  19.724 0.0000000000
118602  29.346  -3.273  20.274 0.0000000000
117125  28.044  -2.834  19.780 0.0000000000
229346  28.357  -2.595  20.726 0.0000000000
106945  26.974  -7.081  27.771 0.0000000000
109734  28.723  -5.693  28.699 0.0000000000
108289  27.489  -5.968  27.596 0.0000000000
112834  27.579  -4.236  26.391 0.0000000000
112823  28.427  -4.223  27.257 0.0000000000
115608  29.191  -3.479  26.326 0.0000000000
257415  30.377  -3.338  26.042 0.0000000000
115625  29.177  -3.187  25.314 0.0000000000
117034  29.631  -2.752  24.312 0.0000000000
115636  28.673  -3.171  24.804 0.0000000000
112882  24.718  -5.365  22.581 0.0000000000
115660  26.434  -3.172  23.142 0.0000000000
128821  32.894  3.941  17.066 0.0000000000
128838  32.838  3.636  15.769 0.0000000000
265045  31.938  3.534  15.715 0.0000000000
255486  29.368  2.267  13.591 0.0000000000
126320  30.525  2.320  13.776 0.0000000000
144379  53.447  11.430  1.093 0.0000000000
134212  36.968  6.289  15.027 0.0000000000
134226  35.496  6.264  14.076 0.0000000000
268403  35.461  5.778  14.509 0.0000000000
131568  34.581  4.916  14.374 0.0000000000
227607  33.507  4.040  14.047 0.0000000000
136893  38.943  7.570  16.712 0.0000000000
135637  38.166  6.959  16.080 0.0000000000
106981  17.652  -7.762  25.814 0.0000000000
109794  17.199  -6.748  26.286 0.0000000000
109763  16.405  -6.074  27.232 0.0000000000
109748  23.126  -6.857  28.295 0.0000000000
243031  22.863  -7.405  27.507 0.0000000000
109776  22.187  -6.944  27.147 0.0000000000
270504  21.797  -7.237  26.417 0.0000000000
108350  21.137  -7.439  25.012 0.0000000000
105798  20.536  -8.437  23.865 0.0000000000
235726  20.156  -7.644  24.363 0.0000000000
107017  19.025  -7.751  24.593 0.0000000000
143028  42.389  11.093  5.322 0.0000000000
111178  22.084  -5.956  33.526 0.0000000000
142923  40.765  11.132  12.400 0.0000000000
142940  40.720  10.900  11.213 0.0000000000
142944  41.114  11.314  10.432 0.0000000000
142952  41.165  11.568  9.445 0.0000000000
141776  39.637  11.194  9.829 0.0000000000
141782  39.072  10.687  8.519 0.0000000000
112679  18.322  -4.856  33.631 0.0000000000
112711  17.628  -4.986  32.322 0.0000000000
112681  17.150  -4.964  33.345 0.0000000000
249677  15.819  -4.678  33.776 0.0000000000
229995  14.870  -4.754  33.389 0.0000000000
112639  12.030  -4.999  36.126 0.0000000000
111149  11.060  -5.901  35.863 0.0000000000
108171  10.552  -7.306  34.454 0.0000000000
104520  10.665  -9.276  33.129 0.0000000000
102343  10.304  -10.430  33.011 0.0000000000
122587  32.199  -0.196  22.783 0.0000000000
121332  32.145  -0.882  21.180 0.0000000000
120037  32.552  -1.570  20.074 0.0000000000
251091  32.531  -1.823  20.781 0.0000000000
118589  31.550  -3.301  21.029 0.0000000000
117091  30.194  -3.679  21.242 0.0000000000
106977  25.175  -7.626  25.409 0.0000000000
108306  26.627  -6.173  26.450 0.0000000000
108331  25.674  -6.574  25.265 0.0000000000
111323  25.860  -5.631  25.326 0.0000000000
112844  26.385  -4.644  25.470 0.0000000000
114236  26.923  -3.675  25.138 0.0000000000
235172  25.429  -5.424  24.515 0.0000000000
269313  24.592  -6.306  22.726 0.0000000000
128814  31.079  3.756  17.290 0.0000000000
238841  30.998  3.260  15.642 0.0000000000
126285  29.974  2.982  16.161 0.0000000000
243681  29.116  2.032  15.105 0.0000000000
144367  52.433  11.655  2.214 0.0000000000
143067  52.239  11.432  1.882 0.0000000000
230208  37.012  9.047  11.494 0.0000000000
138156  36.714  9.029  10.490 0.0000000000
138154  36.225  8.609  11.063 0.0000000000
242737  34.443  6.361  13.087 0.0000000000
134285  33.836  6.289  12.153 0.0000000000
139256  40.323  9.308  16.226 0.0000000000
140514  40.348  9.997  15.514 0.0000000000
262506  40.557  10.546  14.664 0.0000000000
140552  39.581  9.877  13.794 0.0000000000
139308  38.385  9.609  12.450 0.0000000000
106889  28.562  -7.359  30.782 0.0000000000
108241  29.449  -6.562  30.086 0.0000000000
106901  27.477  -7.826  29.644 0.0000000000
105688  26.286  -7.940  28.664 0.0000000000
105714  25.183  -8.088  26.826 0.0000000000
105717  22.856  -8.127  27.022 0.0000000000
105729  23.326  -8.492  26.713 0.0000000000
105727  24.707  -8.160  25.861 0.0000000000
105775  23.911  -8.785  24.605 0.0000000000
104607  23.401  -9.149  24.408 0.0000000000
104638  23.247  -9.281  23.374 0.0000000000
226855  47.695  11.698  6.770 0.0000000000
144304  44.823  11.844  5.487 0.0000000000
144302  45.863  11.976  5.523 0.0000000000
226036  47.507  11.879  5.519 0.0000000000
144331  47.913  11.788  4.358 0.0000000000
144346  48.189  11.758  3.873 0.0000000000
143056  48.614  11.521  2.979 0.0000000000
143072  49.233  11.426  2.429 0.0000000000
112795  20.789  -5.317  28.362 0.0000000000
112781  19.421  -4.852  28.850 0.0000000000
114175  20.242  -4.727  29.607 0.0000000000
227918  20.158  -3.569  31.142 0.0000000000
114142  19.905  -4.000  32.715 0.0000000000
112675  21.056  -5.418  33.824 0.0000000000
112678  19.370  -4.750  33.936 0.0000000000
112661  19.271  -4.872  34.335 0.0000000000
108204  30.272  -6.880  31.978 0.0000000000
106877  27.876  -8.017  31.706 0.0000000000
105646  26.047  -8.285  31.158 0.0000000000
106893  24.362  -7.526  30.260 0.0000000000
108232  24.235  -7.060  31.318 0.0000000000
109722  23.511  -6.694  29.653 0.0000000000
109724  22.886  -6.082  29.163 0.0000000000
111248  21.965  -5.709  28.468 0.0000000000
145497  45.661  12.425  10.044 0.0000000000
144231  44.082  12.060  8.914 0.0000000000
144267  42.388  11.888  7.577 0.0000000000
142973  41.228  11.649  8.398 0.0000000000
144269  41.540  11.769  7.788 0.0000000000
143009  41.874  11.479  6.664 0.0000000000
226896  18.210  -4.919  28.575 0.0000000000
111249  16.932  -5.278  28.459 0.0000000000
111251  15.819  -5.564  28.857 0.0000000000
112728  16.917  -4.981  31.514 0.0000000000
112754  15.827  -5.058  30.031 0.0000000000
254798  14.956  -6.366  28.606 0.0000000000
108269  14.153  -7.060  28.816 0.0000000000
106925  13.486  -7.904  28.970 0.0000000000
114123  14.985  -4.306  34.496 0.0000000000
112698  14.002  -5.016  33.241 0.0000000000
230552  12.761  -5.425  33.295 0.0000000000
111188  13.405  -5.594  32.187 0.0000000000
108235  12.690  -7.134  30.977 0.0000000000
99908  7.753  -12.149  36.453 0.0000000000
130139  35.056  4.245  17.024 0.0000000000
236503  31.876  4.134  17.785 0.0000000000
127507  30.742  3.656  17.822 0.0000000000
126261  29.840  2.453  18.415 0.0000000000
244621  29.602  1.754  18.594 0.0000000000
126241  30.254  1.854  20.137 0.0000000000
125038  29.999  1.307  19.373 0.0000000000
123862  29.614  0.539  18.648 0.0000000000
247162  29.721  -0.454  18.477 0.0000000000
120062  30.140  -1.571  18.229 0.0000000000
118640  30.100  -2.559  18.063 0.0000000000
118619  31.720  -2.919  19.327 0.0000000000
252481  30.766  -3.253  18.694 0.0000000000
117135  29.753  -3.062  18.440 0.0000000000
117137  28.184  -3.093  19.163 0.0000000000
259177  26.979  -3.400  18.929 0.0000000000
118540  32.716  -2.288  25.237 0.0000000000
109719  30.034  -5.713  29.518 0.0000000000
111242  30.367  -5.035  29.229 0.0000000000
112790  30.384  -4.230  28.639 0.0000000000
111273  28.212  -5.158  27.739 0.0000000000
112804  29.034  -4.287  27.860 0.0000000000
115581  30.510  -3.528  27.646 0.0000000000
247395  30.980  -3.365  26.524 0.0000000000
117017  31.191  -2.961  25.871 0.0000000000
117031  31.584  -2.582  24.589 0.0000000000
117049  30.730  -2.547  23.534 0.0000000000
238072  29.811  -2.583  22.953 0.0000000000
231708  29.412  -2.584  21.891 0.0000000000
225012  27.813  -3.073  24.212 0.0000000000
117070  27.665  -2.697  22.945 0.0000000000
117094  28.488  -2.554  21.676 0.0000000000
268433  27.035  -2.500  21.319 0.0000000000
260043  34.063  4.101  16.174 0.0000000000
128855  33.407  3.804  14.666 0.0000000000
245707  32.801  3.592  13.781 0.0000000000
263524  31.468  3.049  14.868 0.0000000000
127554  31.899  3.018  13.990 0.0000000000
128879  32.204  3.376  12.714 0.0000000000
141843  49.731  10.673  1.735 0.0000000000
250925  36.784  4.823  16.478 0.0000000000
130146  36.076  4.678  16.117 0.0000000000
130137  36.310  4.566  16.725 0.0000000000
131522  37.593  4.911  15.983 0.0000000000
111313  19.366  -5.836  26.230 0.0000000000
111297  18.993  -5.511  26.667 0.0000000000
112826  19.351  -5.309  27.209 0.0000000000
112808  20.524  -5.378  27.847 0.0000000000
111295  20.528  -5.724  26.781 0.0000000000
111296  19.727  -5.587  26.757 0.0000000000
111324  19.728  -6.087  25.760 0.0000000000
139333  37.739  9.794  10.321 0.0000000000
139338  37.140  9.365  9.451 0.0000000000
139331  36.914  9.204  10.452 0.0000000000
139326  38.005  9.956  11.191 0.0000000000
140585  38.428  10.131  11.286 0.0000000000
139329  37.763  9.873  10.850 0.0000000000
140591  38.092  10.139  10.498 0.0000000000
108129  10.003  -7.040  36.920 0.0000000000
106832  10.010  -7.390  36.329 0.0000000000
106840  9.934  -7.891  35.985 0.0000000000
104509  9.664  -8.981  34.861 0.0000000000
104506  9.589  -8.859  35.436 0.0000000000
103416  9.172  -9.816  35.114 0.0000000000
243291  33.376  -1.541  24.186 0.0000000000
120001  32.432  -1.466  23.371 0.0000000000
119992  32.450  -1.523  23.433 0.0000000000
118566  32.042  -1.806  23.112 0.0000000000
109681  31.716  -5.926  31.738 0.0000000000
109694  30.929  -5.930  30.850 0.0000000000
105814  23.939  -8.550  23.342 0.0000000000
105824  24.162  -8.047  22.923 0.0000000000
125068  28.743  1.250  16.477 0.0000000000
143040  49.376  11.712  3.362 0.0000000000
144343  49.644  11.793  3.821 0.0000000000
144342  50.131  11.813  3.478 0.0000000000
144358  50.446  11.807  3.189 0.0000000000
143053  50.087  11.645  2.727 0.0000000000
136949  37.193  7.683  14.102 0.0000000000
135689  36.549  7.901  13.123 0.0000000000
135677  36.484  7.341  13.662 0.0000000000
130196  33.501  4.357  13.256 0.0000000000
131607  33.428  4.772  12.784 0.0000000000
130217  33.192  4.487  12.535 0.0000000000
130243  32.689  4.268  12.048 0.0000000000
267516  32.651  3.984  12.517 0.0000000000
136941  37.825  7.545  14.958 0.0000000000
136948  37.440  8.088  13.963 0.0000000000
108293  15.781  -6.852  27.192 0.0000000000
108311  15.661  -7.417  27.026 0.0000000000
108294  15.297  -7.190  27.528 0.0000000000
106950  15.214  -7.683  27.354 0.0000000000
257676  24.257  -7.675  29.529 0.0000000000
106922  24.196  -7.871  28.985 0.0000000000
255782  23.587  -7.622  28.476 0.0000000000
107013  21.754  -8.364  25.046 0.0000000000
105777  21.840  -8.885  24.881 0.0000000000
105796  21.579  -9.023  24.495 0.0000000000
233220  21.254  -8.736  24.230 0.0000000000
117146  29.380  -2.713  17.912 0.0000000000
144266  43.136  11.820  7.200 0.0000000000
227070  44.368  11.913  7.257 0.0000000000
143060  46.092  11.098  3.226 0.0000000000
111197  22.258  -5.463  31.635 0.0000000000
112722  21.736  -5.248  31.715 0.0000000000
111187  22.327  -5.558  32.294 0.0000000000
111195  23.059  -5.748  31.808 0.0000000000
242353  22.570  -5.607  31.024 0.0000000000
144180  42.373  12.108  11.100 0.0000000000
145500  42.956  12.266  10.462 0.0000000000
265849  43.016  12.237  10.170 0.0000000000
268600  42.583  11.951  10.298 0.0000000000
112725  18.715  -4.570  31.972 0.0000000000
112738  18.470  -4.757  31.275 0.0000000000
112715  14.569  -5.057  32.548 0.0000000000
224855  14.738  -5.204  32.019 0.0000000000
111200  13.953  -5.715  31.477 0.0000000000
109700  13.836  -6.218  30.676 0.0000000000
109686  13.771  -6.072  31.122 0.0000000000
112625  13.299  -4.422  36.342 0.0000000000
104523  11.087  -9.000  32.207 0.0000000000
106872  11.384  -7.954  32.527 0.0000000000
104527  11.146  -9.123  31.580 0.0000000000
105659  11.508  -8.716  31.205 0.0000000000
122605  31.250  0.320  21.183 0.0000000000
236111  30.991  0.599  20.795 0.0000000000
122631  31.285  0.223  19.756 0.0000000000
118601  29.891  -3.909  20.317 0.0000000000
117104  29.550  -3.009  20.794 0.0000000000
241273  29.003  -2.762  20.624 0.0000000000
117105  28.839  -2.572  21.080 0.0000000000
106946  26.463  -7.466  27.460 0.0000000000
269944  27.157  -6.543  27.482 0.0000000000
263321  26.800  -6.928  27.069 0.0000000000
114220  27.909  -3.826  26.051 0.0000000000
114219  28.448  -3.636  26.248 0.0000000000
115618  28.279  -3.521  25.672 0.0000000000
226159  29.367  -3.330  25.806 0.0000000000
268708  28.621  -3.309  25.273 0.0000000000
115626  28.142  -3.424  25.206 0.0000000000
255522  32.529  3.834  17.047 0.0000000000
128829  32.599  3.720  16.644 0.0000000000
128830  32.045  3.606  16.292 0.0000000000
134213  36.602  6.249  14.862 0.0000000000
132827  36.333  5.810  15.212 0.0000000000
131549  34.823  4.655  14.818 0.0000000000
131567  35.138  5.277  14.679 0.0000000000
130180  34.371  4.409  14.662 0.0000000000
130181  34.110  4.428  14.347 0.0000000000
130182  33.763  4.086  14.500 0.0000000000
138081  39.897  8.198  17.072 0.0000000000
132811  37.509  5.158  15.947 0.0000000000
135620  38.099  6.561  16.335 0.0000000000
134198  37.371  6.136  15.731 0.0000000000
135638  37.781  6.516  15.653 0.0000000000
111299  17.638  -5.601  26.601 0.0000000000
109793  17.561  -6.413  26.115 0.0000000000
109779  17.304  -6.134  26.459 0.0000000000
109780  16.821  -6.349  26.736 0.0000000000
111300  17.020  -5.747  26.994 0.0000000000
109749  22.705  -6.411  28.028 0.0000000000
109761  22.505  -6.598  27.553 0.0000000000
109762  22.211  -6.554  27.414 0.0000000000
109790  21.091  -6.464  26.225 0.0000000000
109789  21.684  -6.907  26.589 0.0000000000
109805  21.030  -7.029  25.434 0.0000000000
108334  21.534  -7.500  25.562 0.0000000000
107015  20.848  -7.726  24.472 0.0000000000
108351  20.422  -7.286  24.747 0.0000000000
109822  19.020  -6.758  25.210 0.0000000000
108353  18.903  -7.205  24.978 0.0000000000
107018  18.587  -7.631  24.996 0.0000000000
141741  40.089  10.676  12.880 0.0000000000
141750  39.992  10.603  12.263 0.0000000000
141767  39.863  10.709  11.069 0.0000000000
141758  40.237  10.648  11.467 0.0000000000
141766  40.229  10.824  11.014 0.0000000000
142939  41.163  11.219  10.919 0.0000000000
264305  40.270  11.051  10.650 0.0000000000
142946  40.663  11.320  10.269 0.0000000000
142954  40.081  11.217  10.257 0.0000000000
140597  38.169  10.024  9.048 0.0000000000
141778  38.624  10.468  8.946 0.0000000000
261651  38.382  10.179  8.823 0.0000000000
112662  18.259  -4.919  34.209 0.0000000000
112680  17.736  -5.018  33.646 0.0000000000
112663  17.562  -5.004  34.319 0.0000000000
246871  16.265  -4.685  34.137 0.0000000000
112666  15.820  -4.535  34.336 0.0000000000
227522  15.411  -4.750  33.382 0.0000000000
112683  15.217  -4.561  33.865 0.0000000000
254703  11.783  -5.278  37.096 0.0000000000
112627  11.887  -5.097  36.689 0.0000000000
106845  10.321  -7.571  34.885 0.0000000000
108155  10.489  -7.059  34.978 0.0000000000
106850  10.428  -7.808  34.361 0.0000000000
106856  10.602  -7.989  33.763 0.0000000000
104515  10.434  -9.062  33.553 0.0000000000
103425  10.526  -9.874  32.944 0.0000000000
103421  10.319  -9.594  33.465 0.0000000000
102340  9.442  -10.577  33.942 0.0000000000
101165  9.751  -10.857  33.476 0.0000000000
102334  8.727  -10.724  35.368 0.0000000000
101159  8.632  -11.206  35.187 0.0000000000
101155  8.432  -11.162  35.640 0.0000000000
121314  32.298  -0.907  22.668 0.0000000000
122575  32.446  -0.374  23.188 0.0000000000
122595  32.002  -0.382  22.260 0.0000000000
121323  32.043  -0.821  21.738 0.0000000000
120024  32.286  -1.513  21.484 0.0000000000
118578  31.364  -2.829  21.429 0.0000000000
118588  32.020  -2.556  21.239 0.0000000000
118579  30.778  -3.440  21.283 0.0000000000
117079  30.305  -2.914  21.433 0.0000000000
105758  24.695  -8.008  24.572 0.0000000000
108332  25.421  -6.930  25.185 0.0000000000
106994  25.046  -7.458  24.892 0.0000000000
109819  25.111  -6.720  24.328 0.0000000000
108348  25.326  -6.631  24.841 0.0000000000
109818  25.263  -6.344  24.622 0.0000000000
112835  26.383  -5.041  25.778 0.0000000000
247513  25.952  -5.172  25.281 0.0000000000
112850  26.108  -4.631  25.121 0.0000000000
109830  25.200  -6.019  24.347 0.0000000000
109847  24.559  -6.612  22.833 0.0000000000
128815  30.561  3.497  16.954 0.0000000000
127516  30.491  3.383  16.413 0.0000000000
125088  28.869  1.494  15.280 0.0000000000
125087  29.036  1.964  15.590 0.0000000000
125096  28.907  1.575  14.880 0.0000000000
143069  50.886  11.337  2.144 0.0000000000
143068  51.627  11.400  2.039 0.0000000000
143079  51.414  11.151  1.768 0.0000000000
259837  51.992  11.167  1.598 0.0000000000
138143  37.191  8.943  12.117 0.0000000000
138153  36.795  8.904  11.377 0.0000000000
255304  36.833  8.681  11.931 0.0000000000
135701  35.505  7.301  12.321 0.0000000000
136969  35.837  7.962  12.009 0.0000000000
135710  35.299  7.585  11.664 0.0000000000
134284  34.417  6.634  11.676 0.0000000000
134244  34.880  6.366  13.503 0.0000000000
134245  34.140  6.094  13.407 0.0000000000
132897  32.657  5.694  12.282 0.0000000000
134264  33.150  6.059  12.608 0.0000000000
245481  33.074  5.518  11.526 0.0000000000
132920  33.526  5.766  11.170 0.0000000000
138080  40.086  8.760  16.505 0.0000000000
139246  40.502  9.171  16.640 0.0000000000
138091  40.028  9.110  16.059 0.0000000000
139279  39.341  9.270  14.797 0.0000000000
140515  40.002  9.689  15.304 0.0000000000
140537  40.224  10.216  14.976 0.0000000000
140538  39.909  9.953  14.663 0.0000000000
140551  39.926  10.208  14.018 0.0000000000
138127  37.783  9.058  12.781 0.0000000000
139298  38.156  9.344  12.684 0.0000000000
138134  37.652  9.230  12.228 0.0000000000
139317  37.927  9.478  12.146 0.0000000000
105654  27.707  -8.016  30.699 0.0000000000
106900  27.892  -7.742  30.110 0.0000000000
105665  26.884  -8.204  29.754 0.0000000000
105701  24.817  -8.409  28.193 0.0000000000
244072  25.489  -8.206  28.380 0.0000000000
106934  26.020  -7.880  27.925 0.0000000000
105715  24.639  -8.417  27.521 0.0000000000
106963  22.648  -7.682  27.150 0.0000000000
106949  22.953  -7.876  27.352 0.0000000000
106964  22.470  -7.888  26.700 0.0000000000
268117  22.474  -8.479  25.964 0.0000000000
105730  23.009  -8.464  26.505 0.0000000000
105745  23.486  -8.720  25.964 0.0000000000
105744  23.989  -8.451  26.264 0.0000000000
226735  23.317  -8.930  25.503 0.0000000000
242601  24.207  -8.496  25.504 0.0000000000
104597  23.421  -9.104  25.015 0.0000000000
104608  22.629  -9.361  24.567 0.0000000000
104624  23.031  -9.356  23.937 0.0000000000
107036  20.013  -7.995  23.980 0.0000000000
260414  19.788  -8.925  23.901 0.0000000000
145503  46.288  12.104  9.838 0.0000000000
225919  45.825  11.927  6.839 0.0000000000
225907  46.260  11.876  7.610 0.0000000000
144262  46.583  11.800  7.060 0.0000000000
144261  47.318  11.661  7.147 0.0000000000
263639  46.285  11.876  6.527 0.0000000000
143025  44.085  11.511  4.836 0.0000000000
144305  44.300  11.780  5.648 0.0000000000
144334  45.816  11.752  4.476 0.0000000000
144318  45.536  11.865  4.966 0.0000000000
144317  46.194  11.899  4.936 0.0000000000
144301  46.691  11.955  5.495 0.0000000000
144316  46.937  11.886  4.893 0.0000000000
144315  47.677  11.849  4.916 0.0000000000
144332  47.212  11.790  4.343 0.0000000000
143058  47.450  11.263  3.047 0.0000000000
143043  47.814  11.564  3.403 0.0000000000
143042  48.435  11.661  3.415 0.0000000000
112780  20.994  -5.126  29.025 0.0000000000
265010  20.396  -4.998  29.256 0.0000000000
114164  20.760  -4.858  29.969 0.0000000000
114140  20.879  -4.446  32.174 0.0000000000
253916  20.593  -3.726  30.766 0.0000000000
114148  20.537  -3.779  31.689 0.0000000000
114149  20.054  -3.739  32.062 0.0000000000
114141  20.315  -4.007  32.511 0.0000000000
111179  21.567  -5.709  33.696 0.0000000000
111171  20.735  -5.614  34.316 0.0000000000
112677  20.189  -4.996  33.969 0.0000000000
112660  19.896  -5.125  34.334 0.0000000000
108218  28.885  -7.176  31.709 0.0000000000
106891  25.431  -8.066  30.886 0.0000000000
109697  23.661  -6.478  30.951 0.0000000000
109711  23.488  -6.558  30.327 0.0000000000
108244  23.700  -6.920  30.084 0.0000000000
109723  23.259  -6.370  29.395 0.0000000000
111233  23.036  -5.984  29.734 0.0000000000
112762  21.943  -5.329  29.906 0.0000000000
111235  22.295  -5.572  29.492 0.0000000000
112778  22.024  -5.443  29.354 0.0000000000
112794  21.544  -5.503  28.437 0.0000000000
138157  36.158  8.637  10.404 0.0000000000
144218  43.150  12.063  9.430 0.0000000000
144217  43.811  12.169  9.496 0.0000000000
144232  43.284  12.027  8.927 0.0000000000
227736  43.008  11.950  8.383 0.0000000000
144249  42.387  11.947  8.233 0.0000000000
142963  40.759  11.476  9.164 0.0000000000
142962  41.165  11.599  8.983 0.0000000000
142974  40.822  11.468  8.564 0.0000000000
142997  40.643  11.217  7.362 0.0000000000
252944  40.762  11.369  7.774 0.0000000000
142996  41.117  11.510  7.452 0.0000000000
142995  41.608  11.745  7.286 0.0000000000
143010  41.313  11.362  6.808 0.0000000000
244605  19.071  -4.730  29.285 0.0000000000
112782  18.859  -4.853  28.703 0.0000000000
112753  17.685  -4.903  30.347 0.0000000000
112766  17.325  -4.901  29.402 0.0000000000
112767  16.715  -5.014  29.394 0.0000000000
262578  16.410  -5.503  28.508 0.0000000000
111236  16.122  -5.268  29.230 0.0000000000
112712  17.065  -4.988  32.335 0.0000000000
112727  17.307  -4.984  31.852 0.0000000000
225994  16.858  -4.993  31.926 0.0000000000
111224  14.941  -5.581  30.143 0.0000000000
112742  15.466  -5.262  30.424 0.0000000000
111238  15.039  -5.586  29.763 0.0000000000
111252  15.238  -5.809  29.185 0.0000000000
109725  14.827  -6.009  29.366 0.0000000000
108268  14.473  -6.828  28.634 0.0000000000
108257  14.253  -6.576  29.069 0.0000000000
108259  13.419  -7.125  29.708 0.0000000000
106913  13.356  -7.480  29.353 0.0000000000
105682  13.158  -8.178  29.226 0.0000000000
114108  14.560  -4.190  35.171 0.0000000000
114124  14.572  -4.357  34.569 0.0000000000
112667  14.619  -4.544  34.079 0.0000000000
112668  14.191  -4.691  34.189 0.0000000000
112654  12.165  -4.923  35.394 0.0000000000
111165  12.063  -5.422  34.285 0.0000000000
109677  12.120  -6.830  32.359 0.0000000000
111173  12.108  -5.875  33.323 0.0000000000
109676  12.501  -6.227  32.380 0.0000000000
111189  12.914  -5.661  32.462 0.0000000000
108211  12.516  -6.576  31.910 0.0000000000
109688  12.926  -6.430  31.461 0.0000000000
108221  12.478  -6.975  31.507 0.0000000000
101151  8.161  -11.099  36.417 0.0000000000
101152  7.801  -11.376  37.110 0.0000000000
98633  7.288  -12.402  37.741 0.0000000000
98641  7.385  -12.576  37.001 0.0000000000
130124  33.211  4.373  18.035 0.0000000000
128807  31.639  4.162  18.325 0.0000000000
128808  31.301  3.988  17.877 0.0000000000
127491  30.700  3.281  19.073 0.0000000000
127492  30.258  2.854  18.819 0.0000000000
126252  29.919  1.963  19.110 0.0000000000
126202  31.347  1.711  22.012 0.0000000000
126231  30.503  1.876  20.654 0.0000000000
123840  30.504  0.614  19.637 0.0000000000
125028  30.308  1.171  19.804 0.0000000000
123850  30.091  0.693  19.142 0.0000000000
122655  29.860  0.066  18.739 0.0000000000
122656  29.446  -0.008  18.403 0.0000000000
121364  30.814  -0.704  18.458 0.0000000000
121372  30.233  -0.896  18.339 0.0000000000
120054  30.695  -1.608  18.309 0.0000000000
118639  30.559  -2.301  18.128 0.0000000000
120038  32.167  -2.221  19.660 0.0000000000
247763  30.722  -3.524  19.207 0.0000000000
118621  30.129  -3.593  19.186 0.0000000000
264653  30.215  -3.357  18.694 0.0000000000
117123  29.544  -3.413  19.069 0.0000000000
117136  28.951  -3.214  18.823 0.0000000000
117124  28.777  -3.136  19.520 0.0000000000
117126  27.363  -2.694  19.926 0.0000000000
117138  27.473  -2.960  19.357 0.0000000000
115698  26.869  -3.005  19.507 0.0000000000
114310  26.337  -3.186  19.655 0.0000000000
108254  28.702  -6.767  29.548 0.0000000000
109710  29.799  -6.132  29.772 0.0000000000
109721  28.747  -6.000  29.183 0.0000000000
111245  29.103  -5.400  28.392 0.0000000000
111244  29.495  -5.253  28.704 0.0000000000
112777  29.707  -4.899  28.635 0.0000000000
112776  30.105  -4.754  28.823 0.0000000000
109775  26.749  -5.626  26.491 0.0000000000
109759  27.125  -5.760  26.983 0.0000000000
111291  27.743  -4.988  27.316 0.0000000000
114209  29.300  -3.673  26.948 0.0000000000
114197  28.892  -4.048  27.431 0.0000000000
114196  29.360  -3.773  27.485 0.0000000000
114195  29.908  -3.577  27.435 0.0000000000
115592  30.425  -3.473  26.908 0.0000000000
115591  31.056  -3.354  27.040 0.0000000000
264631  30.159  -3.498  26.600 0.0000000000
115623  30.110  -3.168  25.626 0.0000000000
115616  30.611  -3.045  25.737 0.0000000000
117023  30.956  -2.788  25.151 0.0000000000
117022  31.657  -2.717  25.434 0.0000000000
117032  31.018  -2.626  24.308 0.0000000000
264715  30.529  -2.770  24.442 0.0000000000
117051  29.482  -2.649  23.651 0.0000000000
263001  29.905  -2.640  23.744 0.0000000000
269685  29.386  -2.601  23.090 0.0000000000
117067  29.598  -2.559  22.434 0.0000000000
117068  29.008  -2.565  22.770 0.0000000000
257050  26.750  -3.588  24.717 0.0000000000
115638  27.343  -3.360  24.628 0.0000000000
267020  26.918  -3.369  24.307 0.0000000000
117071  27.044  -2.841  22.718 0.0000000000
115659  27.147  -2.940  23.340 0.0000000000
117082  28.119  -2.595  22.291 0.0000000000
117083  27.499  -2.657  22.275 0.0000000000
258027  27.906  -2.564  21.845 0.0000000000
117096  26.663  -2.725  21.566 0.0000000000
130140  34.346  4.269  17.164 0.0000000000
130149  34.356  4.174  16.577 0.0000000000
231943  34.043  4.178  16.778 0.0000000000
229655  32.434  3.529  15.444 0.0000000000
128844  33.390  3.775  15.351 0.0000000000
128845  32.831  3.563  15.074 0.0000000000
128856  32.900  3.579  14.459 0.0000000000
128857  32.384  3.350  14.195 0.0000000000
127530  30.619  3.007  15.374 0.0000000000
127539  31.047  2.984  15.150 0.0000000000
126319  31.080  2.352  13.447 0.0000000000
127555  30.982  2.601  14.095 0.0000000000
127566  31.512  2.601  13.064 0.0000000000
263052  31.833  2.905  13.432 0.0000000000
127565  31.900  2.957  12.830 0.0000000000
144372  53.675  11.685  1.333 0.0000000000
144378  53.875  11.575  0.868 0.0000000000
145564  54.617  12.277  0.827 0.0000000000
141834  49.471  11.131  2.118 0.0000000000
232677  49.179  10.646  1.880 0.0000000000
132812  37.436  5.063  16.001 0.0000000000
131547  36.108  5.291  15.413 0.0000000000
131534  36.535  5.110  15.951 0.0000000000
130158  34.686  4.229  15.517 0.0000000000
132797  37.631  4.915  16.000 0.0000000000
109808  18.775  -6.476  25.431 0.0000000000
109809  18.199  -6.722  25.498 0.0000000000
111326  18.459  -6.160  25.757 0.0000000000
111298  18.281  -5.380  26.571 0.0000000000
256149  17.832  -5.163  27.096 0.0000000000
111275  21.621  -5.979  27.656 0.0000000000
111293  21.840  -6.382  27.348 0.0000000000
111294  21.284  -6.055  27.180 0.0000000000
111311  20.992  -6.120  26.652 0.0000000000
109791  20.370  -6.281  25.732 0.0000000000
109820  20.084  -6.890  24.980 0.0000000000
109807  19.345  -6.398  25.375 0.0000000000
139337  37.836  9.777  9.117 0.0000000000
140574  38.962  10.033  12.133 0.0000000000
140573  39.516  10.383  11.971 0.0000000000
140584  38.940  10.205  11.489 0.0000000000
140589  38.888  10.330  11.195 0.0000000000
141771  38.915  10.545  10.613 0.0000000000
265956  39.056  10.710  10.070 0.0000000000
140593  38.424  10.357  10.140 0.0000000000
140594  38.089  10.013  9.771 0.0000000000
112648  17.468  -4.965  35.522 0.0000000000
228750  17.124  -4.855  34.978 0.0000000000
264224  10.160  -7.744  35.234 0.0000000000
105625  9.914  -8.590  34.509 0.0000000000
104516  10.101  -9.320  33.785 0.0000000000
104512  9.832  -9.251  34.248 0.0000000000
102336  9.654  -10.105  34.119 0.0000000000
102337  9.193  -10.409  34.439 0.0000000000
103413  9.075  -9.751  35.680 0.0000000000
103410  8.954  -9.716  36.164 0.0000000000
121302  32.940  -0.999  23.796 0.0000000000
121303  32.500  -0.903  23.254 0.0000000000
248070  32.251  -1.484  22.803 0.0000000000
120013  32.287  -1.754  21.849 0.0000000000
118576  32.075  -1.847  22.022 0.0000000000
118568  31.204  -2.340  21.971 0.0000000000
105794  23.928  -8.708  24.044 0.0000000000
105773  24.599  -7.969  24.208 0.0000000000
105793  24.337  -8.225  23.884 0.0000000000
107031  24.656  -7.608  23.936 0.0000000000
107052  24.725  -7.263  23.574 0.0000000000
109831  25.015  -6.611  23.854 0.0000000000
107053  24.499  -7.569  23.281 0.0000000000
126271  29.315  2.396  17.222 0.0000000000
126279  29.433  2.488  16.458 0.0000000000
125067  29.016  1.787  16.809 0.0000000000
125079  28.774  1.332  15.887 0.0000000000
144329  48.992  11.844  4.610 0.0000000000
144328  49.376  11.837  4.682 0.0000000000
144356  51.519  11.744  2.763 0.0000000000
144357  51.017  11.775  2.908 0.0000000000
143052  50.666  11.640  2.631 0.0000000000
226878  37.068  8.267  13.236 0.0000000000
136961  36.951  8.515  12.560 0.0000000000
136962  35.999  7.653  12.677 0.0000000000
135690  35.651  7.161  12.912 0.0000000000
132858  33.930  5.470  13.342 0.0000000000
131625  32.608  5.122  12.384 0.0000000000
254565  32.646  5.108  11.931 0.0000000000
136924  38.895  7.965  15.869 0.0000000000
138101  39.368  8.556  15.815 0.0000000000
138111  38.903  8.756  14.999 0.0000000000
138119  38.884  9.106  14.438 0.0000000000
139290  38.874  9.338  13.779 0.0000000000
138120  38.342  8.959  13.913 0.0000000000
138121  37.799  8.670  13.575 0.0000000000
106983  16.593  -7.884  26.451 0.0000000000
106951  14.762  -7.896  27.521 0.0000000000
105704  14.318  -8.154  27.811 0.0000000000
267429  25.927  -8.356  30.030 0.0000000000
105679  25.817  -8.324  29.632 0.0000000000
105680  25.158  -8.242  29.466 0.0000000000
105691  24.432  -8.270  28.655 0.0000000000
105702  24.141  -8.358  28.073 0.0000000000
106980  22.054  -7.958  26.004 0.0000000000
106995  22.137  -8.330  25.682 0.0000000000
105747  22.303  -8.773  25.391 0.0000000000
105776  22.200  -9.033  25.009 0.0000000000
104626  21.765  -9.448  24.117 0.0000000000
104640  21.221  -9.481  23.883 0.0000000000
120063  29.500  -1.492  17.978 0.0000000000
144230  44.797  12.016  8.522 0.0000000000
265928  45.247  11.983  8.316 0.0000000000
144246  44.999  11.953  7.792 0.0000000000
144263  45.081  11.970  6.985 0.0000000000
144285  45.196  11.974  6.346 0.0000000000
143024  44.639  11.634  4.681 0.0000000000
143032  44.871  11.461  4.219 0.0000000000
144349  46.117  11.613  4.001 0.0000000000
144348  46.805  11.657  3.894 0.0000000000
143045  46.439  11.404  3.552 0.0000000000
143059  46.767  11.161  3.119 0.0000000000
112749  21.954  -5.358  30.440 0.0000000000
112750  21.551  -5.178  30.180 0.0000000000
112736  21.538  -5.193  30.736 0.0000000000
112723  21.267  -4.991  31.726 0.0000000000
112707  21.284  -4.993  32.368 0.0000000000
111206  23.088  -5.894  30.731 0.0000000000
111220  23.079  -5.955  30.308 0.0000000000
111207  22.797  -5.777  30.582 0.0000000000
111208  22.321  -5.564  30.533 0.0000000000
256006  43.558  12.374  10.358 0.0000000000
144205  43.074  12.164  9.873 0.0000000000
144219  42.578  11.926  9.378 0.0000000000
142985  40.377  11.237  8.118 0.0000000000
114157  19.102  -4.323  30.797 0.0000000000
112751  18.945  -4.596  30.186 0.0000000000
249416  18.493  -4.798  30.704 0.0000000000
112739  17.895  -4.936  30.928 0.0000000000
225961  17.277  -4.951  30.677 0.0000000000
227119  15.729  -4.873  32.812 0.0000000000
112729  16.363  -4.998  31.705 0.0000000000
111198  15.078  -5.241  31.588 0.0000000000
111209  14.997  -5.430  30.830 0.0000000000
111210  14.541  -5.735  30.507 0.0000000000
109727  14.097  -6.449  29.569 0.0000000000
109713  13.977  -6.343  30.081 0.0000000000
109714  13.552  -6.578  30.386 0.0000000000
108246  13.280  -7.011  30.210 0.0000000000
114094  14.582  -4.167  35.836 0.0000000000
114109  14.025  -4.246  35.359 0.0000000000
109645  11.178  -6.490  34.103 0.0000000000
225666  11.757  -5.918  33.889 0.0000000000
108184  11.504  -7.006  33.167 0.0000000000
108199  11.711  -7.177  32.720 0.0000000000
106882  11.808  -7.799  31.670 0.0000000000
106895  11.994  -7.983  31.101 0.0000000000
105647  11.664  -8.240  31.450 0.0000000000
128799  31.376  4.060  18.986 0.0000000000
128786  31.199  3.776  19.615 0.0000000000
127482  31.008  3.225  19.896 0.0000000000
127483  30.778  3.038  19.614 0.0000000000
123793  31.401  0.906  22.329 0.0000000000
242912  31.114  1.078  21.699 0.0000000000
125003  30.872  1.210  21.174 0.0000000000
125018  30.635  1.390  20.809 0.0000000000
123827  30.739  0.863  20.655 0.0000000000
122632  30.775  0.315  19.399 0.0000000000
118600  30.762  -3.895  20.246 0.0000000000
118610  30.988  -3.569  19.560 0.0000000000
266156  30.391  -3.876  19.925 0.0000000000
117113  28.673  -2.892  20.176 0.0000000000
117114  27.903  -2.598  20.335 0.0000000000
241838  27.771  -2.473  20.798 0.0000000000
106931  27.811  -6.905  28.614 0.0000000000
108266  28.283  -6.521  28.875 0.0000000000
236770  28.083  -6.233  28.442 0.0000000000
108275  28.286  -5.791  28.278 0.0000000000
111261  28.407  -5.355  27.913 0.0000000000
269799  27.386  -4.499  26.537 0.0000000000
112824  27.762  -4.441  26.994 0.0000000000
114211  28.110  -4.021  26.649 0.0000000000
114210  28.709  -3.816  26.810 0.0000000000
226181  30.170  -3.468  26.294 0.0000000000
115617  29.840  -3.391  26.026 0.0000000000
246191  29.716  -3.253  25.536 0.0000000000
115624  29.765  -3.017  25.047 0.0000000000
117033  30.066  -2.789  24.451 0.0000000000
115635  29.269  -2.974  24.768 0.0000000000
117035  29.076  -2.793  24.221 0.0000000000
115647  28.429  -2.942  24.071 0.0000000000
112872  25.379  -4.596  23.585 0.0000000000
114262  26.144  -3.494  23.697 0.0000000000
114263  25.576  -3.694  23.321 0.0000000000
115661  25.879  -3.308  22.640 0.0000000000
115666  25.618  -3.449  22.039 0.0000000000
115674  26.086  -3.022  21.649 0.0000000000
115676  25.308  -3.692  21.536 0.0000000000
130142  33.391  4.126  17.158 0.0000000000
266639  33.290  3.831  16.456 0.0000000000
128828  32.855  3.698  16.284 0.0000000000
231316  32.535  3.608  15.990 0.0000000000
127538  31.910  3.359  15.164 0.0000000000
241623  29.902  2.814  14.641 0.0000000000
126308  30.480  2.673  14.391 0.0000000000
235483  29.695  2.609  13.891 0.0000000000
144373  53.237  11.610  1.573 0.0000000000
135651  37.337  6.823  14.767 0.0000000000
135664  36.656  7.056  14.121 0.0000000000
134225  36.308  6.551  14.353 0.0000000000
132844  34.985  5.591  14.266 0.0000000000
132828  35.723  5.561  14.909 0.0000000000
131585  34.557  5.351  14.024 0.0000000000
131586  34.180  4.943  13.849 0.0000000000
130195  33.811  4.419  13.916 0.0000000000
128865  33.152  3.934  13.532 0.0000000000
227253  39.561  8.177  16.560 0.0000000000
135619  38.420  7.077  16.561 0.0000000000
136908  38.364  7.345  16.182 0.0000000000
135649  37.982  7.222  15.467 0.0000000000
135650  37.696  6.949  15.077 0.0000000000
109810  17.681  -6.800  25.858 0.0000000000
108323  17.405  -7.297  25.988 0.0000000000
108324  16.891  -7.311  26.336 0.0000000000
108309  16.688  -6.843  26.580 0.0000000000
109781  16.250  -6.580  26.920 0.0000000000
109764  15.866  -6.346  27.490 0.0000000000
108267  23.235  -6.951  28.448 0.0000000000
108278  23.316  -7.417  28.124 0.0000000000
109760  22.907  -6.942  27.759 0.0000000000
108292  22.573  -7.260  27.290 0.0000000000
108307  22.248  -7.489  26.832 0.0000000000
109777  21.923  -6.786  27.025 0.0000000000
108308  21.984  -7.300  26.725 0.0000000000
108322  21.861  -7.580  26.148 0.0000000000
267308  21.601  -7.860  25.160 0.0000000000
107014  21.432  -7.963  24.688 0.0000000000
107034  21.043  -8.243  24.170 0.0000000000
107035  20.515  -8.138  23.976 0.0000000000
108352  19.615  -7.311  24.706 0.0000000000
107016  19.594  -7.736  24.315 0.0000000000
143007  43.121  11.622  6.119 0.0000000000
143018  43.363  11.544  5.465 0.0000000000
111186  22.691  -5.835  32.793 0.0000000000
111177  22.577  -6.079  33.555 0.0000000000
142914  41.003  11.389  12.970 0.0000000000
271071  41.226  11.571  12.553 0.0000000000
141749  40.350  10.766  12.006 0.0000000000
142933  40.754  10.955  11.757 0.0000000000
144169  41.573  11.736  11.776 0.0000000000
144181  41.714  11.691  11.175 0.0000000000
144195  41.546  11.434  10.622 0.0000000000
144207  41.678  11.448  10.148 0.0000000000
253531  41.052  11.425  10.022 0.0000000000
142953  40.671  11.437  9.796 0.0000000000
254395  39.766  11.272  9.198 0.0000000000
262225  39.207  10.886  9.832 0.0000000000
141777  39.127  10.886  9.277 0.0000000000
141781  39.515  11.075  8.807 0.0000000000
140603  38.934  10.373  7.952 0.0000000000
235542  18.372  -4.790  32.918 0.0000000000
112710  18.173  -4.892  32.438 0.0000000000
239626  18.044  -4.949  33.150 0.0000000000
239669  17.693  -5.032  33.123 0.0000000000
112696  16.620  -4.865  32.906 0.0000000000
112664  16.942  -4.932  34.113 0.0000000000
112682  16.460  -4.772  33.581 0.0000000000
268664  16.116  -4.794  33.197 0.0000000000
260732  15.092  -4.854  33.060 0.0000000000
112697  14.708  -4.934  32.922 0.0000000000
112626  12.591  -4.751  36.621 0.0000000000
237552  11.081  -5.980  35.174 0.0000000000
108154  10.741  -6.595  35.090 0.0000000000
266702  10.949  -6.392  34.699 0.0000000000
106855  11.043  -7.735  33.377 0.0000000000
104519  10.991  -8.863  32.772 0.0000000000
104524  10.832  -9.452  32.609 0.0000000000
102346  10.539  -10.422  32.509 0.0000000000
102344  10.078  -10.461  33.352 0.0000000000
123778  32.188  0.469  23.173 0.0000000000
123792  31.737  0.329  22.677 0.0000000000
123804  31.578  0.232  22.167 0.0000000000
122596  31.704  -0.156  21.631 0.0000000000
122617  31.932  -0.191  20.807 0.0000000000
121342  32.157  -0.620  19.736 0.0000000000
121341  32.447  -0.898  20.461 0.0000000000
120030  32.207  -2.654  20.239 0.0000000000
120025  32.278  -2.130  21.318 0.0000000000
118598  32.208  -2.758  20.825 0.0000000000
118599  31.591  -3.435  20.471 0.0000000000
118590  30.815  -3.865  20.915 0.0000000000
117092  29.926  -3.259  21.180 0.0000000000
106976  25.563  -7.208  25.689 0.0000000000
108291  26.556  -6.693  26.458 0.0000000000
108320  25.823  -6.744  25.573 0.0000000000
109788  26.271  -6.161  25.981 0.0000000000
108333  25.079  -7.024  24.639 0.0000000000
109802  25.880  -6.117  25.440 0.0000000000
111310  26.272  -5.685  25.905 0.0000000000
112825  27.064  -4.613  26.161 0.0000000000
112843  26.821  -4.364  25.716 0.0000000000
114228  27.154  -3.854  25.521 0.0000000000
115627  27.555  -3.531  25.161 0.0000000000
114229  26.626  -4.185  25.343 0.0000000000
114237  26.344  -4.091  24.870 0.0000000000
114238  25.940  -4.304  24.429 0.0000000000
111342  25.058  -6.255  23.910 0.0000000000
111349  24.965  -5.810  23.571 0.0000000000
111348  25.177  -5.244  23.723 0.0000000000
225003  24.803  -5.792  23.025 0.0000000000
232019  31.685  3.751  17.003 0.0000000000
226444  31.580  3.596  16.485 0.0000000000
127515  31.079  3.596  16.696 0.0000000000
127523  30.497  3.221  15.920 0.0000000000
126301  30.109  2.850  15.103 0.0000000000
126286  29.441  2.510  15.888 0.0000000000
126294  29.480  2.570  15.333 0.0000000000
126302  29.432  2.616  14.885 0.0000000000
126309  29.157  2.538  14.069 0.0000000000
144368  51.854  11.622  2.317 0.0000000000
143087  52.260  10.963  1.242 0.0000000000
139327  37.486  9.546  11.153 0.0000000000
271286  36.914  9.062  11.174 0.0000000000
231261  36.670  8.936  10.941 0.0000000000
136968  36.307  8.494  11.672 0.0000000000
136977  35.696  8.189  11.358 0.0000000000
134242  36.097  6.897  13.853 0.0000000000
134243  35.543  6.815  13.443 0.0000000000
134263  35.082  6.787  12.830 0.0000000000
132877  33.784  6.240  12.956 0.0000000000
247825  33.986  6.293  11.496 0.0000000000
139267  39.770  9.123  15.677 0.0000000000
140500  40.519  9.820  16.013 0.0000000000
141713  40.672  10.815  14.160 0.0000000000
140556  39.813  10.315  13.323 0.0000000000
140557  39.332  10.022  13.015 0.0000000000
139296  39.099  9.658  13.398 0.0000000000
139307  38.836  9.778  12.702 0.0000000000
140566  38.677  9.870  12.182 0.0000000000
139316  38.337  9.729  12.132 0.0000000000
260192  37.817  9.665  11.564 0.0000000000
108229  29.884  -6.768  30.926 0.0000000000
108228  30.342  -6.312  30.705 0.0000000000
108242  29.045  -6.979  30.431 0.0000000000
106899  28.520  -7.250  30.114 0.0000000000
249928  27.643  -7.570  29.198 0.0000000000
228318  26.342  -8.219  29.359 0.0000000000
105677  27.024  -7.881  29.148 0.0000000000
106920  27.467  -7.455  28.831 0.0000000000
106933  26.648  -7.566  28.139 0.0000000000
106947  25.876  -7.805  27.162 0.0000000000
106937  23.162  -7.651  27.735 0.0000000000
106948  23.182  -8.015  27.522 0.0000000000
254638  23.343  -8.284  27.277 0.0000000000
106978  22.642  -8.222  26.508 0.0000000000
105728  23.935  -8.422  27.099 0.0000000000
228703  24.448  -8.335  26.739 0.0000000000
257063  24.888  -8.095  26.346 0.0000000000
106962  25.203  -7.763  26.038 0.0000000000
105743  24.804  -8.065  25.188 0.0000000000
105759  24.340  -8.441  24.846 0.0000000000
104623  23.646  -8.947  23.718 0.0000000000
105797  20.830  -8.673  23.897 0.0000000000
105815  20.851  -9.002  23.836 0.0000000000
122665  28.962  0.099  17.947 0.0000000000
144282  48.508  11.580  6.694 0.0000000000
144287  44.107  11.862  6.194 0.0000000000
144286  44.716  11.893  5.997 0.0000000000
144303  45.267  11.935  5.794 0.0000000000
144319  44.976  11.805  5.022 0.0000000000
247624  45.277  11.904  5.351 0.0000000000
226146  46.454  11.948  6.067 0.0000000000
226551  47.399  11.847  6.182 0.0000000000
144300  48.366  11.704  6.227 0.0000000000
226194  48.306  11.786  5.704 0.0000000000
144314  48.441  11.815  5.104 0.0000000000
144330  48.552  11.824  4.475 0.0000000000
144347  47.517  11.688  3.854 0.0000000000
144345  48.750  11.796  3.927 0.0000000000
143041  48.939  11.704  3.427 0.0000000000
143055  49.080  11.594  2.927 0.0000000000
143054  49.554  11.634  2.838 0.0000000000
112809  19.730  -5.210  27.740 0.0000000000
228841  20.102  -5.096  28.765 0.0000000000
112765  19.748  -4.762  29.325 0.0000000000
241391  19.827  -3.909  29.469 0.0000000000
270793  20.512  -3.868  30.159 0.0000000000
114155  20.188  -3.553  30.324 0.0000000000
114166  19.754  -3.737  29.853 0.0000000000
112737  19.497  -3.870  31.525 0.0000000000
112724  19.456  -4.075  32.446 0.0000000000
112708  19.430  -4.325  33.166 0.0000000000
112691  21.992  -5.649  33.013 0.0000000000
264263  21.499  -5.463  33.249 0.0000000000
112692  21.127  -5.093  33.030 0.0000000000
241820  20.755  -5.111  33.589 0.0000000000
112693  20.327  -4.887  33.662 0.0000000000
112694  19.710  -4.610  33.692 0.0000000000
112695  18.975  -4.556  33.447 0.0000000000
248385  18.631  -4.697  33.522 0.0000000000
266289  18.872  -4.835  34.244 0.0000000000
241599  18.632  -4.900  34.627 0.0000000000
112646  18.971  -5.017  35.096 0.0000000000
112647  18.196  -5.030  35.383 0.0000000000
109671  31.406  -6.304  32.043 0.0000000000
108216  30.413  -6.593  31.393 0.0000000000
108217  29.735  -7.028  31.498 0.0000000000
106876  28.416  -7.433  31.396 0.0000000000
105655  27.140  -8.230  30.895 0.0000000000
105644  26.951  -8.333  31.709 0.0000000000
105667  26.050  -8.368  30.494 0.0000000000
105668  25.443  -8.240  30.083 0.0000000000
106912  23.890  -7.427  29.199 0.0000000000
236318  23.983  -7.125  30.587 0.0000000000
108243  23.906  -7.257  29.799 0.0000000000
108256  23.670  -7.079  29.355 0.0000000000
109736  23.207  -6.647  28.827 0.0000000000
109737  22.788  -6.248  28.587 0.0000000000
111262  22.497  -6.062  28.412 0.0000000000
111234  22.663  -5.806  29.585 0.0000000000
111246  22.572  -5.887  28.993 0.0000000000
111263  22.050  -5.936  28.080 0.0000000000
111264  21.810  -5.838  28.038 0.0000000000
112807  21.267  -5.584  27.978 0.0000000000
138159  36.371  8.797  9.920 0.0000000000
230276  46.154  12.355  10.198 0.0000000000
144216  44.913  12.122  9.272 0.0000000000
145505  44.386  12.345  9.956 0.0000000000
271484  44.424  12.189  9.582 0.0000000000
227971  43.458  11.926  8.294 0.0000000000
229518  43.608  11.856  7.572 0.0000000000
253846  41.957  11.671  9.714 0.0000000000
144221  41.616  11.697  9.220 0.0000000000
262492  41.836  11.787  8.990 0.0000000000
258630  40.830  11.457  8.066 0.0000000000
144251  41.563  11.771  8.226 0.0000000000
144250  41.992  11.874  7.913 0.0000000000
144268  41.891  11.842  7.597 0.0000000000
144290  42.137  11.741  7.116 0.0000000000
143008  42.494  11.486  6.419 0.0000000000
143020  42.178  11.258  5.961 0.0000000000
112810  18.993  -5.037  27.646 0.0000000000
112797  18.636  -4.950  28.124 0.0000000000
112799  17.663  -5.079  27.744 0.0000000000
225837  18.392  -4.769  29.183 0.0000000000
226317  17.558  -5.059  28.386 0.0000000000
111265  17.204  -5.214  28.016 0.0000000000
111266  16.717  -5.467  28.047 0.0000000000
111267  16.018  -5.733  28.199 0.0000000000
109750  15.579  -6.156  28.049 0.0000000000
226115  17.376  -4.968  31.311 0.0000000000
226182  16.560  -4.888  30.262 0.0000000000
225829  16.438  -4.960  31.234 0.0000000000
112741  16.142  -4.982  30.687 0.0000000000
112768  16.182  -4.999  29.674 0.0000000000
111237  15.577  -5.372  29.473 0.0000000000
109738  15.374  -6.001  28.596 0.0000000000
109751  15.102  -6.434  28.325 0.0000000000
108280  14.976  -7.160  27.914 0.0000000000
108281  14.465  -7.204  28.354 0.0000000000
236323  14.087  -7.743  28.252 0.0000000000
106924  13.775  -7.426  28.931 0.0000000000
105692  13.655  -7.985  28.722 0.0000000000
114106  15.502  -4.253  35.042 0.0000000000
270580  14.946  -4.464  34.084 0.0000000000
112684  14.715  -4.678  33.667 0.0000000000
231226  14.198  -5.102  32.699 0.0000000000
112638  12.737  -4.670  35.892 0.0000000000
112653  12.881  -4.653  35.134 0.0000000000
227888  13.100  -4.799  34.495 0.0000000000
112670  12.732  -5.052  34.116 0.0000000000
270186  13.317  -4.968  34.064 0.0000000000
112700  13.427  -5.191  33.195 0.0000000000
112717  13.761  -5.267  32.690 0.0000000000
112716  13.902  -5.493  31.973 0.0000000000
109687  13.445  -6.007  31.540 0.0000000000
108234  13.150  -6.845  30.698 0.0000000000
106904  12.593  -7.733  30.225 0.0000000000
105657  12.131  -8.112  30.520 0.0000000000
105669  12.323  -8.287  29.941 0.0000000000
105683  12.661  -8.532  29.472 0.0000000000
103411  8.593  -10.074  36.591 0.0000000000
99907  8.085  -11.642  35.959 0.0000000000
98649  8.054  -12.276  35.696 0.0000000000
98650  7.568  -12.725  36.243 0.0000000000
244186  7.554  -12.130  37.115 0.0000000000
130138  35.662  4.316  17.071 0.0000000000
130133  33.100  4.154  17.470 0.0000000000
130134  32.680  4.020  17.387 0.0000000000
128813  32.190  3.924  17.294 0.0000000000
259337  31.643  3.918  17.376 0.0000000000
127508  30.358  3.430  17.444 0.0000000000
128800  31.061  3.929  18.662 0.0000000000
127500  30.213  3.151  18.131 0.0000000000
126270  29.787  2.841  17.678 0.0000000000
126262  29.389  2.065  18.003 0.0000000000
125048  29.302  1.165  18.310 0.0000000000
127473  30.657  2.545  20.214 0.0000000000
240754  30.467  1.308  20.406 0.0000000000
126242  30.039  1.745  19.689 0.0000000000
240760  29.715  1.195  18.916 0.0000000000
123863  29.248  0.466  18.244 0.0000000000
121382  29.277  -0.453  18.183 0.0000000000
246227  30.196  -0.252  18.595 0.0000000000
121373  29.657  -0.953  18.236 0.0000000000
252371  30.039  -2.044  18.105 0.0000000000
120046  31.927  -1.777  19.027 0.0000000000
118620  31.360  -2.886  18.856 0.0000000000
118630  31.025  -2.556  18.329 0.0000000000
118631  30.525  -2.930  18.316 0.0000000000
117147  28.949  -3.002  18.199 0.0000000000
117148  28.282  -3.194  18.474 0.0000000000
115707  27.612  -3.339  18.733 0.0000000000
266598  27.150  -3.816  18.293 0.0000000000
118548  32.745  -2.191  24.370 0.0000000000
109709  30.349  -6.007  30.057 0.0000000000
109708  30.784  -5.687  30.288 0.0000000000
109718  30.550  -5.610  29.769 0.0000000000
109733  29.195  -5.500  28.939 0.0000000000
111232  30.219  -5.390  29.368 0.0000000000
111231  30.663  -5.313  29.674 0.0000000000
114187  30.848  -3.690  28.328 0.0000000000
108290  26.981  -6.317  26.941 0.0000000000
109758  27.724  -5.422  27.588 0.0000000000
111272  28.643  -5.122  27.898 0.0000000000
112806  28.193  -4.704  27.528 0.0000000000
112805  28.663  -4.568  27.783 0.0000000000
112792  29.360  -4.554  28.287 0.0000000000
112791  29.843  -4.270  28.416 0.0000000000
236794  30.331  -3.820  28.280 0.0000000000
224779  31.247  -3.325  27.663 0.0000000000
115606  30.593  -3.435  26.358 0.0000000000
115605  31.390  -3.150  26.266 0.0000000000
117016  31.810  -2.854  26.024 0.0000000000
117021  32.270  -2.581  25.681 0.0000000000
117030  32.248  -2.514  24.892 0.0000000000
118549  32.103  -2.305  24.007 0.0000000000
117048  31.413  -2.376  23.698 0.0000000000
117064  31.229  -2.223  22.807 0.0000000000
117065  30.633  -2.468  22.548 0.0000000000
117050  30.183  -2.569  23.154 0.0000000000
117066  30.170  -2.586  22.290 0.0000000000
232077  29.969  -2.618  22.131 0.0000000000
117080  29.890  -2.744  21.594 0.0000000000
115637  27.999  -3.282  24.697 0.0000000000
115648  27.370  -3.073  23.920 0.0000000000
117054  27.959  -2.833  23.563 0.0000000000
117053  28.541  -2.724  23.367 0.0000000000
117069  28.341  -2.620  22.856 0.0000000000
117081  28.768  -2.562  22.140 0.0000000000
230519  28.011  -2.487  21.280 0.0000000000
117106  27.363  -2.463  21.090 0.0000000000
117115  27.234  -2.525  20.514 0.0000000000
117097  26.247  -2.881  21.152 0.0000000000
115682  26.352  -2.816  20.690 0.0000000000
115690  26.196  -3.035  20.218 0.0000000000
271203  35.295  4.267  16.718 0.0000000000
130159  34.187  4.110  15.807 0.0000000000
240458  34.157  4.080  15.235 0.0000000000
128837  33.338  3.805  15.965 0.0000000000
130160  33.747  3.963  15.663 0.0000000000
130168  33.766  3.903  15.023 0.0000000000
256853  33.216  3.788  14.124 0.0000000000
128831  31.490  3.493  15.905 0.0000000000
127529  31.426  3.299  15.416 0.0000000000
127546  31.005  2.798  14.663 0.0000000000
127545  31.442  2.859  14.371 0.0000000000
127537  31.909  3.185  14.593 0.0000000000
128867  32.250  3.294  13.422 0.0000000000
128866  32.643  3.729  12.994 0.0000000000
143071  49.780  11.458  2.398 0.0000000000
143081  49.958  10.868  1.833 0.0000000000
141842  50.405  10.731  1.619 0.0000000000
97307  7.054  -13.447  37.362 0.0000000000
99901  7.784  -11.656  36.724 0.0000000000
99914  8.411  -11.769  35.255 0.0000000000
101148  7.958  -10.951  37.187 0.0000000000
102330  8.896  -10.215  35.541 0.0000000000
102333  8.996  -10.288  34.973 0.0000000000
103415  9.534  -9.514  34.705 0.0000000000
103418  9.696  -9.730  34.263 0.0000000000
103422  9.958  -9.779  33.839 0.0000000000
103426  10.217  -10.093  33.424 0.0000000000
104507  9.242  -9.285  35.782 0.0000000000
104510  9.352  -9.349  35.259 0.0000000000
104532  11.203  -9.175  31.128 0.0000000000
105619  9.802  -8.345  35.680 0.0000000000
105621  10.184  -8.080  34.849 0.0000000000
105622  9.900  -8.456  35.128 0.0000000000
105624  10.262  -8.283  34.193 0.0000000000
105628  10.514  -8.510  33.662 0.0000000000
105631  11.136  -8.315  32.875 0.0000000000
105632  10.816  -8.716  33.237 0.0000000000
105638  11.251  -8.412  32.387 0.0000000000
105643  27.547  -8.161  31.353 0.0000000000
105648  11.342  -8.539  31.806 0.0000000000
105656  26.535  -8.332  31.055 0.0000000000
105678  26.318  -8.377  29.918 0.0000000000
105681  24.555  -8.104  29.216 0.0000000000
105690  24.870  -8.341  29.029 0.0000000000
105700  25.353  -8.240  27.677 0.0000000000
105703  23.564  -8.141  27.887 0.0000000000
105746  22.991  -8.617  26.172 0.0000000000
105760  23.790  -8.810  25.182 0.0000000000
106839  10.071  -7.578  35.674 0.0000000000
106862  11.536  -7.604  32.638 0.0000000000
106864  10.922  -8.186  33.297 0.0000000000
106871  11.658  -7.683  32.193 0.0000000000
106881  12.231  -7.501  31.329 0.0000000000
106890  28.061  -7.847  31.096 0.0000000000
106894  12.431  -7.625  30.791 0.0000000000
106902  24.943  -7.854  30.348 0.0000000000
106903  13.072  -7.379  29.955 0.0000000000
106910  28.135  -7.332  29.497 0.0000000000
106919  27.997  -7.146  29.023 0.0000000000
106921  26.947  -7.654  28.629 0.0000000000
106932  27.227  -7.242  28.356 0.0000000000
106936  23.348  -7.843  27.887 0.0000000000
106938  14.458  -7.648  27.965 0.0000000000
106961  25.700  -7.500  26.378 0.0000000000
106965  16.052  -7.736  26.746 0.0000000000
106975  26.054  -7.003  26.155 0.0000000000
106982  17.180  -7.819  26.122 0.0000000000
107011  24.815  -7.526  24.400 0.0000000000
107032  24.596  -7.696  23.767 0.0000000000
108141  10.239  -7.041  35.854 0.0000000000
108170  10.740  -6.819  34.565 0.0000000000
108185  11.154  -7.313  33.493 0.0000000000
108186  10.740  -7.532  33.883 0.0000000000
108200  11.401  -7.491  33.037 0.0000000000
108212  11.837  -7.327  32.317 0.0000000000
108215  30.980  -6.329  31.577 0.0000000000
108222  11.991  -7.380  31.835 0.0000000000
108230  29.183  -7.122  31.047 0.0000000000
108231  24.399  -7.319  31.070 0.0000000000
108233  23.789  -6.784  30.794 0.0000000000
108240  29.934  -6.420  30.324 0.0000000000
108245  13.705  -6.789  29.779 0.0000000000
108247  12.902  -7.275  30.501 0.0000000000
108253  29.162  -6.235  29.670 0.0000000000
108265  28.455  -5.867  28.668 0.0000000000
108276  27.930  -6.023  28.064 0.0000000000
108277  27.524  -6.529  28.071 0.0000000000
108279  23.087  -7.156  27.911 0.0000000000
108335  18.628  -6.890  25.249 0.0000000000
108337  17.859  -7.261  25.627 0.0000000000
108367  24.891  -6.979  23.898 0.0000000000
109629  10.533  -6.738  35.516 0.0000000000
109638  10.809  -6.337  35.527 0.0000000000
109653  22.757  -6.275  33.977 0.0000000000
109656  11.240  -6.865  33.627 0.0000000000
109664  12.467  -5.839  32.880 0.0000000000
109665  11.973  -6.470  32.867 0.0000000000
109675  12.935  -6.036  31.943 0.0000000000
109682  31.281  -6.058  31.390 0.0000000000
109695  30.615  -6.014  30.543 0.0000000000
109699  14.228  -6.032  30.297 0.0000000000
109702  12.920  -6.730  31.100 0.0000000000
109712  23.359  -6.333  29.915 0.0000000000
109720  29.433  -5.759  29.385 0.0000000000
109726  14.462  -6.216  29.441 0.0000000000
109732  29.697  -5.494  29.192 0.0000000000
109735  23.379  -6.796  29.050 0.0000000000
109739  14.992  -5.975  29.160 0.0000000000
109740  14.666  -6.358  28.943 0.0000000000
109746  28.586  -5.596  28.269 0.0000000000
109747  28.098  -5.670  27.990 0.0000000000
109752  14.729  -6.673  28.503 0.0000000000
109774  27.262  -5.368  27.023 0.0000000000
109803  25.553  -6.247  25.050 0.0000000000
109804  21.452  -7.045  26.003 0.0000000000
109806  19.914  -6.433  25.280 0.0000000000
109839  24.827  -6.381  23.342 0.0000000000
111138  11.492  -5.538  36.755 0.0000000000
111148  11.459  -5.456  36.301 0.0000000000
111157  11.467  -5.363  35.638 0.0000000000
111169  22.061  -6.143  33.945 0.0000000000
111172  12.442  -5.435  33.742 0.0000000000
111180  12.918  -5.447  33.014 0.0000000000
111199  14.476  -5.507  31.329 0.0000000000
111221  22.703  -5.774  30.115 0.0000000000
111223  15.365  -5.330  29.923 0.0000000000
111243  29.916  -5.153  28.974 0.0000000000
111247  22.205  -5.666  28.858 0.0000000000
111250  16.531  -5.340  28.893 0.0000000000
111260  28.906  -5.271  28.066 0.0000000000
111274  21.973  -6.206  27.633 0.0000000000
111278  16.548  -5.693  27.598 0.0000000000
111279  16.038  -5.949  27.709 0.0000000000
111309  26.706  -5.203  26.246 0.0000000000
111312  20.488  -6.028  26.226 0.0000000000
111314  18.706  -5.750  26.144 0.0000000000
111315  18.106  -5.820  26.130 0.0000000000
111316  17.690  -6.025  26.189 0.0000000000
111332  25.502  -5.761  24.886 0.0000000000
111341  25.179  -5.683  24.060 0.0000000000
112637  13.409  -4.386  35.601 0.0000000000
112652  13.546  -4.562  34.921 0.0000000000
112669  13.700  -4.812  34.357 0.0000000000
112685  14.306  -4.820  33.713 0.0000000000
112686  13.731  -4.990  33.829 0.0000000000
112687  13.102  -5.126  33.678 0.0000000000
112699  13.349  -5.393  32.696 0.0000000000
112740  16.883  -4.946  31.023 0.0000000000
112764  21.009  -5.077  29.467 0.0000000000
112775  30.564  -4.586  29.070 0.0000000000
112779  21.826  -5.444  28.893 0.0000000000
112783  17.746  -4.887  29.023 0.0000000000
112784  17.133  -5.057  28.905 0.0000000000
112793  28.985  -4.887  28.049 0.0000000000
112796  19.389  -4.998  28.270 0.0000000000
112798  18.049  -4.995  28.070 0.0000000000
112811  18.278  -5.006  27.585 0.0000000000
112851  25.826  -4.759  24.672 0.0000000000
112862  25.539  -4.891  24.139 0.0000000000
112873  24.992  -5.142  23.185 0.0000000000
114083  13.927  -4.318  36.734 0.0000000000
114122  15.370  -4.386  34.443 0.0000000000
114137  20.052  -4.324  33.158 0.0000000000
114154  20.887  -4.799  30.521 0.0000000000
114156  19.820  -3.626  30.605 0.0000000000
114165  20.131  -3.801  29.786 0.0000000000
114188  29.953  -3.744  27.976 0.0000000000
114189  29.507  -3.981  27.958 0.0000000000
114221  27.371  -4.063  25.880 0.0000000000
114248  26.323  -3.666  24.323 0.0000000000
114264  25.197  -4.365  23.098 0.0000000000
114276  25.221  -3.811  22.673 0.0000000000
114292  24.912  -4.150  21.344 0.0000000000
115607  29.762  -3.496  26.536 0.0000000000
115615  30.861  -3.276  26.142 0.0000000000
115649  26.743  -3.269  23.801 0.0000000000
115665  26.256  -2.994  22.094 0.0000000000
117095  27.333  -2.552  21.661 0.0000000000
117116  26.670  -2.700  20.471 0.0000000000
118559  33.162  -1.801  24.066 0.0000000000
118561  31.802  -1.983  23.160 0.0000000000
118577  31.836  -2.219  21.661 0.0000000000
119991  32.971  -1.539  23.759 0.0000000000
126293  30.114  2.946  15.620 0.0000000000
127499  30.709  3.562  18.402 0.0000000000
127522  31.005  3.452  16.159 0.0000000000
128820  32.999  3.873  16.813 0.0000000000
130128  36.138  4.507  17.407 0.0000000000
130147  35.620  4.368  16.436 0.0000000000
130148  35.013  4.280  16.176 0.0000000000
130150  33.679  3.972  16.286 0.0000000000
130151  33.515  4.037  16.795 0.0000000000
130165  34.946  4.464  15.213 0.0000000000
130166  34.455  4.227  15.037 0.0000000000
131524  36.811  4.937  16.297 0.0000000000
131533  37.296  5.135  15.766 0.0000000000
131535  35.894  4.918  15.661 0.0000000000
132786  37.547  5.186  16.094 0.0000000000
132798  37.615  4.996  15.873 0.0000000000
132813  36.752  5.485  15.865 0.0000000000
132826  36.848  5.902  15.607 0.0000000000
132843  36.001  6.061  14.635 0.0000000000
134185  37.970  5.541  16.123 0.0000000000
134197  37.720  6.107  16.147 0.0000000000
134211  37.507  6.396  15.430 0.0000000000
134224  36.882  6.702  14.550 0.0000000000
134307  33.239  6.009  11.869 0.0000000000
135662  37.459  7.491  14.529 0.0000000000
135676  36.892  7.652  13.811 0.0000000000
136907  38.767  7.636  16.286 0.0000000000
136925  38.364  7.589  15.734 0.0000000000
136953  37.448  8.486  13.305 0.0000000000
138092  39.693  8.645  16.133 0.0000000000
138142  37.425  9.214  11.894 0.0000000000
138152  37.077  9.240  10.942 0.0000000000
139266  40.151  9.481  15.799 0.0000000000
139278  39.711  9.427  15.074 0.0000000000
139289  39.266  9.510  14.122 0.0000000000
139297  38.573  9.428  13.148 0.0000000000
139309  38.013  9.434  12.305 0.0000000000
139325  38.134  9.841  11.660 0.0000000000
139334  37.217  9.448  9.989 0.0000000000
139335  36.786  9.118  9.982 0.0000000000
140536  40.662  10.438  15.154 0.0000000000
140550  40.232  10.431  14.372 0.0000000000
140565  39.133  10.078  12.361 0.0000000000
140586  38.040  10.116  10.940 0.0000000000
140596  38.355  10.218  9.351 0.0000000000
141732  40.311  10.668  13.616 0.0000000000
141768  39.358  10.445  11.340 0.0000000000
141773  39.464  10.847  10.447 0.0000000000
142932  41.186  11.280  11.471 0.0000000000
142945  40.681  11.055  10.743 0.0000000000
142964  40.179  11.383  9.543 0.0000000000
142984  41.149  11.616  7.881 0.0000000000
143019  42.769  11.379  5.699 0.0000000000
144194  42.050  11.684  10.624 0.0000000000
144206  42.273  11.681  10.204 0.0000000000
144220  42.097  11.804  9.303 0.0000000000
144233  42.678  11.961  8.869 0.0000000000
144234  41.887  11.834  8.479 0.0000000000
144235  41.569  11.733  8.687 0.0000000000
144245  45.764  11.968  8.191 0.0000000000
144248  42.911  11.896  7.886 0.0000000000
144265  43.855  11.901  6.836 0.0000000000
144283  46.898  11.788  6.620 0.0000000000
144289  42.788  11.701  6.842 0.0000000000
144306  43.727  11.745  5.845 0.0000000000
145504  45.038  12.340  9.836 0.0000000000
224897  18.607  -4.682  29.733 0.0000000000
225435  14.282  -6.113  29.950 0.0000000000
225844  17.868  -4.751  29.710 0.0000000000
225865  24.974  -8.350  28.697 0.0000000000
226116  15.630  -5.056  32.058 0.0000000000
226524  38.483  8.545  14.780 0.0000000000
226992  17.172  -5.343  27.472 0.0000000000
228024  28.918  -6.847  30.010 0.0000000000
228269  17.381  -4.998  32.791 0.0000000000
228270  17.904  -5.011  32.796 0.0000000000
228763  39.381  10.617  10.933 0.0000000000
230513  11.689  -5.369  34.921 0.0000000000
230972  34.490  6.484  12.427 0.0000000000
231882  10.099  -10.756  33.085 0.0000000000
232424  39.355  7.746  17.069 0.0000000000
232885  26.264  -6.650  26.074 0.0000000000
234029  26.502  -2.994  22.528 0.0000000000
235861  31.015  1.585  21.528 0.0000000000
236105  39.974  10.564  11.793 0.0000000000
236581  10.899  -7.064  34.015 0.0000000000
236927  32.133  -1.065  21.983 0.0000000000
237508  32.199  -1.724  22.254 0.0000000000
238220  20.078  -5.272  28.225 0.0000000000
239014  24.808  -6.785  23.435 0.0000000000
240376  40.338  10.855  12.499 0.0000000000
240943  31.469  2.698  13.760 0.0000000000
242891  14.439  -4.868  33.294 0.0000000000
243097  29.538  -6.800  30.549 0.0000000000
243803  7.587  -11.864  37.480 0.0000000000
249410  20.890  -6.664  25.711 0.0000000000
249591  18.823  -4.773  33.904 0.0000000000
250367  10.218  -7.283  35.327 0.0000000000
251913  27.317  -8.108  30.225 0.0000000000
252142  14.031  -7.462  28.640 0.0000000000
254234  17.152  -4.899  29.954 0.0000000000
254935  41.510  11.565  9.666 0.0000000000
256424  26.819  -2.582  20.942 0.0000000000
258532  28.152  -7.686  30.559 0.0000000000
259612  28.847  -3.386  25.781 0.0000000000
259904  34.240  4.109  15.372 0.0000000000
259922  39.296  10.329  11.608 0.0000000000
259943  25.725  -5.158  24.902 0.0000000000
260131  21.632  -5.229  29.268 0.0000000000
261015  48.999  11.517  6.304 0.0000000000
261332  19.988  -5.848  26.253 0.0000000000
261416  21.922  -6.017  33.825 0.0000000000
262125  23.853  -7.581  28.907 0.0000000000
262433  45.743  12.155  9.512 0.0000000000
262800  25.953  -6.469  25.625 0.0000000000
263517  20.691  -6.944  25.165 0.0000000000
264255  33.537  6.076  13.034 0.0000000000
264853  21.504  -5.199  31.246 0.0000000000
265954  27.549  -2.851  23.455 0.0000000000
266524  37.020  8.971  11.653 0.0000000000
266852  23.417  -8.214  27.614 0.0000000000
266886  23.769  -7.331  29.123 0.0000000000
266955  34.319  5.554  13.725 0.0000000000
267015  30.251  -2.654  23.876 0.0000000000
268374  28.737  0.475  17.456 0.0000000000
271122  15.082  -5.114  32.082 0.0000000000
271355  39.764  9.923  14.250 0.0000000000
