#!ascii label  , from subject corrected_filled vox2ras=TkReg
1586
111412  27.075  -5.756  19.110 0.0000000000
137017  41.851  8.155  4.659 0.0000000000
123983  34.046  1.232  10.248 0.0000000000
238815  13.318  -10.231  28.557 0.0000000000
104637  23.604  -9.042  23.118 0.0000000000
132952  34.151  5.614  9.815 0.0000000000
103505  18.745  -9.393  25.788 0.0000000000
254180  16.541  -10.817  27.918 0.0000000000
100073  21.098  -11.632  23.914 0.0000000000
135769  45.794  7.065  4.073 0.0000000000
117146  29.380  -2.713  17.912 0.0000000000
257316  30.719  -2.941  15.207 0.0000000000
109927  30.907  -5.315  18.486 0.0000000000
141826  45.772  10.697  2.902 0.0000000000
138225  48.688  8.500  1.655 0.0000000000
140610  38.717  9.860  7.105 0.0000000000
133054  40.962  5.766  6.760 0.0000000000
134397  36.839  6.208  7.600 0.0000000000
126385  36.941  2.522  9.531 0.0000000000
101326  28.039  -11.302  21.671 0.0000000000
95982  11.855  -13.805  30.836 0.0000000000
95938  9.092  -13.833  32.596 0.0000000000
97328  7.781  -13.538  35.477 0.0000000000
108438  24.613  -6.787  21.218 0.0000000000
97597  24.275  -12.582  22.941 0.0000000000
123936  29.970  1.008  12.961 0.0000000000
118701  34.434  -2.217  14.842 0.0000000000
141848  52.490  10.684  0.821 0.0000000000
135782  44.003  7.587  3.820 0.0000000000
233048  43.116  6.537  5.293 0.0000000000
266598  27.150  -3.816  18.293 0.0000000000
112963  29.018  -4.761  16.663 0.0000000000
109930  28.896  -5.755  18.587 0.0000000000
141805  41.908  10.672  5.084 0.0000000000
143025  44.085  11.511  4.836 0.0000000000
140635  43.617  9.718  3.378 0.0000000000
138208  45.032  8.578  2.829 0.0000000000
261477  7.500  -18.429  35.924 0.0000000000
136995  37.463  7.974  6.880 0.0000000000
138167  36.410  8.484  8.462 0.0000000000
128950  33.692  3.599  9.699 0.0000000000
239333  35.251  3.963  8.988 0.0000000000
125174  35.548  1.661  10.121 0.0000000000
230605  35.730  0.138  11.365 0.0000000000
102392  14.703  -10.288  27.994 0.0000000000
99989  16.028  -11.951  28.755 0.0000000000
98768  13.891  -12.192  28.837 0.0000000000
95997  14.054  -13.700  30.430 0.0000000000
98752  12.782  -12.153  29.403 0.0000000000
99940  10.173  -12.158  31.786 0.0000000000
95903  8.618  -13.932  33.757 0.0000000000
230316  24.178  -7.746  22.293 0.0000000000
102486  24.415  -10.244  20.996 0.0000000000
101317  23.435  -10.820  22.220 0.0000000000
98830  20.197  -12.842  25.690 0.0000000000
96096  22.331  -13.849  25.810 0.0000000000
243386  32.950  -3.277  17.439 0.0000000000
117207  32.916  -2.562  15.247 0.0000000000
238087  35.551  8.265  10.099 0.0000000000
254565  32.646  5.108  11.931 0.0000000000
252997  32.508  2.973  11.004 0.0000000000
100042  19.260  -11.460  26.298 0.0000000000
101218  18.469  -11.087  27.994 0.0000000000
103484  17.412  -9.523  26.914 0.0000000000
104578  15.973  -9.144  27.044 0.0000000000
105705  13.938  -8.354  28.146 0.0000000000
102457  22.453  -10.468  23.210 0.0000000000
103541  21.134  -9.978  23.822 0.0000000000
101283  19.580  -10.800  24.657 0.0000000000
271249  29.017  -1.178  17.750 0.0000000000
120102  28.806  -1.178  15.689 0.0000000000
117181  29.234  -2.758  16.037 0.0000000000
111470  30.950  -5.002  16.635 0.0000000000
141844  48.634  10.482  1.938 0.0000000000
227840  46.807  9.565  2.118 0.0000000000
137031  47.065  7.617  2.841 0.0000000000
139364  40.318  9.507  5.354 0.0000000000
135751  41.340  7.039  5.626 0.0000000000
137010  39.150  7.778  6.012 0.0000000000
134414  38.657  6.246  6.969 0.0000000000
131699  38.467  4.660  8.526 0.0000000000
132994  35.326  5.722  8.571 0.0000000000
130322  36.784  4.240  8.700 0.0000000000
104690  27.284  -8.475  19.639 0.0000000000
105857  29.136  -7.857  20.560 0.0000000000
143011  40.768  11.137  6.884 0.0000000000
103449  11.859  -10.023  29.838 0.0000000000
241501  11.149  -12.064  30.886 0.0000000000
94433  10.520  -14.310  31.674 0.0000000000
91397  10.434  -16.111  32.830 0.0000000000
89902  9.215  -16.451  33.652 0.0000000000
91361  7.980  -15.847  34.440 0.0000000000
92897  6.944  -15.334  36.212 0.0000000000
92887  6.019  -15.178  37.081 0.0000000000
111400  25.260  -5.574  19.717 0.0000000000
236051  25.752  -9.686  19.795 0.0000000000
100126  26.002  -11.793  22.010 0.0000000000
236302  22.942  -12.348  23.203 0.0000000000
263276  32.043  0.636  11.357 0.0000000000
120130  29.916  -1.707  13.886 0.0000000000
120165  31.862  -1.432  12.451 0.0000000000
120199  34.231  -1.023  11.551 0.0000000000
107101  31.103  -6.462  20.847 0.0000000000
140668  53.566  9.842  -0.169 0.0000000000
263341  50.484  9.287  0.807 0.0000000000
138230  52.172  8.320  0.752 0.0000000000
137016  42.945  7.842  4.154 0.0000000000
229699  43.166  7.173  4.623 0.0000000000
135772  42.708  7.482  4.644 0.0000000000
112943  27.050  -4.766  18.358 0.0000000000
112942  27.744  -4.923  18.032 0.0000000000
109915  28.032  -5.965  19.303 0.0000000000
140629  41.856  9.785  4.309 0.0000000000
140628  42.522  9.974  4.021 0.0000000000
139379  42.409  8.919  3.986 0.0000000000
138200  43.587  8.541  3.428 0.0000000000
86078  6.651  -18.450  36.689 0.0000000000
139343  37.303  9.330  8.676 0.0000000000
139339  36.538  8.923  9.465 0.0000000000
126381  33.704  2.290  10.013 0.0000000000
127611  34.261  2.599  9.668 0.0000000000
267529  34.469  1.440  10.164 0.0000000000
123968  35.423  0.925  10.715 0.0000000000
123969  34.680  0.555  10.675 0.0000000000
102379  14.160  -10.515  28.290 0.0000000000
257720  14.270  -11.370  28.464 0.0000000000
100007  13.585  -11.107  28.711 0.0000000000
98769  13.275  -12.190  29.095 0.0000000000
101210  13.065  -11.230  28.994 0.0000000000
105825  23.825  -8.699  22.806 0.0000000000
104658  23.860  -9.383  22.236 0.0000000000
103550  23.317  -10.060  22.746 0.0000000000
262032  19.991  -13.236  26.726 0.0000000000
123891  28.633  0.759  16.146 0.0000000000
115736  33.747  -2.812  17.427 0.0000000000
130267  32.748  4.093  11.268 0.0000000000
128878  32.349  3.699  12.201 0.0000000000
103494  18.886  -9.887  26.051 0.0000000000
102403  18.555  -10.060  26.804 0.0000000000
103495  18.490  -9.490  26.464 0.0000000000
104577  16.376  -8.840  26.756 0.0000000000
106966  15.659  -7.972  26.977 0.0000000000
105719  14.777  -8.572  27.474 0.0000000000
104639  21.607  -9.829  23.893 0.0000000000
104610  19.014  -8.957  24.588 0.0000000000
103513  19.505  -9.892  24.237 0.0000000000
103514  19.063  -9.898  25.195 0.0000000000
101276  19.385  -10.871  25.312 0.0000000000
118656  28.886  -2.213  16.790 0.0000000000
117170  28.954  -2.889  16.678 0.0000000000
111445  29.919  -5.528  17.307 0.0000000000
111460  29.989  -5.267  16.681 0.0000000000
111443  31.207  -5.312  17.413 0.0000000000
112951  32.295  -4.664  17.721 0.0000000000
111427  31.798  -5.075  18.560 0.0000000000
143048  44.534  11.162  3.874 0.0000000000
232845  47.440  10.525  2.370 0.0000000000
141838  46.079  10.261  2.573 0.0000000000
135799  45.486  7.559  3.211 0.0000000000
137048  46.192  8.210  2.593 0.0000000000
135797  46.642  7.240  3.158 0.0000000000
139359  39.449  9.673  6.255 0.0000000000
138191  39.308  8.463  5.747 0.0000000000
138185  38.884  8.980  6.201 0.0000000000
135738  37.253  6.890  7.186 0.0000000000
135747  38.335  6.771  6.825 0.0000000000
133034  37.811  5.980  7.451 0.0000000000
268145  38.532  5.286  7.770 0.0000000000
131717  37.720  5.078  8.072 0.0000000000
134325  34.488  6.720  10.175 0.0000000000
135720  35.046  6.968  9.317 0.0000000000
134359  34.713  6.257  9.136 0.0000000000
234558  36.151  2.806  9.257 0.0000000000
128977  35.912  3.907  8.879 0.0000000000
128965  37.024  3.316  8.853 0.0000000000
128964  37.683  3.374  8.881 0.0000000000
102501  27.608  -9.959  20.276 0.0000000000
103571  28.491  -9.423  20.563 0.0000000000
141784  39.434  10.537  7.633 0.0000000000
141797  39.866  10.459  6.620 0.0000000000
141802  40.149  10.356  6.055 0.0000000000
101238  17.711  -10.629  27.961 0.0000000000
234615  17.315  -11.036  28.287 0.0000000000
94465  13.083  -14.118  30.681 0.0000000000
94447  13.632  -14.126  31.344 0.0000000000
94431  12.675  -14.534  31.567 0.0000000000
92972  12.163  -14.568  31.542 0.0000000000
103443  11.211  -9.850  30.749 0.0000000000
101193  11.603  -10.992  30.539 0.0000000000
101179  11.054  -11.061  31.235 0.0000000000
97384  9.826  -13.095  31.949 0.0000000000
97383  10.328  -13.195  31.548 0.0000000000
94434  9.919  -14.086  31.792 0.0000000000
92948  10.337  -15.344  32.109 0.0000000000
92949  9.809  -14.839  32.174 0.0000000000
89926  9.632  -16.185  33.272 0.0000000000
92939  9.155  -15.465  33.046 0.0000000000
95869  8.176  -13.685  34.916 0.0000000000
94349  8.297  -14.704  34.314 0.0000000000
94350  7.980  -14.837  34.894 0.0000000000
91339  7.326  -15.510  35.567 0.0000000000
94311  7.535  -14.462  36.047 0.0000000000
114285  24.947  -4.113  22.040 0.0000000000
115684  25.332  -3.672  20.916 0.0000000000
111388  24.737  -5.950  20.625 0.0000000000
241361  25.257  -7.750  19.463 0.0000000000
236474  24.807  -8.508  19.855 0.0000000000
100129  24.377  -11.662  21.772 0.0000000000
100145  25.324  -11.440  21.475 0.0000000000
98912  25.208  -12.171  22.682 0.0000000000
101305  21.750  -11.233  23.537 0.0000000000
101319  22.632  -11.389  22.892 0.0000000000
98896  21.937  -12.083  23.754 0.0000000000
96095  23.428  -13.923  25.843 0.0000000000
134465  40.995  6.670  5.974 0.0000000000
134440  41.948  6.216  6.222 0.0000000000
256439  41.809  5.637  7.097 0.0000000000
262596  30.586  1.593  12.941 0.0000000000
125137  31.232  1.402  12.000 0.0000000000
123945  30.789  0.634  12.204 0.0000000000
117194  29.910  -2.315  15.044 0.0000000000
120117  29.133  -1.341  14.629 0.0000000000
117210  30.620  -2.165  14.624 0.0000000000
118702  33.740  -2.346  14.855 0.0000000000
118745  31.975  -2.106  13.374 0.0000000000
235311  33.730  -2.215  13.624 0.0000000000
118785  33.258  -1.504  12.174 0.0000000000
118741  34.573  -1.676  13.117 0.0000000000
120161  35.064  -1.240  12.690 0.0000000000
107103  30.059  -7.151  20.677 0.0000000000
141856  52.739  10.397  0.505 0.0000000000
140658  48.902  9.516  1.431 0.0000000000
140657  49.429  10.048  1.469 0.0000000000
138234  49.495  8.768  1.232 0.0000000000
137071  51.753  8.043  0.991 0.0000000000
135835  52.503  7.560  1.053 0.0000000000
105762  18.450  -8.350  25.444 0.0000000000
263267  17.814  -8.501  26.002 0.0000000000
135781  44.583  7.473  3.715 0.0000000000
134479  45.710  6.567  5.039 0.0000000000
135771  44.348  6.874  4.381 0.0000000000
115715  28.301  -3.257  17.790 0.0000000000
115727  28.446  -3.445  17.198 0.0000000000
112952  28.251  -4.829  17.449 0.0000000000
111447  28.792  -5.457  17.556 0.0000000000
109928  30.031  -5.637  18.653 0.0000000000
143017  43.927  11.634  5.304 0.0000000000
143035  43.166  11.110  4.533 0.0000000000
261770  43.788  10.636  3.813 0.0000000000
141828  44.434  10.470  3.173 0.0000000000
139398  45.267  9.540  2.548 0.0000000000
139386  44.175  9.362  3.015 0.0000000000
137033  44.707  8.225  3.187 0.0000000000
86085  8.267  -18.710  35.755 0.0000000000
140604  38.521  10.080  8.045 0.0000000000
138175  38.225  9.063  6.750 0.0000000000
139347  37.444  9.246  7.963 0.0000000000
138171  36.627  8.293  7.852 0.0000000000
135734  36.231  7.222  7.793 0.0000000000
244409  33.703  4.826  9.878 0.0000000000
131683  34.551  4.738  9.286 0.0000000000
128967  34.274  3.660  9.335 0.0000000000
126388  35.254  2.530  9.469 0.0000000000
126378  35.970  2.023  9.860 0.0000000000
125161  36.244  1.290  10.586 0.0000000000
122748  36.618  0.788  11.423 0.0000000000
100089  28.134  -11.942  23.061 0.0000000000
101241  15.570  -10.852  27.955 0.0000000000
100004  16.400  -11.569  28.525 0.0000000000
101223  15.476  -11.362  28.200 0.0000000000
98785  15.036  -12.111  28.621 0.0000000000
97455  14.744  -12.749  29.276 0.0000000000
97440  12.845  -13.107  29.650 0.0000000000
96012  12.427  -13.324  30.005 0.0000000000
238787  10.633  -10.858  32.080 0.0000000000
99929  9.652  -11.734  32.772 0.0000000000
98687  9.118  -12.764  33.059 0.0000000000
95902  8.812  -13.902  33.275 0.0000000000
97346  8.871  -13.135  33.598 0.0000000000
98666  8.473  -12.740  34.590 0.0000000000
98649  8.054  -12.276  35.696 0.0000000000
108420  24.488  -6.789  21.719 0.0000000000
105843  24.175  -8.389  21.099 0.0000000000
103557  24.031  -9.460  21.737 0.0000000000
101343  23.946  -10.787  21.647 0.0000000000
98931  23.937  -11.887  22.113 0.0000000000
98847  20.650  -12.183  24.631 0.0000000000
265648  21.444  -12.630  24.556 0.0000000000
97516  21.046  -13.628  25.854 0.0000000000
133011  40.690  5.485  7.954 0.0000000000
241240  28.884  1.026  13.970 0.0000000000
114374  31.852  -3.523  16.106 0.0000000000
117208  31.449  -2.465  14.840 0.0000000000
115750  32.749  -2.810  16.513 0.0000000000
240108  33.482  -2.337  16.004 0.0000000000
141841  51.604  10.839  1.422 0.0000000000
88481  5.415  -17.198  37.483 0.0000000000
135713  35.186  7.754  11.035 0.0000000000
134305  34.345  6.654  10.921 0.0000000000
225147  33.444  5.398  10.804 0.0000000000
130281  33.208  4.321  10.203 0.0000000000
127602  32.904  3.133  10.613 0.0000000000
126368  33.193  2.024  10.381 0.0000000000
100028  19.287  -12.047  27.266 0.0000000000
100017  19.134  -11.970  27.995 0.0000000000
247815  18.744  -11.146  27.460 0.0000000000
102386  18.178  -10.402  27.447 0.0000000000
102388  17.278  -10.232  27.694 0.0000000000
104575  17.361  -9.073  26.515 0.0000000000
104576  16.793  -9.276  26.848 0.0000000000
102389  16.101  -10.043  27.455 0.0000000000
103476  15.007  -9.774  27.650 0.0000000000
104566  14.524  -9.623  27.853 0.0000000000
104558  13.558  -9.194  28.263 0.0000000000
103538  23.083  -9.719  23.109 0.0000000000
103539  22.613  -9.967  23.348 0.0000000000
102458  21.823  -10.670  23.525 0.0000000000
102460  20.749  -10.738  23.785 0.0000000000
104628  20.290  -8.958  23.797 0.0000000000
102447  20.188  -10.580  23.897 0.0000000000
101282  20.162  -11.364  24.248 0.0000000000
100052  19.782  -11.783  25.174 0.0000000000
100041  19.587  -11.938  25.794 0.0000000000
121383  28.842  -0.414  17.747 0.0000000000
122676  28.570  -0.024  16.857 0.0000000000
120077  28.704  -1.203  16.771 0.0000000000
118671  29.007  -2.069  16.033 0.0000000000
261496  29.965  -3.255  15.551 0.0000000000
114352  29.128  -4.113  16.381 0.0000000000
270514  29.858  -4.300  16.008 0.0000000000
114376  30.698  -3.778  15.730 0.0000000000
114351  32.251  -4.058  17.047 0.0000000000
112950  33.068  -4.271  18.001 0.0000000000
141836  48.464  10.920  2.282 0.0000000000
140660  47.788  9.820  1.931 0.0000000000
139403  47.907  9.204  1.806 0.0000000000
139397  45.803  9.319  2.362 0.0000000000
138218  47.170  8.396  2.290 0.0000000000
138193  41.150  8.959  4.773 0.0000000000
137014  41.496  7.827  5.014 0.0000000000
138195  40.443  8.300  5.237 0.0000000000
135753  40.133  7.246  5.890 0.0000000000
135745  39.844  6.817  6.175 0.0000000000
137004  38.584  7.698  6.331 0.0000000000
134444  38.938  6.583  6.609 0.0000000000
133056  39.739  5.941  6.778 0.0000000000
133012  39.508  5.377  7.722 0.0000000000
131698  39.060  4.634  8.622 0.0000000000
136985  35.664  8.060  9.126 0.0000000000
135728  35.585  6.980  8.447 0.0000000000
133018  36.049  6.043  8.006 0.0000000000
131704  35.390  5.191  8.603 0.0000000000
131703  35.986  4.977  8.481 0.0000000000
131719  36.754  5.392  7.950 0.0000000000
130321  37.645  4.373  8.672 0.0000000000
258139  26.993  -6.886  19.564 0.0000000000
249627  27.978  -7.168  19.881 0.0000000000
104677  28.324  -8.458  20.157 0.0000000000
104669  29.110  -8.771  20.837 0.0000000000
141801  41.406  10.770  5.655 0.0000000000
140624  41.071  9.858  5.091 0.0000000000
105694  13.056  -8.750  29.140 0.0000000000
104537  12.181  -8.873  29.730 0.0000000000
102368  12.560  -10.184  29.183 0.0000000000
101201  12.162  -10.800  29.683 0.0000000000
98736  12.009  -12.359  30.186 0.0000000000
96001  11.582  -13.237  30.674 0.0000000000
234033  10.525  -12.099  31.397 0.0000000000
97406  10.764  -12.913  31.183 0.0000000000
94450  11.473  -14.064  31.332 0.0000000000
92962  11.281  -14.959  31.778 0.0000000000
91415  11.249  -15.700  32.500 0.0000000000
88524  9.018  -17.313  34.173 0.0000000000
92925  8.465  -15.118  33.873 0.0000000000
91378  8.446  -16.035  34.066 0.0000000000
88510  8.137  -17.447  34.704 0.0000000000
88511  7.599  -17.170  34.983 0.0000000000
88498  6.987  -17.043  35.991 0.0000000000
88486  6.525  -16.913  36.584 0.0000000000
94291  7.212  -14.280  36.547 0.0000000000
92886  6.501  -15.220  36.696 0.0000000000
91328  6.262  -15.771  36.977 0.0000000000
114319  26.266  -4.208  18.978 0.0000000000
114311  25.697  -4.080  19.658 0.0000000000
111414  26.243  -5.822  19.323 0.0000000000
107129  26.116  -7.342  19.220 0.0000000000
103593  26.616  -9.182  19.664 0.0000000000
102493  26.881  -10.719  20.362 0.0000000000
102496  24.848  -10.325  20.567 0.0000000000
101357  25.966  -10.897  20.797 0.0000000000
100107  26.863  -11.738  22.081 0.0000000000
245350  23.201  -10.544  22.658 0.0000000000
100110  22.982  -11.788  22.663 0.0000000000
97587  23.752  -12.651  23.179 0.0000000000
97533  22.468  -13.163  24.740 0.0000000000
97553  23.555  -13.019  24.284 0.0000000000
96127  24.512  -13.117  24.318 0.0000000000
134482  42.555  6.729  5.527 0.0000000000
126342  31.844  2.366  11.736 0.0000000000
125164  32.320  1.620  10.946 0.0000000000
123972  33.046  0.980  10.734 0.0000000000
121417  28.561  -0.464  15.183 0.0000000000
121429  29.079  -0.741  14.133 0.0000000000
121439  29.869  -0.718  13.163 0.0000000000
118723  31.443  -2.126  14.056 0.0000000000
118747  31.041  -1.807  13.167 0.0000000000
121454  30.671  -0.763  12.438 0.0000000000
121471  32.093  -0.700  11.831 0.0000000000
121489  32.991  -0.518  11.366 0.0000000000
121506  33.916  -0.193  11.048 0.0000000000
121486  34.922  -0.360  11.401 0.0000000000
108471  28.775  -6.739  20.153 0.0000000000
108488  29.575  -6.056  19.793 0.0000000000
109911  30.717  -5.530  19.392 0.0000000000
108436  31.983  -5.996  21.124 0.0000000000
109895  32.068  -5.507  20.026 0.0000000000
141854  54.176  10.847  -0.303 0.0000000000
141850  50.728  10.345  1.196 0.0000000000
140663  51.771  9.992  0.780 0.0000000000
137073  50.419  8.343  1.137 0.0000000000
250687  51.052  9.001  0.723 0.0000000000
140671  52.182  9.599  0.561 0.0000000000
244117  52.781  9.492  0.260 0.0000000000
264029  53.716  8.734  -0.019 0.0000000000
239383  42.394  8.016  4.421 0.0000000000
111434  26.748  -5.151  18.797 0.0000000000
111433  27.373  -5.326  18.595 0.0000000000
109916  27.437  -5.981  19.284 0.0000000000
139373  41.949  9.070  4.236 0.0000000000
140637  42.235  9.441  3.987 0.0000000000
138197  42.150  8.521  4.291 0.0000000000
138202  42.708  8.407  3.995 0.0000000000
87243  6.378  -17.774  36.787 0.0000000000
232838  33.732  1.712  10.173 0.0000000000
236390  34.267  1.854  9.987 0.0000000000
123982  34.637  1.067  10.347 0.0000000000
123970  34.177  0.675  10.551 0.0000000000
102380  13.714  -10.646  28.532 0.0000000000
241791  13.322  -10.758  28.768 0.0000000000
102374  12.866  -10.561  28.986 0.0000000000
104650  23.653  -9.239  22.658 0.0000000000
103537  23.375  -9.542  22.854 0.0000000000
98793  19.869  -13.159  27.274 0.0000000000
97481  20.188  -13.556  27.657 0.0000000000
125058  28.737  1.060  17.187 0.0000000000
104588  18.342  -9.062  26.122 0.0000000000
229131  18.884  -9.207  25.160 0.0000000000
240153  19.148  -9.535  24.666 0.0000000000
102428  19.136  -10.375  25.667 0.0000000000
117156  28.992  -2.545  17.323 0.0000000000
111429  30.504  -5.487  18.214 0.0000000000
111444  30.578  -5.480  17.530 0.0000000000
227666  30.981  -5.399  17.953 0.0000000000
247457  31.440  -5.213  17.817 0.0000000000
109926  31.265  -5.195  18.777 0.0000000000
141816  44.793  10.928  3.415 0.0000000000
143047  45.137  11.263  3.772 0.0000000000
143061  45.433  11.041  3.302 0.0000000000
141825  46.415  10.754  2.816 0.0000000000
141839  45.588  10.237  2.672 0.0000000000
260907  45.751  7.284  3.543 0.0000000000
135798  46.041  7.410  3.157 0.0000000000
135779  46.242  7.152  3.642 0.0000000000
135778  46.848  7.044  3.718 0.0000000000
86076  9.563  -19.026  36.249 0.0000000000
140617  39.070  9.785  6.661 0.0000000000
139360  39.091  9.427  6.368 0.0000000000
139361  38.647  9.405  6.638 0.0000000000
134417  36.908  6.611  7.452 0.0000000000
134416  37.289  6.272  7.426 0.0000000000
133015  37.536  5.554  7.730 0.0000000000
133016  37.077  5.765  7.704 0.0000000000
134342  34.316  6.152  9.763 0.0000000000
134341  34.656  6.663  9.626 0.0000000000
132973  34.421  5.651  9.370 0.0000000000
239525  36.748  2.855  9.210 0.0000000000
127627  36.490  3.128  8.975 0.0000000000
101354  27.675  -10.897  20.788 0.0000000000
102485  28.203  -10.628  20.906 0.0000000000
101325  28.587  -10.980  21.897 0.0000000000
140609  39.029  10.198  7.394 0.0000000000
140608  39.440  10.325  7.086 0.0000000000
247005  39.128  10.044  6.972 0.0000000000
140616  39.460  10.057  6.627 0.0000000000
101239  16.866  -10.714  28.024 0.0000000000
101221  16.755  -11.146  28.218 0.0000000000
94466  12.454  -14.043  30.703 0.0000000000
94448  12.600  -14.333  31.129 0.0000000000
94449  12.039  -14.242  31.188 0.0000000000
102352  11.040  -10.486  31.190 0.0000000000
95961  9.418  -13.469  32.164 0.0000000000
241611  9.831  -13.611  31.721 0.0000000000
95937  9.435  -13.978  32.063 0.0000000000
94414  9.618  -14.534  32.124 0.0000000000
94415  9.158  -14.373  32.361 0.0000000000
92950  9.283  -14.968  32.532 0.0000000000
94328  8.141  -14.273  34.813 0.0000000000
95870  7.804  -14.141  35.455 0.0000000000
94329  7.777  -14.602  35.423 0.0000000000
111362  24.510  -6.037  21.733 0.0000000000
251663  24.914  -4.594  22.656 0.0000000000
112892  24.407  -5.440  21.441 0.0000000000
112891  24.533  -4.758  21.710 0.0000000000
109872  24.659  -6.376  21.027 0.0000000000
108474  24.826  -6.985  20.049 0.0000000000
232175  24.662  -7.226  20.778 0.0000000000
98930  24.523  -12.034  22.158 0.0000000000
100128  24.946  -11.782  21.808 0.0000000000
98913  24.665  -12.283  22.571 0.0000000000
98892  25.398  -12.295  23.099 0.0000000000
243058  24.696  -12.703  23.373 0.0000000000
256093  21.316  -11.374  23.745 0.0000000000
100091  21.607  -11.673  23.718 0.0000000000
100072  21.395  -11.998  24.068 0.0000000000
134442  40.676  6.247  6.350 0.0000000000
134441  41.299  6.207  6.300 0.0000000000
125113  29.711  1.471  13.342 0.0000000000
125112  30.129  1.925  13.426 0.0000000000
125125  30.278  1.351  12.988 0.0000000000
125138  30.749  1.203  12.457 0.0000000000
261346  30.501  0.294  12.336 0.0000000000
117193  30.649  -2.556  14.934 0.0000000000
117218  33.291  -2.444  14.248 0.0000000000
118721  34.043  -2.288  14.202 0.0000000000
118742  34.066  -1.950  13.218 0.0000000000
118720  34.692  -2.087  14.132 0.0000000000
246059  34.913  -1.780  13.581 0.0000000000
141847  52.955  10.824  0.606 0.0000000000
139402  48.468  9.073  1.584 0.0000000000
139401  49.018  8.929  1.370 0.0000000000
138224  49.256  8.395  1.527 0.0000000000
106997  18.319  -7.870  25.312 0.0000000000
237791  18.026  -7.695  25.530 0.0000000000
105780  18.619  -8.069  24.928 0.0000000000
263636  44.774  7.119  4.065 0.0000000000
271223  44.267  7.249  4.029 0.0000000000
134497  43.381  6.783  4.851 0.0000000000
134496  43.911  6.610  4.761 0.0000000000
114330  27.742  -3.562  18.060 0.0000000000
115728  27.926  -3.733  17.543 0.0000000000
114343  27.792  -4.297  17.633 0.0000000000
111431  28.615  -5.591  18.155 0.0000000000
111448  28.317  -5.319  17.803 0.0000000000
111430  29.110  -5.703  17.935 0.0000000000
109941  29.562  -5.663  17.785 0.0000000000
109929  29.460  -5.732  18.409 0.0000000000
143028  42.389  11.093  5.322 0.0000000000
143027  42.963  11.297  5.054 0.0000000000
141804  42.578  10.878  4.757 0.0000000000
141819  43.064  9.808  3.727 0.0000000000
262622  43.022  10.297  3.933 0.0000000000
141818  43.416  10.282  3.708 0.0000000000
140634  43.891  10.354  3.445 0.0000000000
140643  44.099  9.997  3.096 0.0000000000
139387  43.699  9.057  3.286 0.0000000000
137023  43.800  8.004  3.591 0.0000000000
137034  44.175  8.351  3.323 0.0000000000
137022  44.378  7.914  3.514 0.0000000000
84924  7.817  -18.736  35.992 0.0000000000
140605  38.222  9.852  8.031 0.0000000000
139346  37.937  9.543  7.722 0.0000000000
139342  37.854  9.665  8.334 0.0000000000
138166  36.899  8.843  8.216 0.0000000000
261467  36.492  7.759  7.650 0.0000000000
136992  36.142  7.891  8.144 0.0000000000
130289  33.563  4.261  9.779 0.0000000000
130304  33.894  4.010  9.498 0.0000000000
128949  34.091  3.173  9.552 0.0000000000
126380  34.808  2.211  9.733 0.0000000000
126389  34.812  2.673  9.437 0.0000000000
126379  35.370  2.084  9.801 0.0000000000
126387  35.779  2.460  9.563 0.0000000000
125173  36.133  1.646  10.163 0.0000000000
122763  35.703  0.568  11.041 0.0000000000
232939  35.862  0.998  10.804 0.0000000000
122749  36.213  0.424  11.497 0.0000000000
122737  36.385  0.129  12.044 0.0000000000
140600  38.603  10.299  8.468 0.0000000000
102391  15.179  -10.479  27.911 0.0000000000
242885  15.042  -10.899  28.103 0.0000000000
249375  14.414  -11.874  28.584 0.0000000000
98767  14.528  -12.397  28.828 0.0000000000
265743  15.067  -12.485  28.978 0.0000000000
97438  14.366  -13.116  29.578 0.0000000000
97456  14.122  -12.727  29.144 0.0000000000
97458  13.009  -12.630  29.410 0.0000000000
268341  12.835  -13.430  29.840 0.0000000000
97441  12.478  -12.670  29.771 0.0000000000
101171  9.477  -11.476  33.311 0.0000000000
98686  9.476  -12.346  32.596 0.0000000000
99930  9.184  -12.102  33.125 0.0000000000
98674  8.877  -12.537  33.636 0.0000000000
99926  9.033  -11.883  33.747 0.0000000000
98658  8.274  -12.486  35.070 0.0000000000
107067  24.388  -7.355  22.641 0.0000000000
108400  24.411  -6.932  22.306 0.0000000000
109848  24.458  -6.482  22.132 0.0000000000
226571  24.280  -7.620  21.722 0.0000000000
263697  24.072  -8.103  21.564 0.0000000000
225823  23.986  -8.758  21.797 0.0000000000
102478  23.830  -10.388  21.855 0.0000000000
103558  23.926  -9.899  21.925 0.0000000000
101329  23.815  -11.273  21.848 0.0000000000
252952  20.441  -12.510  25.101 0.0000000000
98829  20.837  -13.090  25.383 0.0000000000
97517  20.505  -13.309  25.987 0.0000000000
125104  28.893  1.825  14.010 0.0000000000
123915  28.858  1.430  14.503 0.0000000000
115751  32.298  -3.309  16.419 0.0000000000
115760  32.333  -2.931  15.926 0.0000000000
269458  34.097  -2.456  17.135 0.0000000000
239446  33.696  -2.284  16.427 0.0000000000
117168  34.136  -2.287  16.710 0.0000000000
240832  5.602  -16.783  37.331 0.0000000000
135711  34.809  7.175  11.294 0.0000000000
245481  33.074  5.518  11.526 0.0000000000
131653  33.353  4.872  10.381 0.0000000000
131642  33.116  4.977  11.150 0.0000000000
128911  32.611  3.540  11.088 0.0000000000
128932  32.968  3.803  10.581 0.0000000000
237268  32.820  2.554  10.621 0.0000000000
100029  19.018  -11.557  27.011 0.0000000000
101253  18.906  -10.933  26.918 0.0000000000
103483  18.007  -9.705  26.934 0.0000000000
246474  18.125  -9.970  27.135 0.0000000000
102387  17.737  -10.258  27.556 0.0000000000
102404  17.551  -9.947  27.314 0.0000000000
105748  17.505  -8.227  26.001 0.0000000000
104589  17.855  -8.851  26.244 0.0000000000
228069  17.386  -8.665  26.197 0.0000000000
265718  16.373  -9.151  26.925 0.0000000000
103474  16.326  -9.539  27.143 0.0000000000
270897  15.834  -9.632  27.239 0.0000000000
103475  15.483  -9.902  27.491 0.0000000000
234338  15.402  -9.454  27.302 0.0000000000
105704  14.318  -8.154  27.811 0.0000000000
104565  14.880  -9.236  27.511 0.0000000000
105720  14.354  -8.917  27.838 0.0000000000
104557  14.039  -9.412  28.045 0.0000000000
249096  13.899  -8.901  28.109 0.0000000000
103527  22.750  -9.576  23.589 0.0000000000
103540  21.673  -10.181  23.738 0.0000000000
102459  21.197  -10.470  23.776 0.0000000000
102448  19.728  -10.442  24.179 0.0000000000
103530  19.997  -10.109  23.882 0.0000000000
249599  20.392  -11.046  23.938 0.0000000000
260542  19.929  -10.920  24.141 0.0000000000
100060  19.947  -11.622  24.644 0.0000000000
271358  19.846  -11.223  24.478 0.0000000000
101267  19.183  -10.815  26.119 0.0000000000
101266  19.458  -11.397  25.563 0.0000000000
232891  19.423  -12.063  26.531 0.0000000000
248784  29.119  -0.891  17.962 0.0000000000
121390  28.782  -0.898  17.439 0.0000000000
257712  28.810  -1.673  16.590 0.0000000000
117195  29.394  -2.375  15.561 0.0000000000
115753  29.569  -3.366  15.836 0.0000000000
114353  28.717  -4.037  16.786 0.0000000000
111471  30.513  -5.197  16.560 0.0000000000
112975  30.049  -4.833  16.220 0.0000000000
112974  30.693  -4.754  16.281 0.0000000000
254174  30.379  -4.287  15.991 0.0000000000
114365  30.973  -4.214  16.084 0.0000000000
114364  31.556  -4.094  16.315 0.0000000000
112961  31.803  -4.446  16.806 0.0000000000
111441  32.676  -4.682  18.121 0.0000000000
238771  32.674  -4.296  17.800 0.0000000000
144320  44.456  11.711  5.164 0.0000000000
143073  48.762  11.347  2.560 0.0000000000
143074  48.286  11.185  2.643 0.0000000000
140651  47.307  9.952  2.127 0.0000000000
140650  47.732  10.271  2.117 0.0000000000
139404  47.359  9.354  1.989 0.0000000000
139384  45.402  8.953  2.551 0.0000000000
137047  46.812  8.063  2.564 0.0000000000
137046  47.444  7.943  2.518 0.0000000000
139369  40.704  9.220  5.040 0.0000000000
138194  40.749  8.614  4.955 0.0000000000
139370  40.166  8.954  5.200 0.0000000000
231963  39.757  7.768  5.740 0.0000000000
135754  39.549  7.278  6.042 0.0000000000
138176  37.836  8.611  6.885 0.0000000000
138187  38.236  8.426  6.471 0.0000000000
137005  37.986  7.890  6.611 0.0000000000
241966  39.504  6.429  6.461 0.0000000000
134413  39.147  6.157  6.803 0.0000000000
133032  39.382  5.678  7.178 0.0000000000
133013  38.973  5.463  7.550 0.0000000000
131716  38.175  5.034  8.028 0.0000000000
131715  38.974  5.053  8.010 0.0000000000
138159  36.371  8.797  9.920 0.0000000000
138160  35.828  8.399  9.723 0.0000000000
134358  35.166  6.660  8.758 0.0000000000
135719  35.441  7.336  8.976 0.0000000000
134375  35.535  6.251  8.382 0.0000000000
135735  35.905  6.708  8.011 0.0000000000
130302  34.922  4.390  9.092 0.0000000000
131682  35.008  4.963  8.891 0.0000000000
256453  36.455  3.990  8.819 0.0000000000
243027  36.230  4.391  8.680 0.0000000000
132992  36.306  5.439  8.167 0.0000000000
131702  36.715  4.836  8.335 0.0000000000
131701  37.395  4.774  8.404 0.0000000000
269445  37.128  4.486  8.608 0.0000000000
105871  27.005  -7.995  19.507 0.0000000000
105869  28.062  -8.117  20.007 0.0000000000
104689  27.663  -8.341  19.771 0.0000000000
102483  29.050  -9.903  21.400 0.0000000000
103570  28.866  -9.185  20.780 0.0000000000
143021  41.584  11.181  6.150 0.0000000000
143022  40.987  10.984  6.241 0.0000000000
140620  40.231  9.955  5.697 0.0000000000
263482  40.754  10.416  5.691 0.0000000000
140625  40.699  9.778  5.302 0.0000000000
139368  41.091  9.498  4.901 0.0000000000
100002  18.740  -11.479  28.361 0.0000000000
101208  18.330  -11.274  28.593 0.0000000000
95980  14.087  -13.764  31.009 0.0000000000
105693  13.408  -8.388  28.906 0.0000000000
104538  11.788  -9.249  30.032 0.0000000000
105670  11.980  -8.649  30.282 0.0000000000
104546  12.066  -9.449  29.538 0.0000000000
103457  12.200  -10.164  29.568 0.0000000000
263105  12.445  -10.537  29.334 0.0000000000
99962  11.622  -11.499  30.497 0.0000000000
98737  11.590  -12.049  30.559 0.0000000000
97422  11.547  -12.662  30.593 0.0000000000
270438  11.365  -12.347  30.734 0.0000000000
101174  10.288  -11.424  32.056 0.0000000000
101180  10.708  -11.214  31.614 0.0000000000
99939  10.485  -11.696  31.571 0.0000000000
95960  10.388  -13.772  31.561 0.0000000000
95984  10.837  -13.427  31.307 0.0000000000
95983  11.309  -13.588  31.123 0.0000000000
94451  10.953  -13.915  31.459 0.0000000000
94432  11.076  -14.417  31.626 0.0000000000
91434  11.006  -15.414  32.084 0.0000000000
89946  10.941  -16.033  32.924 0.0000000000
91399  9.174  -15.921  33.394 0.0000000000
89901  9.824  -16.637  33.535 0.0000000000
88539  9.427  -17.005  33.819 0.0000000000
87269  9.625  -17.435  34.184 0.0000000000
88540  8.955  -16.871  33.939 0.0000000000
94370  8.531  -14.463  33.628 0.0000000000
92914  8.162  -15.240  34.401 0.0000000000
246042  8.442  -15.639  34.021 0.0000000000
89879  8.181  -16.475  34.283 0.0000000000
88526  7.949  -16.948  34.534 0.0000000000
89858  7.555  -16.486  34.805 0.0000000000
91349  7.100  -16.191  35.453 0.0000000000
91340  6.822  -15.938  36.151 0.0000000000
89838  6.764  -16.543  36.065 0.0000000000
257051  7.255  -13.598  36.740 0.0000000000
95838  7.050  -13.936  37.022 0.0000000000
94293  6.425  -14.682  37.121 0.0000000000
91314  5.812  -15.702  37.191 0.0000000000
115708  26.460  -3.522  19.146 0.0000000000
112908  24.707  -4.686  20.337 0.0000000000
115683  25.875  -3.120  20.744 0.0000000000
114312  25.227  -4.332  19.919 0.0000000000
112920  25.582  -4.754  19.515 0.0000000000
111415  25.743  -5.680  19.465 0.0000000000
109919  25.917  -6.137  19.424 0.0000000000
108494  25.914  -6.754  19.294 0.0000000000
104693  25.737  -8.826  19.483 0.0000000000
239893  25.892  -8.279  19.395 0.0000000000
103583  26.361  -9.742  19.801 0.0000000000
102503  26.619  -10.240  20.100 0.0000000000
225075  24.304  -9.513  20.919 0.0000000000
104671  24.319  -8.938  20.766 0.0000000000
103573  24.548  -9.931  20.609 0.0000000000
100144  25.880  -11.521  21.553 0.0000000000
101341  25.640  -11.166  21.124 0.0000000000
237675  26.477  -11.598  21.726 0.0000000000
100108  26.450  -11.827  22.197 0.0000000000
235686  27.186  -11.890  22.435 0.0000000000
98909  26.936  -12.085  22.824 0.0000000000
102469  22.835  -10.211  23.086 0.0000000000
102470  22.799  -10.810  22.871 0.0000000000
98916  22.645  -11.888  23.002 0.0000000000
98915  22.991  -12.124  22.892 0.0000000000
228656  23.486  -12.162  22.518 0.0000000000
97588  23.274  -12.632  23.430 0.0000000000
97534  21.959  -13.272  25.049 0.0000000000
97555  22.041  -12.864  24.519 0.0000000000
96112  22.423  -13.533  25.279 0.0000000000
96110  23.726  -13.761  25.448 0.0000000000
96121  23.519  -13.428  24.868 0.0000000000
225672  24.053  -13.596  25.007 0.0000000000
96128  24.040  -13.210  24.557 0.0000000000
135760  41.096  7.506  5.388 0.0000000000
231027  41.712  7.354  5.258 0.0000000000
134464  41.967  6.931  5.566 0.0000000000
227920  32.028  3.012  12.095 0.0000000000
126329  31.636  2.527  12.388 0.0000000000
123957  31.558  0.951  11.601 0.0000000000
125136  31.714  1.667  11.427 0.0000000000
123956  32.073  1.122  11.146 0.0000000000
123973  32.579  1.178  10.892 0.0000000000
123955  32.573  0.640  11.068 0.0000000000
121397  28.536  -0.427  16.455 0.0000000000
225779  28.505  -0.160  15.796 0.0000000000
121406  28.622  -0.748  15.766 0.0000000000
120131  29.424  -1.379  14.091 0.0000000000
120146  29.541  -1.115  13.609 0.0000000000
121440  29.408  -0.308  13.577 0.0000000000
120145  30.071  -1.417  13.283 0.0000000000
247252  31.844  -2.481  14.887 0.0000000000
118703  31.568  -2.273  14.505 0.0000000000
117220  32.109  -2.401  14.542 0.0000000000
118746  31.513  -2.067  13.585 0.0000000000
234047  31.327  -1.538  12.672 0.0000000000
120166  30.828  -1.351  12.665 0.0000000000
120185  31.268  -1.063  12.239 0.0000000000
121473  31.056  -0.428  12.135 0.0000000000
120184  31.829  -1.010  12.068 0.0000000000
120181  33.815  -1.369  11.893 0.0000000000
121470  32.617  -0.868  11.704 0.0000000000
121488  33.561  -0.597  11.284 0.0000000000
122751  33.382  -0.106  11.071 0.0000000000
121487  34.064  -0.625  11.281 0.0000000000
121505  34.419  -0.231  11.162 0.0000000000
120198  34.735  -0.894  11.688 0.0000000000
120160  35.554  -0.993  12.924 0.0000000000
107116  28.610  -7.401  20.187 0.0000000000
108472  28.388  -6.945  19.978 0.0000000000
107102  30.589  -6.854  20.700 0.0000000000
107114  29.614  -6.759  20.511 0.0000000000
108455  30.229  -6.545  20.431 0.0000000000
241412  30.122  -5.762  19.458 0.0000000000
108454  30.769  -6.288  20.466 0.0000000000
108452  31.883  -5.806  20.703 0.0000000000
109894  32.574  -5.444  20.070 0.0000000000
141855  53.639  10.554  -0.025 0.0000000000
141858  54.060  10.184  -0.396 0.0000000000
140675  54.100  9.544  -0.409 0.0000000000
141835  48.953  11.060  2.203 0.0000000000
140666  49.854  9.786  1.122 0.0000000000
141851  50.086  10.288  1.336 0.0000000000
140665  50.357  9.835  0.991 0.0000000000
140664  51.061  9.770  0.824 0.0000000000
138231  51.595  8.576  0.752 0.0000000000
139406  51.657  9.295  0.631 0.0000000000
139414  52.222  8.923  0.537 0.0000000000
237277  52.494  9.386  0.384 0.0000000000
139413  52.766  9.017  0.339 0.0000000000
135783  43.472  7.687  3.960 0.0000000000
234301  43.698  7.144  4.299 0.0000000000
227463  43.195  7.467  4.323 0.0000000000
135758  42.871  6.982  5.020 0.0000000000
266372  26.898  -4.279  18.346 0.0000000000
111432  28.029  -5.473  18.442 0.0000000000
109931  28.388  -5.698  18.801 0.0000000000
140623  41.589  10.208  4.752 0.0000000000
141812  42.179  10.392  4.476 0.0000000000
140636  42.687  9.324  3.794 0.0000000000
139377  43.201  9.106  3.559 0.0000000000
138201  43.092  8.598  3.676 0.0000000000
137024  43.256  8.166  3.763 0.0000000000
86087  7.060  -18.169  36.236 0.0000000000
139338  37.140  9.365  9.451 0.0000000000
138162  36.720  8.945  8.898 0.0000000000
268003  36.326  8.621  8.988 0.0000000000
127612  33.702  2.921  9.874 0.0000000000
125175  34.902  1.649  10.076 0.0000000000
123981  35.205  1.249  10.397 0.0000000000
235882  35.007  0.857  10.600 0.0000000000
122750  35.301  0.102  11.152 0.0000000000
101224  14.507  -10.908  28.266 0.0000000000
264997  13.865  -11.349  28.639 0.0000000000
100006  13.972  -11.683  28.655 0.0000000000
99990  13.513  -11.677  28.810 0.0000000000
99991  13.037  -11.783  29.116 0.0000000000
99974  12.614  -11.614  29.338 0.0000000000
101162  9.026  -10.994  34.357 0.0000000000
268367  23.977  -8.302  22.491 0.0000000000
104649  23.857  -8.791  22.380 0.0000000000
103549  23.629  -9.851  22.446 0.0000000000
102468  23.458  -10.287  22.459 0.0000000000
98816  19.979  -13.068  26.243 0.0000000000
229868  20.752  -13.659  26.388 0.0000000000
97497  20.402  -13.590  26.966 0.0000000000
123899  28.686  0.902  15.531 0.0000000000
115726  33.342  -3.283  17.674 0.0000000000
115737  33.228  -2.814  17.284 0.0000000000
115725  33.939  -3.295  17.894 0.0000000000
130242  32.890  4.560  11.527 0.0000000000
128894  32.477  3.822  11.607 0.0000000000
127578  32.302  3.334  11.546 0.0000000000
235435  18.900  -10.471  26.671 0.0000000000
102417  19.016  -10.283  26.306 0.0000000000
105750  16.621  -8.453  26.517 0.0000000000
105731  16.179  -8.258  26.711 0.0000000000
105732  15.785  -8.565  26.973 0.0000000000
104564  15.333  -8.885  27.220 0.0000000000
104640  21.221  -9.481  23.883 0.0000000000
105800  19.356  -8.647  24.093 0.0000000000
104609  19.437  -9.245  24.152 0.0000000000
265804  19.196  -9.923  24.686 0.0000000000
248892  19.341  -10.259  24.636 0.0000000000
102427  19.276  -10.459  25.096 0.0000000000
120069  28.941  -1.537  17.344 0.0000000000
118647  29.397  -2.128  17.822 0.0000000000
111461  29.454  -5.292  16.893 0.0000000000
112962  29.557  -4.970  16.446 0.0000000000
235137  30.389  -5.407  16.973 0.0000000000
111459  30.871  -5.305  16.983 0.0000000000
111458  31.408  -4.965  16.960 0.0000000000
111457  31.750  -4.938  17.446 0.0000000000
111442  31.836  -5.007  18.000 0.0000000000
111426  32.355  -5.014  18.567 0.0000000000
143033  44.305  11.354  4.346 0.0000000000
143031  45.475  11.537  4.115 0.0000000000
143075  47.740  11.028  2.700 0.0000000000
141824  47.099  10.868  2.743 0.0000000000
230531  46.759  10.246  2.390 0.0000000000
240644  45.249  8.069  3.021 0.0000000000
138207  45.588  8.396  2.664 0.0000000000
237879  45.818  7.874  2.873 0.0000000000
137032  46.420  7.704  2.824 0.0000000000
135796  47.348  7.197  3.278 0.0000000000
139365  39.864  9.449  5.717 0.0000000000
236300  39.699  8.900  5.528 0.0000000000
139366  39.375  9.164  5.947 0.0000000000
137011  38.679  8.391  6.147 0.0000000000
224946  37.181  7.492  7.038 0.0000000000
135737  37.701  7.281  6.809 0.0000000000
134415  37.774  6.582  7.113 0.0000000000
242939  38.209  6.283  7.143 0.0000000000
133033  38.447  5.764  7.394 0.0000000000
133014  38.023  5.438  7.730 0.0000000000
136980  35.183  7.815  10.234 0.0000000000
136982  35.325  7.774  9.604 0.0000000000
134376  35.091  6.089  8.709 0.0000000000
128978  35.445  3.516  8.941 0.0000000000
128976  36.463  3.570  8.885 0.0000000000
268476  36.842  3.839  8.851 0.0000000000
128975  37.329  3.909  8.758 0.0000000000
103581  27.340  -9.536  19.983 0.0000000000
104679  27.602  -8.920  19.864 0.0000000000
103572  28.143  -9.770  20.465 0.0000000000
102484  28.632  -10.258  21.152 0.0000000000
243356  39.721  10.987  8.314 0.0000000000
229769  39.853  10.868  7.810 0.0000000000
141789  39.849  10.674  7.289 0.0000000000
141796  40.274  10.911  7.004 0.0000000000
231689  40.410  10.757  6.383 0.0000000000
140621  39.807  10.017  6.142 0.0000000000
101219  18.069  -11.011  28.240 0.0000000000
256755  17.738  -11.039  28.384 0.0000000000
101220  17.482  -11.240  28.712 0.0000000000
95998  13.440  -13.817  30.242 0.0000000000
95981  13.567  -14.032  30.778 0.0000000000
243054  13.095  -14.340  31.142 0.0000000000
239078  12.701  -14.626  32.090 0.0000000000
92947  11.884  -15.087  32.223 0.0000000000
104531  11.664  -8.912  30.604 0.0000000000
103450  11.518  -9.878  30.222 0.0000000000
102363  11.809  -10.501  30.097 0.0000000000
102364  11.384  -10.453  30.591 0.0000000000
230800  11.318  -10.901  30.895 0.0000000000
101186  11.319  -11.301  30.841 0.0000000000
98695  9.812  -12.560  32.137 0.0000000000
271005  10.119  -12.753  31.774 0.0000000000
92964  10.142  -14.704  31.926 0.0000000000
267418  9.914  -15.404  32.296 0.0000000000
91417  10.034  -15.835  32.443 0.0000000000
260815  9.924  -16.056  32.902 0.0000000000
92938  9.579  -15.443  32.527 0.0000000000
95888  8.442  -13.767  34.413 0.0000000000
247483  8.404  -14.205  34.210 0.0000000000
92915  7.787  -15.365  34.929 0.0000000000
91362  7.548  -15.874  35.017 0.0000000000
244840  7.705  -15.020  35.364 0.0000000000
92896  7.435  -14.921  35.871 0.0000000000
94279  5.834  -14.761  37.546 0.0000000000
112899  24.489  -4.739  21.045 0.0000000000
109885  25.043  -5.961  20.084 0.0000000000
108473  25.284  -6.874  19.490 0.0000000000
107118  25.041  -7.396  19.625 0.0000000000
105861  24.729  -7.946  19.847 0.0000000000
104680  25.232  -8.901  19.686 0.0000000000
101342  24.420  -10.817  21.250 0.0000000000
101359  24.771  -10.620  20.912 0.0000000000
100146  24.787  -11.359  21.450 0.0000000000
100127  25.466  -11.806  21.887 0.0000000000
98928  25.572  -11.999  22.313 0.0000000000
98910  26.367  -12.096  22.675 0.0000000000
98891  25.942  -12.296  23.143 0.0000000000
101304  22.252  -11.043  23.180 0.0000000000
100090  22.165  -11.666  23.314 0.0000000000
98895  22.508  -12.241  23.342 0.0000000000
94558  22.678  -14.009  26.129 0.0000000000
237052  22.906  -13.745  25.711 0.0000000000
94556  23.631  -14.245  26.318 0.0000000000
242886  41.596  6.626  5.902 0.0000000000
133053  42.143  5.814  6.663 0.0000000000
126331  30.753  1.949  13.150 0.0000000000
126343  31.419  1.971  12.097 0.0000000000
125124  30.961  1.701  12.543 0.0000000000
232592  31.095  0.938  12.008 0.0000000000
123944  31.281  0.470  11.942 0.0000000000
120101  29.036  -1.509  15.268 0.0000000000
121405  28.799  -1.063  15.197 0.0000000000
118706  29.453  -1.828  14.839 0.0000000000
118705  30.021  -1.964  14.491 0.0000000000
118724  30.578  -1.960  14.164 0.0000000000
117206  33.228  -2.487  14.870 0.0000000000
117219  32.704  -2.501  14.667 0.0000000000
118722  32.553  -2.389  14.084 0.0000000000
118744  32.451  -2.231  13.459 0.0000000000
228518  32.916  -2.028  12.984 0.0000000000
120164  32.400  -1.467  12.395 0.0000000000
254637  33.246  -1.781  12.627 0.0000000000
118768  33.680  -1.673  12.449 0.0000000000
120163  34.129  -1.571  12.297 0.0000000000
120180  34.432  -1.318  11.970 0.0000000000
271256  34.851  -1.439  12.883 0.0000000000
105849  29.351  -8.161  20.827 0.0000000000
107104  29.515  -7.459  20.575 0.0000000000
105848  29.843  -7.766  20.959 0.0000000000
107093  30.420  -7.485  20.978 0.0000000000
107092  30.947  -7.040  21.053 0.0000000000
244485  53.186  10.478  0.252 0.0000000000
140669  52.923  9.877  0.230 0.0000000000
266641  48.834  10.110  1.727 0.0000000000
139409  49.486  9.319  1.126 0.0000000000
139408  50.008  9.369  0.935 0.0000000000
239442  52.181  7.904  0.938 0.0000000000
137070  52.584  8.016  0.757 0.0000000000
138244  52.677  8.476  0.538 0.0000000000
234143  52.922  7.788  0.817 0.0000000000
104600  18.613  -8.842  25.612 0.0000000000
105763  18.211  -8.621  25.870 0.0000000000
106998  17.994  -8.167  25.694 0.0000000000
105778  19.402  -8.108  24.117 0.0000000000
105779  18.964  -8.334  24.510 0.0000000000
104599  18.738  -8.606  25.036 0.0000000000
135780  45.218  7.278  3.674 0.0000000000
134493  46.084  6.800  4.603 0.0000000000
135770  45.259  7.019  4.175 0.0000000000
261699  44.961  6.779  4.511 0.0000000000
134495  44.520  6.548  4.876 0.0000000000
117147  28.949  -3.002  18.199 0.0000000000
117157  28.817  -2.974  17.606 0.0000000000
114342  28.231  -4.157  17.205 0.0000000000
245334  28.553  -4.593  17.015 0.0000000000
271114  28.512  -5.219  17.482 0.0000000000
111462  29.030  -5.276  17.108 0.0000000000
111446  29.308  -5.536  17.422 0.0000000000
109940  30.017  -5.620  17.961 0.0000000000
244691  30.524  -5.479  18.840 0.0000000000
143026  43.550  11.412  4.914 0.0000000000
143034  43.750  11.227  4.449 0.0000000000
141811  42.815  10.597  4.282 0.0000000000
141810  43.424  10.768  4.113 0.0000000000
141809  44.002  11.006  4.037 0.0000000000
141817  44.227  10.767  3.583 0.0000000000
141827  45.123  10.547  2.937 0.0000000000
140654  45.279  10.020  2.666 0.0000000000
140642  44.707  9.890  2.811 0.0000000000
139385  44.835  9.182  2.757 0.0000000000
138210  44.016  8.775  3.185 0.0000000000
138209  44.491  8.722  3.053 0.0000000000
137021  44.922  7.729  3.345 0.0000000000
86084  8.714  -18.860  35.737 0.0000000000
225700  38.698  10.057  7.619 0.0000000000
139351  38.365  9.534  7.028 0.0000000000
139345  38.358  9.787  7.537 0.0000000000
139352  38.027  9.330  7.183 0.0000000000
138169  37.627  9.026  7.389 0.0000000000
138170  37.143  8.663  7.611 0.0000000000
138177  37.411  8.465  7.176 0.0000000000
136991  36.933  8.021  7.270 0.0000000000
136996  36.741  7.208  7.397 0.0000000000
134398  36.443  6.533  7.693 0.0000000000
132935  33.795  5.378  10.152 0.0000000000
131667  34.211  5.131  9.634 0.0000000000
131684  34.070  4.550  9.549 0.0000000000
130303  34.419  4.229  9.317 0.0000000000
252964  34.751  3.897  9.167 0.0000000000
127630  34.570  3.136  9.217 0.0000000000
127629  35.179  3.033  9.051 0.0000000000
127628  35.630  2.807  9.201 0.0000000000
126386  36.359  2.455  9.569 0.0000000000
126377  36.553  2.055  9.846 0.0000000000
125172  36.731  1.684  10.306 0.0000000000
240937  36.770  1.063  11.178 0.0000000000
123967  36.290  0.917  11.054 0.0000000000
123954  37.008  1.023  11.543 0.0000000000
100106  27.851  -11.822  22.494 0.0000000000
101316  28.243  -11.456  22.149 0.0000000000
100088  28.780  -11.735  23.268 0.0000000000
140603  38.934  10.373  7.952 0.0000000000
101240  16.076  -10.594  27.773 0.0000000000
101222  16.008  -11.219  28.109 0.0000000000
98784  15.673  -11.809  28.452 0.0000000000
100005  14.902  -11.506  28.317 0.0000000000
98766  15.570  -12.297  28.900 0.0000000000
96010  13.903  -13.449  29.898 0.0000000000
97457  13.524  -12.643  29.203 0.0000000000
253596  13.251  -12.992  29.468 0.0000000000
96011  13.249  -13.423  29.769 0.0000000000
96000  12.271  -13.726  30.372 0.0000000000
101169  10.306  -10.934  32.624 0.0000000000
99933  9.880  -11.934  32.289 0.0000000000
98696  9.374  -12.991  32.459 0.0000000000
270458  9.221  -13.403  32.564 0.0000000000
94390  8.820  -14.437  32.868 0.0000000000
97357  9.058  -13.367  33.046 0.0000000000
245731  8.831  -13.533  33.597 0.0000000000
97347  8.648  -13.425  34.033 0.0000000000
98665  8.676  -12.328  34.191 0.0000000000
98675  8.662  -12.944  34.122 0.0000000000
97336  8.466  -13.282  34.512 0.0000000000
97327  8.152  -13.000  35.123 0.0000000000
97317  7.862  -12.911  35.524 0.0000000000
111355  24.549  -6.039  22.278 0.0000000000
107094  24.575  -7.164  21.419 0.0000000000
229741  24.446  -7.844  20.550 0.0000000000
228503  24.384  -7.683  21.193 0.0000000000
104665  24.116  -9.122  21.325 0.0000000000
103565  24.149  -9.763  21.376 0.0000000000
102487  24.090  -10.304  21.551 0.0000000000
101328  24.272  -11.208  21.577 0.0000000000
98914  24.072  -12.314  22.435 0.0000000000
98872  20.859  -11.873  24.223 0.0000000000
98871  21.163  -12.274  24.406 0.0000000000
98846  20.952  -12.631  24.804 0.0000000000
97515  21.472  -13.474  25.395 0.0000000000
96097  21.669  -13.891  25.936 0.0000000000
96098  21.209  -13.928  26.278 0.0000000000
96076  21.580  -14.071  26.500 0.0000000000
96075  22.169  -14.139  26.430 0.0000000000
133030  40.566  5.568  7.316 0.0000000000
256719  41.228  5.539  7.355 0.0000000000
125114  29.067  1.933  13.562 0.0000000000
123924  29.635  0.806  13.177 0.0000000000
115762  31.072  -3.238  15.360 0.0000000000
115777  31.093  -2.745  15.040 0.0000000000
115761  31.705  -3.152  15.585 0.0000000000
117192  32.070  -2.739  15.327 0.0000000000
225215  32.545  -2.660  15.499 0.0000000000
115749  33.203  -2.538  16.800 0.0000000000
117180  33.215  -2.427  16.356 0.0000000000
117190  33.477  -2.373  15.442 0.0000000000
118685  33.980  -2.198  15.339 0.0000000000
141849  51.954  10.512  1.005 0.0000000000
137058  48.995  8.060  1.851 0.0000000000
88487  5.976  -17.129  37.098 0.0000000000
136979  35.551  8.225  10.673 0.0000000000
261317  35.169  7.795  10.630 0.0000000000
135714  34.870  7.300  10.599 0.0000000000
134326  34.141  6.212  10.417 0.0000000000
134306  33.861  6.105  11.068 0.0000000000
269026  33.400  4.592  10.000 0.0000000000
249074  33.277  3.853  10.023 0.0000000000
130266  33.062  4.441  10.859 0.0000000000
128931  33.284  3.296  10.174 0.0000000000
127601  33.255  2.687  10.254 0.0000000000
125162  33.431  1.354  10.422 0.0000000000
98794  19.527  -12.551  27.603 0.0000000000
100018  18.861  -11.532  27.692 0.0000000000
101236  18.524  -10.734  27.507 0.0000000000
102385  18.620  -10.462  27.089 0.0000000000
101237  18.185  -10.742  27.858 0.0000000000
227777  16.689  -10.341  27.690 0.0000000000
103496  17.938  -9.263  26.567 0.0000000000
104590  16.912  -8.812  26.467 0.0000000000
102405  16.884  -9.851  27.330 0.0000000000
102390  15.566  -10.332  27.706 0.0000000000
236739  15.153  -10.101  27.772 0.0000000000
103468  14.155  -9.998  28.102 0.0000000000
103469  13.642  -9.785  28.226 0.0000000000
103461  13.197  -9.546  28.510 0.0000000000
103528  22.164  -9.852  23.823 0.0000000000
230129  22.149  -10.210  23.495 0.0000000000
101306  21.299  -10.960  23.728 0.0000000000
101307  20.887  -11.238  23.830 0.0000000000
104641  20.682  -9.501  23.775 0.0000000000
247271  20.036  -9.519  23.876 0.0000000000
103529  20.551  -10.125  23.803 0.0000000000
100074  20.575  -11.538  24.040 0.0000000000
100059  20.390  -11.767  24.421 0.0000000000
100051  20.186  -12.052  24.920 0.0000000000
98831  19.974  -12.276  25.421 0.0000000000
250078  19.651  -11.323  24.927 0.0000000000
98817  19.750  -12.545  26.058 0.0000000000
98804  19.666  -12.700  26.789 0.0000000000
122666  28.679  0.035  17.372 0.0000000000
121391  28.604  -0.410  17.173 0.0000000000
120078  28.622  -0.768  16.849 0.0000000000
120090  28.644  -0.975  16.257 0.0000000000
120089  28.844  -1.497  15.988 0.0000000000
118686  29.228  -1.956  15.415 0.0000000000
246011  30.221  -2.860  15.287 0.0000000000
117171  28.795  -3.032  17.119 0.0000000000
115740  28.853  -3.433  16.776 0.0000000000
115739  29.181  -3.480  16.322 0.0000000000
112976  29.474  -4.541  16.194 0.0000000000
114366  29.517  -3.940  16.069 0.0000000000
115752  30.043  -3.772  15.785 0.0000000000
115763  30.437  -3.337  15.439 0.0000000000
114375  31.303  -3.695  15.848 0.0000000000
114363  32.044  -3.862  16.586 0.0000000000
114350  32.594  -3.648  17.300 0.0000000000
244402  32.101  -4.537  17.245 0.0000000000
112960  32.466  -4.179  17.477 0.0000000000
112959  32.905  -3.831  17.694 0.0000000000
141837  47.967  10.729  2.331 0.0000000000
141845  48.147  10.346  2.017 0.0000000000
140659  48.358  9.789  1.737 0.0000000000
138226  48.108  8.616  1.829 0.0000000000
140653  45.709  9.862  2.500 0.0000000000
140652  46.244  9.757  2.307 0.0000000000
139396  46.373  9.137  2.218 0.0000000000
138220  45.959  8.731  2.371 0.0000000000
138219  46.571  8.555  2.339 0.0000000000
139395  46.948  8.939  2.125 0.0000000000
139394  47.514  8.758  1.986 0.0000000000
138217  47.791  8.262  2.173 0.0000000000
137059  48.416  8.164  2.015 0.0000000000
138198  41.651  8.685  4.541 0.0000000000
236225  41.319  8.338  4.835 0.0000000000
237809  40.895  8.037  5.150 0.0000000000
138190  39.963  8.331  5.446 0.0000000000
137009  40.443  7.733  5.524 0.0000000000
135752  40.729  7.154  5.745 0.0000000000
134466  40.405  6.758  6.080 0.0000000000
134443  40.080  6.343  6.409 0.0000000000
138186  38.468  8.867  6.411 0.0000000000
237981  38.273  7.311  6.580 0.0000000000
233475  38.759  7.073  6.467 0.0000000000
137003  39.091  7.324  6.249 0.0000000000
135746  39.321  6.866  6.320 0.0000000000
133055  40.341  5.868  6.803 0.0000000000
133031  39.955  5.601  7.263 0.0000000000
232778  40.135  5.442  7.879 0.0000000000
259820  39.665  5.081  8.352 0.0000000000
138163  36.102  8.522  9.328 0.0000000000
136984  36.006  8.242  8.751 0.0000000000
136988  35.749  7.668  8.587 0.0000000000
135727  35.885  7.327  8.178 0.0000000000
133017  36.547  5.875  7.799 0.0000000000
238141  34.606  5.178  9.216 0.0000000000
132972  34.886  5.558  8.873 0.0000000000
130323  35.517  4.529  8.797 0.0000000000
132993  35.766  5.596  8.363 0.0000000000
131718  37.192  5.211  8.001 0.0000000000
131700  37.919  4.711  8.479 0.0000000000
128974  37.941  3.885  8.771 0.0000000000
130320  38.112  4.360  8.699 0.0000000000
128972  38.644  4.268  8.795 0.0000000000
108493  27.357  -6.655  19.673 0.0000000000
242784  27.785  -6.463  19.656 0.0000000000
108492  27.676  -6.976  19.795 0.0000000000
107117  28.171  -7.446  19.989 0.0000000000
105858  28.591  -8.086  20.327 0.0000000000
103579  28.151  -9.049  20.161 0.0000000000
104670  28.698  -8.803  20.435 0.0000000000
105850  28.975  -8.345  20.579 0.0000000000
141800  42.014  11.077  5.695 0.0000000000
141806  41.357  10.393  5.259 0.0000000000
140630  41.414  9.768  4.697 0.0000000000
139374  41.465  9.313  4.527 0.0000000000
105706  13.560  -8.625  28.505 0.0000000000
104551  13.274  -8.938  28.721 0.0000000000
103462  12.865  -9.912  28.839 0.0000000000
104545  12.531  -9.071  29.324 0.0000000000
103456  12.444  -9.651  29.183 0.0000000000
101200  12.532  -11.025  29.312 0.0000000000
99975  12.238  -11.402  29.714 0.0000000000
101192  11.921  -11.164  30.154 0.0000000000
99961  11.973  -11.752  30.172 0.0000000000
242184  12.341  -12.017  29.753 0.0000000000
96013  12.004  -12.985  30.199 0.0000000000
248225  10.902  -10.810  31.644 0.0000000000
99951  10.892  -11.659  31.141 0.0000000000
98710  10.434  -12.612  31.469 0.0000000000
98723  10.758  -12.332  31.096 0.0000000000
98722  11.119  -12.587  30.882 0.0000000000
97405  11.157  -13.086  30.929 0.0000000000
92973  11.613  -14.529  31.556 0.0000000000
91433  11.513  -15.305  32.144 0.0000000000
92963  10.740  -14.888  31.822 0.0000000000
91414  11.685  -15.364  32.653 0.0000000000
89900  10.437  -16.738  33.569 0.0000000000
87255  9.383  -18.164  34.969 0.0000000000
263773  8.936  -17.972  34.803 0.0000000000
94391  8.746  -15.016  33.217 0.0000000000
92924  8.687  -15.523  33.723 0.0000000000
91377  8.803  -16.039  33.773 0.0000000000
89903  8.692  -16.497  33.958 0.0000000000
87264  8.697  -17.596  34.534 0.0000000000
87256  8.447  -17.982  34.987 0.0000000000
267386  8.201  -18.159  35.312 0.0000000000
87257  7.844  -17.802  35.251 0.0000000000
87249  7.440  -17.963  35.781 0.0000000000
89859  7.161  -16.815  35.417 0.0000000000
88497  7.345  -17.379  35.604 0.0000000000
87250  6.912  -17.514  36.216 0.0000000000
97318  7.442  -13.310  36.119 0.0000000000
95855  7.421  -13.974  36.189 0.0000000000
227834  7.008  -14.740  36.488 0.0000000000
94292  6.896  -14.348  36.956 0.0000000000
91327  6.602  -15.731  36.613 0.0000000000
89817  6.470  -16.284  36.794 0.0000000000
89818  6.122  -16.644  37.084 0.0000000000
89796  6.004  -16.288  37.168 0.0000000000
121373  29.657  -0.953  18.236 0.0000000000
259610  26.660  -3.967  18.675 0.0000000000
114331  26.580  -4.568  18.627 0.0000000000
112931  26.313  -4.919  18.995 0.0000000000
259841  26.043  -3.787  19.382 0.0000000000
114320  25.944  -4.519  19.258 0.0000000000
233981  26.685  -5.947  19.287 0.0000000000
241972  26.741  -6.901  19.475 0.0000000000
107128  26.764  -7.530  19.445 0.0000000000
105872  25.827  -7.830  19.291 0.0000000000
249931  26.483  -8.116  19.423 0.0000000000
103592  27.112  -9.089  19.740 0.0000000000
103582  26.875  -9.666  19.882 0.0000000000
102492  27.416  -10.568  20.417 0.0000000000
101338  27.326  -11.349  21.205 0.0000000000
105851  24.464  -8.405  20.375 0.0000000000
104681  24.712  -8.936  20.121 0.0000000000
102505  25.142  -9.917  20.174 0.0000000000
101358  25.337  -10.689  20.772 0.0000000000
102495  25.409  -10.374  20.404 0.0000000000
102504  25.970  -10.240  20.111 0.0000000000
101356  26.530  -11.058  20.791 0.0000000000
101339  26.757  -11.373  21.263 0.0000000000
100124  27.518  -11.697  21.959 0.0000000000
101318  23.069  -11.164  22.547 0.0000000000
100109  23.399  -11.543  22.223 0.0000000000
98893  23.789  -12.495  22.759 0.0000000000
98870  21.692  -12.394  24.194 0.0000000000
98869  22.258  -12.481  23.933 0.0000000000
97572  22.792  -12.561  23.679 0.0000000000
96122  22.932  -13.472  25.063 0.0000000000
97554  23.014  -13.096  24.496 0.0000000000
97571  23.137  -12.841  24.045 0.0000000000
235446  23.697  -12.838  23.789 0.0000000000
97586  24.167  -12.808  23.481 0.0000000000
245519  24.942  -13.069  24.131 0.0000000000
135773  42.087  7.671  4.868 0.0000000000
135759  42.327  7.223  5.171 0.0000000000
268727  42.099  6.597  5.820 0.0000000000
134463  42.492  6.332  5.953 0.0000000000
127589  32.217  2.727  11.406 0.0000000000
126353  32.199  2.157  11.171 0.0000000000
263233  32.478  2.493  10.960 0.0000000000
126369  32.642  2.064  10.740 0.0000000000
125163  32.869  1.531  10.664 0.0000000000
123971  33.621  0.806  10.570 0.0000000000
122684  28.557  0.158  16.342 0.0000000000
237084  28.570  0.343  15.844 0.0000000000
122692  28.584  0.318  15.183 0.0000000000
121416  28.789  -0.792  14.723 0.0000000000
122700  28.682  -0.151  14.582 0.0000000000
122701  28.740  0.669  14.510 0.0000000000
122709  28.945  0.188  14.007 0.0000000000
122716  29.222  0.570  13.531 0.0000000000
122715  29.743  0.052  13.115 0.0000000000
117209  31.114  -2.338  14.702 0.0000000000
118704  31.092  -2.106  14.354 0.0000000000
255819  31.039  -1.998  13.839 0.0000000000
263471  31.952  -2.238  13.939 0.0000000000
118748  30.498  -1.825  13.524 0.0000000000
120167  30.305  -1.081  12.807 0.0000000000
121455  30.189  -0.388  12.738 0.0000000000
122728  30.536  -0.185  12.375 0.0000000000
122740  30.992  0.065  12.094 0.0000000000
122739  31.440  -0.043  11.935 0.0000000000
122738  31.931  -0.201  11.736 0.0000000000
120183  32.242  -1.146  12.051 0.0000000000
121490  32.449  -0.361  11.521 0.0000000000
122753  32.270  0.164  11.409 0.0000000000
122752  32.807  0.029  11.198 0.0000000000
122766  33.191  0.427  10.880 0.0000000000
122765  33.768  0.286  10.797 0.0000000000
122764  34.308  0.194  10.860 0.0000000000
121504  34.796  0.124  10.993 0.0000000000
121485  35.498  -0.269  11.538 0.0000000000
120178  35.282  -0.966  12.425 0.0000000000
121453  35.696  -0.698  12.364 0.0000000000
121468  36.114  -0.352  12.213 0.0000000000
108491  28.204  -6.504  19.707 0.0000000000
109914  28.550  -5.943  19.310 0.0000000000
109913  29.055  -5.893  19.157 0.0000000000
107115  29.190  -7.107  20.426 0.0000000000
108489  29.081  -6.220  19.754 0.0000000000
109912  29.543  -5.834  19.193 0.0000000000
107091  31.349  -6.633  21.108 0.0000000000
108437  31.538  -6.109  21.008 0.0000000000
108467  31.012  -5.876  20.213 0.0000000000
109896  31.077  -5.626  19.765 0.0000000000
109910  31.153  -5.302  19.277 0.0000000000
111410  31.605  -5.182  19.108 0.0000000000
111409  32.516  -5.211  19.144 0.0000000000
141843  49.731  10.673  1.735 0.0000000000
143080  50.802  11.044  1.810 0.0000000000
261886  51.011  10.711  1.449 0.0000000000
229482  51.376  10.400  1.104 0.0000000000
138223  49.827  8.340  1.351 0.0000000000
138233  50.008  8.880  0.985 0.0000000000
139407  50.577  8.778  0.845 0.0000000000
262769  51.325  8.131  1.039 0.0000000000
138232  51.014  8.407  0.932 0.0000000000
140662  52.291  10.203  0.686 0.0000000000
140670  52.568  9.884  0.430 0.0000000000
139412  53.234  9.249  0.078 0.0000000000
138243  53.198  8.591  0.280 0.0000000000
139411  53.748  9.250  -0.188 0.0000000000
84922  8.795  -19.157  36.178 0.0000000000
84923  8.284  -18.993  36.109 0.0000000000
86077  7.277  -18.666  36.284 0.0000000000
86086  7.943  -18.355  35.605 0.0000000000
86090  9.695  -18.501  35.411 0.0000000000
86092  8.520  -18.451  35.391 0.0000000000
87263  9.247  -17.715  34.539 0.0000000000
88525  8.497  -17.043  34.247 0.0000000000
89925  10.169  -16.369  33.196 0.0000000000
91398  9.542  -15.844  32.891 0.0000000000
91416  10.702  -15.849  32.398 0.0000000000
92961  11.782  -14.928  31.829 0.0000000000
94430  13.187  -14.452  31.689 0.0000000000
94548  22.772  -14.327  26.581 0.0000000000
94557  23.124  -14.103  26.191 0.0000000000
95999  12.813  -13.784  30.166 0.0000000000
96094  23.910  -14.118  25.949 0.0000000000
96111  23.314  -13.672  25.408 0.0000000000
96113  21.970  -13.644  25.450 0.0000000000
97556  21.460  -13.051  25.010 0.0000000000
97569  24.589  -12.919  23.815 0.0000000000
97570  24.107  -12.969  24.087 0.0000000000
97573  22.594  -12.817  24.203 0.0000000000
97585  25.140  -12.543  23.348 0.0000000000
97596  24.935  -12.435  23.072 0.0000000000
98894  23.348  -12.392  22.901 0.0000000000
98911  25.725  -12.122  22.727 0.0000000000
98927  26.038  -11.975  22.374 0.0000000000
98929  25.053  -12.019  22.238 0.0000000000
99920  8.914  -11.688  34.322 0.0000000000
99950  11.335  -11.717  30.776 0.0000000000
100105  28.499  -11.562  22.706 0.0000000000
100125  27.085  -11.582  21.725 0.0000000000
101175  10.013  -11.425  32.526 0.0000000000
101225  14.025  -10.963  28.499 0.0000000000
101327  27.536  -11.493  21.539 0.0000000000
101336  28.393  -10.803  21.406 0.0000000000
101337  27.885  -11.127  21.224 0.0000000000
101340  26.223  -11.316  21.192 0.0000000000
101355  27.109  -11.084  20.744 0.0000000000
102490  28.372  -10.017  20.727 0.0000000000
102491  27.908  -10.307  20.564 0.0000000000
102494  26.324  -10.666  20.416 0.0000000000
102502  27.136  -10.134  20.166 0.0000000000
103564  28.797  -9.700  20.934 0.0000000000
103580  27.757  -9.448  20.113 0.0000000000
103584  25.190  -9.391  19.909 0.0000000000
103585  24.623  -9.461  20.373 0.0000000000
103594  26.108  -9.253  19.605 0.0000000000
104539  11.457  -9.374  30.437 0.0000000000
104552  12.996  -9.204  28.835 0.0000000000
104678  28.017  -8.459  19.961 0.0000000000
104691  26.819  -8.601  19.558 0.0000000000
104692  26.322  -8.730  19.498 0.0000000000
105834  23.997  -8.209  22.041 0.0000000000
105859  28.244  -7.927  20.074 0.0000000000
105860  25.317  -8.315  19.502 0.0000000000
105870  27.519  -7.895  19.696 0.0000000000
107081  24.396  -7.178  21.970 0.0000000000
107119  24.703  -7.473  20.142 0.0000000000
107127  27.767  -7.443  19.863 0.0000000000
107130  25.524  -7.324  19.235 0.0000000000
108453  31.281  -5.983  20.624 0.0000000000
108456  24.651  -6.645  20.584 0.0000000000
108468  30.527  -5.904  20.023 0.0000000000
108469  29.903  -6.239  20.160 0.0000000000
108470  29.297  -6.513  20.202 0.0000000000
108490  28.631  -6.382  19.756 0.0000000000
109858  24.534  -6.430  21.551 0.0000000000
109884  31.476  -5.685  20.170 0.0000000000
109886  24.821  -6.262  20.459 0.0000000000
109897  25.500  -6.414  19.457 0.0000000000
109898  25.047  -6.426  19.922 0.0000000000
109908  32.411  -5.356  19.693 0.0000000000
109909  32.015  -5.268  19.426 0.0000000000
109917  26.935  -6.294  19.434 0.0000000000
109918  26.448  -6.302  19.370 0.0000000000
111361  24.510  -5.465  22.021 0.0000000000
111373  24.580  -6.014  21.220 0.0000000000
111387  24.817  -5.440  20.171 0.0000000000
111411  27.687  -5.696  18.976 0.0000000000
111413  26.493  -5.519  19.120 0.0000000000
111428  31.364  -5.199  18.275 0.0000000000
112909  24.499  -5.368  20.833 0.0000000000
112921  25.100  -5.009  19.776 0.0000000000
112932  25.965  -5.234  19.240 0.0000000000
112953  27.320  -4.290  18.055 0.0000000000
112964  28.684  -5.059  17.193 0.0000000000
112973  31.249  -4.621  16.479 0.0000000000
114300  25.613  -3.607  20.222 0.0000000000
114301  25.121  -4.056  20.421 0.0000000000
114362  32.439  -3.427  16.851 0.0000000000
115675  25.746  -3.265  21.335 0.0000000000
115699  25.951  -3.500  19.813 0.0000000000
115738  32.803  -2.966  17.020 0.0000000000
115764  29.704  -2.836  15.525 0.0000000000
115776  31.550  -2.765  15.146 0.0000000000
117169  33.684  -2.495  16.954 0.0000000000
117191  32.987  -2.562  15.882 0.0000000000
118719  35.267  -1.835  14.018 0.0000000000
118725  29.568  -1.690  14.359 0.0000000000
118743  33.553  -1.992  13.015 0.0000000000
118767  34.100  -1.736  12.764 0.0000000000
118769  32.820  -1.645  12.530 0.0000000000
118770  31.666  -1.871  12.993 0.0000000000
120143  35.151  -1.388  13.168 0.0000000000
120144  30.519  -1.565  13.042 0.0000000000
120159  35.959  -0.871  13.276 0.0000000000
120162  34.598  -1.481  12.543 0.0000000000
120179  34.927  -1.151  12.166 0.0000000000
120182  32.761  -1.292  12.058 0.0000000000
120200  33.780  -0.976  11.477 0.0000000000
120201  33.240  -1.053  11.667 0.0000000000
121469  35.269  -0.714  11.900 0.0000000000
121472  31.589  -0.571  11.981 0.0000000000
121484  35.934  -0.108  11.750 0.0000000000
122729  30.115  0.342  12.689 0.0000000000
122754  31.800  0.325  11.682 0.0000000000
123883  28.617  0.533  16.838 0.0000000000
123925  29.112  1.323  13.531 0.0000000000
123935  30.389  0.802  12.561 0.0000000000
123966  36.707  1.325  10.827 0.0000000000
123980  35.734  1.285  10.455 0.0000000000
127641  35.901  3.234  8.967 0.0000000000
128966  34.967  3.499  9.063 0.0000000000
132934  33.796  5.794  10.596 0.0000000000
135716  34.956  7.183  9.934 0.0000000000
139378  42.803  8.855  3.781 0.0000000000
140601  38.279  10.015  8.568 0.0000000000
226453  32.219  -4.904  18.178 0.0000000000
227637  32.053  -5.142  18.955 0.0000000000
228102  35.095  0.548  10.800 0.0000000000
230058  31.542  -5.396  19.618 0.0000000000
230062  32.888  -5.567  20.184 0.0000000000
231273  25.010  -10.991  21.095 0.0000000000
232394  34.482  -0.626  11.390 0.0000000000
233364  33.082  -2.318  13.544 0.0000000000
234062  28.052  -5.677  18.892 0.0000000000
235991  24.327  -9.860  20.990 0.0000000000
236892  13.792  -10.263  28.303 0.0000000000
237966  34.038  5.831  10.132 0.0000000000
237983  25.466  -6.019  19.631 0.0000000000
238109  24.882  -4.209  20.806 0.0000000000
241307  32.303  -1.869  12.865 0.0000000000
244935  34.338  -2.023  13.633 0.0000000000
248446  24.648  -4.852  22.240 0.0000000000
249202  25.837  -10.580  20.513 0.0000000000
251471  29.046  2.208  14.638 0.0000000000
252939  43.571  6.458  5.141 0.0000000000
254053  41.572  5.816  6.694 0.0000000000
254913  45.504  6.782  4.559 0.0000000000
255590  24.477  -6.306  21.891 0.0000000000
256130  30.896  -5.318  18.948 0.0000000000
257472  25.503  -5.264  19.480 0.0000000000
258430  32.347  -2.562  15.013 0.0000000000
258887  28.965  -3.774  16.552 0.0000000000
261321  27.310  -7.465  19.668 0.0000000000
261443  8.884  -18.267  35.079 0.0000000000
261791  25.608  -9.243  19.616 0.0000000000
262329  26.759  -11.911  22.418 0.0000000000
262604  27.521  -3.904  17.847 0.0000000000
264841  11.909  -13.314  30.418 0.0000000000
265066  26.345  -7.721  19.309 0.0000000000
265240  20.304  -13.396  26.452 0.0000000000
265389  6.457  -17.342  36.655 0.0000000000
265440  23.688  -10.788  21.877 0.0000000000
266487  39.447  10.702  7.993 0.0000000000
266781  38.989  5.896  7.074 0.0000000000
267251  31.824  -4.735  17.103 0.0000000000
269786  35.725  -0.454  11.925 0.0000000000
270211  37.426  5.904  7.569 0.0000000000
271069  34.630  3.552  9.174 0.0000000000
