#!ascii label  , from subject corrected_filled vox2ras=TkReg
1722
119795  13.031  -1.761  39.328 0.0000000000
98805  7.076  -12.522  27.084 0.0000000000
108099  6.266  -7.108  40.451 0.0000000000
119859  6.082  -1.199  35.773 0.0000000000
123698  7.223  0.234  27.997 0.0000000000
114001  9.503  -3.884  42.642 0.0000000000
121084  6.955  -0.619  40.294 0.0000000000
115447  16.296  -3.503  40.279 0.0000000000
112554  12.052  -5.263  41.421 0.0000000000
105597  8.434  -8.539  41.165 0.0000000000
224900  6.267  4.838  35.243 0.0000000000
238381  8.222  0.561  32.401 0.0000000000
129941  6.345  3.668  30.760 0.0000000000
101153  4.834  -11.114  36.663 0.0000000000
105626  5.665  -8.059  34.074 0.0000000000
112610  4.699  -4.458  37.503 0.0000000000
258848  5.380  2.641  39.310 0.0000000000
108223  7.531  -6.711  31.391 0.0000000000
112801  7.963  -4.212  28.089 0.0000000000
114252  7.247  -4.387  23.673 0.0000000000
123768  5.052  1.007  23.413 0.0000000000
118338  10.767  -2.581  41.854 0.0000000000
242607  9.989  -1.640  39.730 0.0000000000
118352  15.131  -2.349  39.691 0.0000000000
114017  14.488  -3.930  40.855 0.0000000000
116822  12.876  -3.328  41.894 0.0000000000
112539  10.846  -4.344  43.574 0.0000000000
224941  6.301  4.198  32.395 0.0000000000
247449  5.619  -8.950  38.532 0.0000000000
235551  5.361  -7.998  36.837 0.0000000000
243776  5.600  -5.727  39.327 0.0000000000
125998  8.681  2.788  39.168 0.0000000000
123580  6.029  0.430  40.245 0.0000000000
106812  7.367  -8.443  41.369 0.0000000000
102315  7.352  -10.884  39.480 0.0000000000
257841  5.758  -10.307  39.543 0.0000000000
99894  5.297  -11.940  38.255 0.0000000000
112672  5.630  -4.944  34.050 0.0000000000
106865  6.601  -7.061  32.898 0.0000000000
115534  7.055  -3.918  33.332 0.0000000000
123668  7.786  0.651  29.633 0.0000000000
119907  10.058  -1.848  30.631 0.0000000000
230283  9.705  -1.624  27.823 0.0000000000
112836  7.896  -4.759  26.506 0.0000000000
250329  9.380  -1.970  25.426 0.0000000000
111075  6.966  -5.816  43.165 0.0000000000
114012  6.133  -4.329  41.118 0.0000000000
240598  8.071  -2.741  41.386 0.0000000000
122371  8.793  -0.031  38.830 0.0000000000
112589  17.025  -5.059  38.462 0.0000000000
267972  15.605  -4.471  36.895 0.0000000000
114053  14.675  -4.262  38.552 0.0000000000
112591  12.594  -4.707  38.655 0.0000000000
108089  10.456  -6.889  41.643 0.0000000000
108087  8.791  -7.433  43.770 0.0000000000
259734  6.347  2.165  36.062 0.0000000000
122415  7.854  -0.218  34.691 0.0000000000
127279  5.849  2.388  33.823 0.0000000000
126087  5.586  2.088  31.492 0.0000000000
126105  5.205  2.196  29.591 0.0000000000
121127  15.423  -0.919  37.511 0.0000000000
111129  19.348  -5.546  36.887 0.0000000000
112583  20.514  -4.825  38.592 0.0000000000
115469  18.582  -3.486  39.114 0.0000000000
118389  16.531  -2.085  38.474 0.0000000000
97329  4.745  -13.323  35.128 0.0000000000
230217  5.239  -11.932  33.406 0.0000000000
103414  5.039  -9.898  35.582 0.0000000000
109639  5.257  -6.399  35.428 0.0000000000
116894  4.810  -2.893  36.691 0.0000000000
116862  5.066  -2.378  39.242 0.0000000000
226680  4.824  -0.991  38.240 0.0000000000
123616  5.264  0.743  37.477 0.0000000000
129867  5.242  4.191  37.280 0.0000000000
99934  6.548  -11.404  32.328 0.0000000000
101187  7.870  -11.072  30.727 0.0000000000
103463  8.530  -9.670  28.832 0.0000000000
118455  8.934  -2.846  32.414 0.0000000000
111226  8.308  -5.555  29.824 0.0000000000
105723  6.788  -8.514  27.860 0.0000000000
108313  5.627  -7.164  26.796 0.0000000000
108354  5.538  -6.938  24.680 0.0000000000
239494  7.195  3.447  28.735 0.0000000000
127385  5.162  2.145  27.266 0.0000000000
127396  5.276  3.257  25.423 0.0000000000
123739  5.998  0.410  25.799 0.0000000000
120004  7.581  -1.742  23.227 0.0000000000
118356  12.397  -2.060  40.342 0.0000000000
119797  11.797  -1.787  39.468 0.0000000000
231462  12.576  -1.460  38.565 0.0000000000
118375  14.347  -2.050  39.405 0.0000000000
116836  14.075  -2.893  41.304 0.0000000000
118342  13.152  -2.233  40.872 0.0000000000
116830  12.143  -2.971  42.110 0.0000000000
97518  6.090  -13.117  26.690 0.0000000000
100032  6.290  -11.376  26.989 0.0000000000
106820  5.675  -8.155  39.537 0.0000000000
106823  5.551  -7.870  38.770 0.0000000000
109581  5.863  -6.504  39.759 0.0000000000
114090  16.607  -4.631  35.952 0.0000000000
106816  6.416  -8.356  40.781 0.0000000000
104487  6.880  -9.571  40.779 0.0000000000
105604  5.959  -8.762  40.229 0.0000000000
103403  5.540  -10.004  39.078 0.0000000000
254425  5.810  -3.034  35.128 0.0000000000
114133  5.971  -4.556  33.420 0.0000000000
116909  6.711  -2.619  34.527 0.0000000000
123681  7.957  0.176  28.701 0.0000000000
257887  9.172  -0.736  29.010 0.0000000000
122493  8.464  -0.947  27.705 0.0000000000
119964  9.812  -1.723  26.504 0.0000000000
122525  8.460  -0.824  26.610 0.0000000000
270986  7.613  -5.388  43.035 0.0000000000
114010  7.709  -4.669  41.978 0.0000000000
115443  8.281  -3.440  41.897 0.0000000000
121092  9.209  -1.227  39.431 0.0000000000
127218  10.098  2.741  38.172 0.0000000000
114031  17.088  -4.381  39.471 0.0000000000
114051  16.337  -4.640  38.402 0.0000000000
114033  15.699  -4.188  39.445 0.0000000000
114009  13.117  -4.393  41.103 0.0000000000
253821  13.426  -4.394  39.779 0.0000000000
112558  12.542  -4.871  40.189 0.0000000000
254510  11.394  -5.833  41.482 0.0000000000
247141  10.287  -4.222  43.334 0.0000000000
236702  9.708  -6.017  42.874 0.0000000000
111069  8.914  -5.408  43.097 0.0000000000
109570  7.354  -6.298  43.850 0.0000000000
128549  5.424  3.650  35.528 0.0000000000
126061  7.073  2.214  35.150 0.0000000000
128555  5.451  3.367  34.505 0.0000000000
129908  6.663  4.114  31.742 0.0000000000
128582  5.033  3.275  31.952 0.0000000000
128596  5.513  3.662  31.136 0.0000000000
126092  5.441  2.024  30.404 0.0000000000
127345  5.294  2.876  29.916 0.0000000000
114028  18.728  -4.244  39.553 0.0000000000
249256  4.673  -12.210  35.700 0.0000000000
101161  4.643  -11.299  35.330 0.0000000000
103412  5.096  -10.143  36.255 0.0000000000
267409  5.211  -6.473  37.434 0.0000000000
240334  5.242  -6.892  36.470 0.0000000000
242310  5.348  -5.675  36.466 0.0000000000
112640  4.932  -4.763  36.060 0.0000000000
261006  4.518  -3.522  37.124 0.0000000000
261817  6.096  -3.100  40.682 0.0000000000
115449  5.402  -3.511  40.098 0.0000000000
118364  5.928  -1.746  40.088 0.0000000000
126001  5.389  1.482  39.615 0.0000000000
122362  5.068  -0.068  39.621 0.0000000000
124774  4.611  0.737  38.675 0.0000000000
122380  4.891  -0.234  37.910 0.0000000000
126017  4.481  1.263  38.254 0.0000000000
126046  4.812  1.859  37.269 0.0000000000
128507  5.241  3.637  38.600 0.0000000000
114070  14.588  -4.326  37.113 0.0000000000
114093  15.117  -4.259  36.294 0.0000000000
106819  8.812  -7.965  39.892 0.0000000000
104493  8.437  -8.950  38.379 0.0000000000
104494  8.109  -9.437  38.999 0.0000000000
99874  6.851  -12.251  38.939 0.0000000000
99884  7.272  -11.968  38.635 0.0000000000
101150  4.857  -11.397  37.401 0.0000000000
98642  4.817  -12.474  36.964 0.0000000000
245411  5.508  -10.284  33.816 0.0000000000
99936  5.914  -12.187  32.433 0.0000000000
103428  6.051  -9.773  33.218 0.0000000000
106885  7.308  -7.621  31.949 0.0000000000
104525  7.036  -8.666  31.827 0.0000000000
105661  7.408  -8.609  31.013 0.0000000000
102365  8.309  -10.385  30.161 0.0000000000
105672  8.209  -8.293  30.218 0.0000000000
258454  7.996  0.466  33.621 0.0000000000
244341  8.316  -1.204  33.894 0.0000000000
121173  9.020  -0.532  32.753 0.0000000000
114183  8.772  -3.617  28.709 0.0000000000
114158  9.011  -3.784  30.006 0.0000000000
111253  7.988  -5.015  29.043 0.0000000000
106939  7.715  -7.629  28.568 0.0000000000
108282  6.935  -6.312  28.345 0.0000000000
106968  6.017  -8.014  27.582 0.0000000000
109767  6.593  -6.110  27.609 0.0000000000
112852  7.732  -4.692  24.796 0.0000000000
111327  5.525  -5.611  25.257 0.0000000000
111333  6.026  -5.539  23.997 0.0000000000
232488  7.356  3.277  27.527 0.0000000000
127368  6.463  3.006  27.951 0.0000000000
127377  6.426  3.004  26.921 0.0000000000
127425  4.510  2.992  23.300 0.0000000000
126158  4.567  2.228  24.820 0.0000000000
124936  4.096  2.018  25.506 0.0000000000
123755  5.943  0.473  24.528 0.0000000000
121282  7.369  -0.547  24.373 0.0000000000
122563  6.319  -0.291  23.597 0.0000000000
243701  10.067  -3.093  42.668 0.0000000000
118346  9.567  -2.673  41.470 0.0000000000
118358  10.459  -2.065  40.481 0.0000000000
116845  15.986  -2.751  40.091 0.0000000000
114006  15.112  -3.787  40.615 0.0000000000
253428  14.549  -3.524  41.132 0.0000000000
113997  13.757  -3.910  41.253 0.0000000000
113999  12.279  -4.460  42.042 0.0000000000
112547  11.055  -4.945  42.684 0.0000000000
113988  11.499  -3.872  43.181 0.0000000000
116825  11.119  -3.293  43.044 0.0000000000
226700  7.451  4.963  34.569 0.0000000000
262087  6.484  4.825  33.945 0.0000000000
131284  7.494  4.802  33.563 0.0000000000
129894  7.672  4.368  32.547 0.0000000000
129917  7.915  3.970  31.489 0.0000000000
102326  5.066  -10.572  37.653 0.0000000000
104502  5.269  -9.303  37.323 0.0000000000
105612  5.528  -8.609  37.958 0.0000000000
108109  5.299  -6.818  37.789 0.0000000000
111118  5.219  -5.063  38.007 0.0000000000
123577  7.654  0.518  39.513 0.0000000000
122354  6.553  -0.053  40.315 0.0000000000
124762  7.266  1.418  39.564 0.0000000000
262702  7.303  2.648  39.894 0.0000000000
128486  6.724  4.031  39.981 0.0000000000
131236  6.607  4.929  39.342 0.0000000000
105598  8.235  -8.967  41.222 0.0000000000
103394  7.919  -9.903  40.446 0.0000000000
104485  7.632  -9.647  41.056 0.0000000000
102316  6.715  -10.766  39.735 0.0000000000
101141  6.072  -11.635  39.159 0.0000000000
245154  5.562  -12.448  38.667 0.0000000000
101142  5.603  -11.485  38.844 0.0000000000
102324  5.135  -10.771  38.257 0.0000000000
108172  5.671  -6.535  34.018 0.0000000000
105634  6.268  -7.973  33.234 0.0000000000
109667  6.014  -5.893  33.168 0.0000000000
256765  6.550  -5.935  32.762 0.0000000000
112719  7.082  -5.049  32.463 0.0000000000
123656  8.209  0.661  30.880 0.0000000000
121179  9.525  -0.504  31.632 0.0000000000
122456  9.271  -0.295  30.008 0.0000000000
246253  10.127  -1.892  29.520 0.0000000000
264051  9.024  -3.243  28.081 0.0000000000
260218  7.944  -4.086  27.494 0.0000000000
255919  8.725  -3.599  26.837 0.0000000000
115629  8.934  -3.649  25.432 0.0000000000
115650  8.381  -3.407  24.236 0.0000000000
124988  5.262  1.404  22.523 0.0000000000
121307  6.173  -0.525  22.277 0.0000000000
122597  6.199  -0.121  21.438 0.0000000000
108098  6.428  -6.967  41.431 0.0000000000
111080  6.217  -5.838  41.195 0.0000000000
112551  6.704  -5.343  42.122 0.0000000000
115445  7.104  -3.496  41.334 0.0000000000
118362  7.321  -1.660  40.419 0.0000000000
118360  8.846  -2.179  40.719 0.0000000000
119784  8.002  -1.433  40.089 0.0000000000
121094  7.891  -0.657  39.668 0.0000000000
124771  8.741  1.324  38.641 0.0000000000
112605  16.919  -4.990  37.872 0.0000000000
114066  16.641  -4.818  36.961 0.0000000000
112606  16.555  -4.785  37.651 0.0000000000
268298  14.418  -4.122  39.941 0.0000000000
114055  13.493  -4.343  38.741 0.0000000000
249454  12.596  -4.509  38.120 0.0000000000
108097  9.894  -7.106  40.445 0.0000000000
106809  9.378  -7.580  41.003 0.0000000000
111073  10.633  -6.020  42.283 0.0000000000
108090  9.888  -7.202  42.410 0.0000000000
106806  8.584  -7.811  42.285 0.0000000000
106807  7.878  -7.859  42.375 0.0000000000
247655  6.568  -7.383  42.807 0.0000000000
123630  6.095  0.673  36.178 0.0000000000
121155  6.745  -0.801  35.427 0.0000000000
123634  6.570  0.879  35.372 0.0000000000
124821  7.153  1.401  33.853 0.0000000000
124835  6.628  1.701  32.760 0.0000000000
127289  5.357  3.324  33.146 0.0000000000
126072  5.704  2.118  32.744 0.0000000000
124851  6.462  1.589  31.599 0.0000000000
124861  6.248  1.522  30.655 0.0000000000
124878  6.606  1.168  29.550 0.0000000000
123682  6.451  0.920  28.841 0.0000000000
119826  14.254  -1.523  38.199 0.0000000000
112622  17.991  -5.166  36.651 0.0000000000
111111  22.257  -5.894  37.613 0.0000000000
112582  21.568  -5.037  38.665 0.0000000000
111113  20.776  -5.788  37.458 0.0000000000
111114  20.140  -5.651  37.418 0.0000000000
112602  18.849  -5.344  38.034 0.0000000000
112603  17.741  -5.216  37.887 0.0000000000
114030  17.691  -4.320  39.579 0.0000000000
115456  17.369  -3.559  39.829 0.0000000000
118387  17.702  -2.875  38.763 0.0000000000
116860  16.480  -2.723  39.811 0.0000000000
118390  15.999  -2.037  38.476 0.0000000000
118391  15.266  -2.025  38.481 0.0000000000
225267  4.940  -10.538  34.632 0.0000000000
104514  5.314  -9.268  34.490 0.0000000000
105620  5.146  -8.811  36.016 0.0000000000
242321  5.267  -8.043  35.549 0.0000000000
252819  5.422  -6.980  34.527 0.0000000000
111158  5.587  -5.453  34.941 0.0000000000
114096  5.132  -4.162  35.637 0.0000000000
118424  5.164  -2.318  36.120 0.0000000000
266370  5.502  -4.817  40.288 0.0000000000
112571  5.065  -4.523  39.084 0.0000000000
234700  5.185  -3.351  38.697 0.0000000000
121096  5.262  -0.802  39.723 0.0000000000
118381  4.969  -2.029  39.176 0.0000000000
115476  4.692  -3.002  37.831 0.0000000000
118416  4.642  -2.309  37.390 0.0000000000
236730  4.989  -1.504  37.096 0.0000000000
122404  5.539  -0.374  37.079 0.0000000000
124812  5.397  1.432  36.903 0.0000000000
127245  5.320  2.647  36.524 0.0000000000
131260  5.663  4.718  36.187 0.0000000000
131245  6.197  5.016  38.000 0.0000000000
131251  6.982  5.129  37.180 0.0000000000
131265  7.619  4.841  36.241 0.0000000000
102328  8.431  -10.522  36.568 0.0000000000
102323  7.734  -10.783  38.768 0.0000000000
103432  6.761  -9.899  32.399 0.0000000000
101181  7.196  -11.214  31.541 0.0000000000
252268  8.127  -11.582  27.602 0.0000000000
118432  7.598  -2.014  34.128 0.0000000000
115533  8.067  -3.540  32.880 0.0000000000
112731  8.194  -4.911  31.614 0.0000000000
118464  9.741  -2.638  31.602 0.0000000000
114150  8.703  -4.373  31.093 0.0000000000
109703  8.170  -5.861  30.697 0.0000000000
105684  8.399  -8.023  29.112 0.0000000000
104559  8.133  -9.061  28.283 0.0000000000
102406  7.129  -10.449  27.290 0.0000000000
230648  6.390  -9.739  27.200 0.0000000000
111317  6.254  -5.505  26.552 0.0000000000
109796  5.110  -6.546  26.122 0.0000000000
265755  8.336  3.642  30.445 0.0000000000
129967  8.644  3.681  29.706 0.0000000000
247628  6.854  3.532  30.121 0.0000000000
128644  6.039  3.232  29.424 0.0000000000
124886  5.186  2.086  28.667 0.0000000000
124896  5.474  1.157  28.014 0.0000000000
127391  4.666  2.350  26.219 0.0000000000
123714  4.710  1.311  26.468 0.0000000000
122511  6.724  0.222  26.665 0.0000000000
122539  7.736  -0.578  25.651 0.0000000000
119993  8.452  -1.550  24.106 0.0000000000
115662  7.459  -3.209  23.238 0.0000000000
117086  6.713  -2.816  22.331 0.0000000000
118377  12.747  -1.932  39.760 0.0000000000
119796  12.481  -1.770  39.307 0.0000000000
119813  12.785  -1.592  38.917 0.0000000000
249340  13.785  -2.015  39.677 0.0000000000
118354  13.542  -2.136  40.331 0.0000000000
118376  13.269  -1.959  39.771 0.0000000000
267486  12.836  -2.134  40.650 0.0000000000
245196  7.071  -13.678  26.678 0.0000000000
271462  6.634  -12.771  27.001 0.0000000000
250283  6.124  -12.048  26.913 0.0000000000
100031  6.736  -11.948  27.094 0.0000000000
108102  5.850  -7.363  39.657 0.0000000000
112635  17.544  -5.036  36.363 0.0000000000
226454  17.258  -4.920  36.068 0.0000000000
112636  17.119  -4.923  36.501 0.0000000000
250497  6.432  -7.682  41.106 0.0000000000
106817  6.144  -7.914  40.239 0.0000000000
265368  5.684  -8.876  39.627 0.0000000000
118428  5.782  -2.430  35.199 0.0000000000
116904  6.166  -2.722  34.857 0.0000000000
118427  6.136  -2.121  34.822 0.0000000000
123689  7.533  0.225  28.300 0.0000000000
255531  7.938  -0.130  28.313 0.0000000000
122481  7.674  -0.186  27.908 0.0000000000
122508  8.421  -0.843  26.965 0.0000000000
248181  7.630  -0.284  27.434 0.0000000000
114002  8.979  -4.548  42.547 0.0000000000
114003  8.277  -4.663  42.365 0.0000000000
115439  8.734  -4.034  42.306 0.0000000000
114014  16.803  -3.936  40.004 0.0000000000
114032  16.445  -4.378  39.262 0.0000000000
114015  16.152  -4.020  40.037 0.0000000000
271037  12.757  -4.755  41.244 0.0000000000
112552  12.941  -4.768  40.678 0.0000000000
112553  12.524  -4.936  41.048 0.0000000000
112559  12.001  -5.068  40.513 0.0000000000
111077  11.524  -5.478  40.860 0.0000000000
111078  11.068  -5.939  40.899 0.0000000000
111071  11.694  -5.575  41.677 0.0000000000
113995  9.720  -4.364  42.862 0.0000000000
112541  9.832  -4.795  42.859 0.0000000000
112542  9.052  -5.024  42.835 0.0000000000
112543  8.057  -5.374  43.198 0.0000000000
260931  5.479  4.107  35.412 0.0000000000
128556  5.442  3.932  34.883 0.0000000000
129887  5.650  4.404  34.440 0.0000000000
129919  6.570  3.892  31.164 0.0000000000
129920  5.979  3.791  31.121 0.0000000000
129942  5.923  3.683  30.917 0.0000000000
128612  5.601  3.463  30.762 0.0000000000
128611  6.077  3.542  30.558 0.0000000000
99909  4.762  -11.946  36.398 0.0000000000
101157  4.778  -11.416  36.127 0.0000000000
102329  4.949  -10.629  36.465 0.0000000000
233822  5.161  -5.031  37.408 0.0000000000
111132  5.252  -5.376  36.994 0.0000000000
112617  4.892  -4.770  37.077 0.0000000000
229098  4.627  -4.275  36.878 0.0000000000
114073  4.456  -3.916  37.243 0.0000000000
118363  6.623  -1.626  40.454 0.0000000000
116848  6.170  -2.406  40.388 0.0000000000
119787  6.258  -1.146  40.400 0.0000000000
127190  5.712  2.263  39.719 0.0000000000
124764  4.996  0.782  39.581 0.0000000000
124773  4.744  1.361  39.073 0.0000000000
124787  4.505  0.887  38.146 0.0000000000
126016  4.866  2.135  38.688 0.0000000000
244911  4.928  2.799  38.176 0.0000000000
127203  5.141  2.959  38.813 0.0000000000
105601  8.486  -8.654  40.555 0.0000000000
105605  8.562  -8.692  39.709 0.0000000000
105606  8.536  -9.355  40.572 0.0000000000
98624  6.584  -12.713  38.673 0.0000000000
99902  4.874  -11.943  37.197 0.0000000000
101154  4.842  -11.547  36.774 0.0000000000
98651  4.784  -12.494  36.286 0.0000000000
103423  5.679  -9.847  33.701 0.0000000000
258688  5.793  -10.121  33.436 0.0000000000
104517  5.880  -9.156  33.590 0.0000000000
108224  7.313  -7.085  31.842 0.0000000000
105649  7.501  -8.045  31.329 0.0000000000
243312  7.828  -8.724  30.470 0.0000000000
106896  8.033  -7.628  31.016 0.0000000000
122428  8.208  0.289  33.062 0.0000000000
122427  8.593  -0.231  33.084 0.0000000000
234608  8.673  0.020  32.536 0.0000000000
112800  8.221  -4.077  28.077 0.0000000000
252744  8.358  -4.233  28.655 0.0000000000
111254  7.489  -4.944  28.464 0.0000000000
109742  7.220  -5.723  28.584 0.0000000000
109753  7.024  -5.332  28.223 0.0000000000
108297  6.711  -6.668  27.841 0.0000000000
111281  7.095  -5.090  27.886 0.0000000000
112864  7.017  -4.842  23.845 0.0000000000
112854  6.703  -5.136  24.370 0.0000000000
112865  6.443  -5.215  23.534 0.0000000000
228771  8.481  3.346  27.057 0.0000000000
128661  7.732  3.259  27.002 0.0000000000
128662  7.072  3.178  26.908 0.0000000000
128671  7.369  3.379  26.386 0.0000000000
224644  4.844  1.852  23.631 0.0000000000
126170  4.556  2.541  23.942 0.0000000000
124961  4.976  1.386  24.070 0.0000000000
124949  4.701  1.688  24.771 0.0000000000
123767  5.391  0.608  23.798 0.0000000000
122554  5.957  0.083  23.920 0.0000000000
122564  5.801  -0.016  23.339 0.0000000000
116832  10.142  -2.707  41.864 0.0000000000
118345  10.584  -2.278  41.178 0.0000000000
119815  11.504  -1.476  38.894 0.0000000000
116846  15.382  -2.642  40.216 0.0000000000
116834  15.099  -3.113  40.762 0.0000000000
116847  14.897  -2.640  40.395 0.0000000000
116837  13.477  -2.840  41.531 0.0000000000
116828  14.010  -3.358  41.544 0.0000000000
242256  13.457  -3.259  41.728 0.0000000000
113989  12.720  -3.960  41.805 0.0000000000
262025  12.660  -3.612  41.923 0.0000000000
113990  12.131  -4.058  42.212 0.0000000000
115432  12.190  -3.584  42.188 0.0000000000
116831  11.352  -2.872  42.235 0.0000000000
242806  10.579  -2.984  42.554 0.0000000000
116826  10.365  -3.409  43.229 0.0000000000
131278  7.810  4.929  34.126 0.0000000000
129893  8.356  4.431  32.692 0.0000000000
129905  8.890  4.285  32.267 0.0000000000
129906  8.123  4.181  32.093 0.0000000000
231259  8.490  4.029  31.709 0.0000000000
225472  5.247  -10.272  38.039 0.0000000000
258460  5.374  -9.775  37.814 0.0000000000
104499  5.511  -9.268  37.993 0.0000000000
263473  5.586  -6.926  39.044 0.0000000000
108106  5.440  -7.211  38.515 0.0000000000
109585  5.458  -6.564  38.371 0.0000000000
269637  5.471  -6.127  38.361 0.0000000000
111099  5.459  -5.690  38.505 0.0000000000
242556  7.807  1.093  39.290 0.0000000000
242619  7.304  0.910  39.609 0.0000000000
124761  7.769  1.706  39.240 0.0000000000
127186  8.110  3.252  39.839 0.0000000000
128476  7.401  3.771  40.038 0.0000000000
129831  7.841  4.098  40.009 0.0000000000
131235  7.250  4.762  39.866 0.0000000000
105596  7.897  -8.348  41.642 0.0000000000
105599  7.933  -9.093  41.250 0.0000000000
104491  6.446  -9.848  40.253 0.0000000000
103400  6.239  -10.314  39.882 0.0000000000
101133  6.397  -11.232  39.395 0.0000000000
102317  6.003  -10.739  39.585 0.0000000000
239319  5.751  -11.104  39.214 0.0000000000
102320  5.553  -10.573  39.170 0.0000000000
104498  5.599  -9.512  38.640 0.0000000000
103404  5.335  -10.425  38.634 0.0000000000
103406  5.437  -9.904  38.376 0.0000000000
245515  5.690  -5.959  34.268 0.0000000000
109657  5.856  -6.176  33.556 0.0000000000
231578  5.814  -5.719  33.652 0.0000000000
115535  6.479  -4.249  33.361 0.0000000000
112703  6.139  -5.028  33.267 0.0000000000
112702  6.637  -4.952  32.915 0.0000000000
111191  6.691  -5.444  32.780 0.0000000000
112701  6.942  -4.345  32.982 0.0000000000
124859  7.899  0.761  30.461 0.0000000000
122450  8.827  0.109  30.599 0.0000000000
123662  8.661  0.241  30.070 0.0000000000
122470  9.150  -0.906  28.958 0.0000000000
121203  9.401  -0.839  29.268 0.0000000000
119930  9.818  -1.832  28.303 0.0000000000
115574  9.420  -2.986  28.448 0.0000000000
115582  9.348  -3.006  27.967 0.0000000000
114212  8.552  -3.453  27.305 0.0000000000
115594  9.494  -2.989  27.316 0.0000000000
267395  9.470  -1.796  25.736 0.0000000000
118541  9.866  -2.456  25.839 0.0000000000
118542  9.637  -2.385  25.400 0.0000000000
115639  8.788  -3.553  24.800 0.0000000000
117037  9.043  -2.495  24.554 0.0000000000
231470  4.975  2.570  22.283 0.0000000000
123806  5.576  1.345  21.994 0.0000000000
123794  5.480  0.697  22.193 0.0000000000
227902  5.869  0.580  21.570 0.0000000000
109572  6.846  -6.203  42.862 0.0000000000
255410  6.662  -6.046  42.021 0.0000000000
111076  6.933  -5.732  42.403 0.0000000000
115444  7.679  -3.946  41.701 0.0000000000
114011  6.927  -4.349  41.566 0.0000000000
268285  7.691  -3.216  41.559 0.0000000000
116841  7.380  -2.744  41.096 0.0000000000
118349  7.728  -2.203  40.841 0.0000000000
119782  9.819  -1.945  40.276 0.0000000000
118347  9.057  -2.591  41.225 0.0000000000
119783  9.146  -1.848  40.338 0.0000000000
119800  8.708  -1.422  39.964 0.0000000000
121093  8.480  -1.022  39.502 0.0000000000
119801  8.020  -1.077  39.805 0.0000000000
122358  8.284  -0.447  39.305 0.0000000000
122372  8.199  0.231  39.196 0.0000000000
123591  8.783  0.624  38.719 0.0000000000
114060  16.652  -4.882  38.145 0.0000000000
262095  15.666  -4.295  38.250 0.0000000000
226482  15.948  -4.424  37.979 0.0000000000
225992  15.286  -4.283  38.027 0.0000000000
114016  15.111  -4.052  40.127 0.0000000000
112557  13.030  -4.689  39.820 0.0000000000
114035  13.330  -4.452  39.293 0.0000000000
112567  13.000  -4.565  39.022 0.0000000000
112590  13.076  -4.360  38.410 0.0000000000
112592  12.164  -4.942  38.328 0.0000000000
111098  11.198  -5.666  38.759 0.0000000000
108096  10.374  -6.792  40.727 0.0000000000
106814  9.380  -7.514  40.151 0.0000000000
108094  9.953  -7.232  41.352 0.0000000000
111067  10.713  -5.108  42.656 0.0000000000
109567  9.315  -6.782  43.688 0.0000000000
109566  9.873  -6.750  43.016 0.0000000000
108086  9.432  -7.169  43.196 0.0000000000
108091  9.090  -7.616  42.902 0.0000000000
108092  8.240  -7.764  43.234 0.0000000000
242977  6.903  -6.051  43.459 0.0000000000
109571  6.898  -6.790  43.286 0.0000000000
109575  6.578  -6.824  42.411 0.0000000000
124816  5.968  0.965  36.263 0.0000000000
123629  6.325  0.948  35.689 0.0000000000
124815  6.341  1.246  35.741 0.0000000000
126064  6.542  2.070  34.263 0.0000000000
124822  7.188  1.801  34.787 0.0000000000
254757  6.858  1.718  34.042 0.0000000000
126065  6.225  1.992  33.446 0.0000000000
131286  5.986  4.653  33.488 0.0000000000
265458  5.623  4.268  33.342 0.0000000000
129897  5.487  3.792  32.854 0.0000000000
127320  5.082  2.445  31.742 0.0000000000
127303  5.155  2.488  32.325 0.0000000000
126080  5.573  2.104  32.096 0.0000000000
126071  6.093  1.882  32.419 0.0000000000
126079  6.024  1.857  31.848 0.0000000000
126086  6.032  1.753  31.179 0.0000000000
126100  5.167  2.273  30.113 0.0000000000
124870  5.773  1.728  30.165 0.0000000000
124879  5.568  1.725  29.428 0.0000000000
124884  6.194  1.269  29.293 0.0000000000
119843  14.608  -1.269  37.819 0.0000000000
121128  14.427  -0.834  37.461 0.0000000000
121144  14.962  -0.459  37.203 0.0000000000
111147  19.443  -5.376  35.921 0.0000000000
112621  18.670  -5.313  36.303 0.0000000000
264188  18.554  -5.407  36.933 0.0000000000
114045  20.701  -4.279  38.743 0.0000000000
114044  21.233  -4.304  38.803 0.0000000000
242217  20.995  -4.749  38.685 0.0000000000
112599  21.029  -5.380  38.173 0.0000000000
112600  20.318  -5.378  38.073 0.0000000000
228397  18.285  -5.312  37.603 0.0000000000
257460  18.208  -5.255  38.192 0.0000000000
115454  18.497  -3.898  39.562 0.0000000000
114029  18.238  -4.301  39.615 0.0000000000
115455  17.895  -3.879  39.692 0.0000000000
118403  17.948  -2.480  38.281 0.0000000000
118388  17.229  -2.260  38.442 0.0000000000
118370  17.089  -2.541  38.987 0.0000000000
118371  16.454  -2.313  39.086 0.0000000000
253959  15.800  -1.182  37.754 0.0000000000
118407  15.802  -1.723  37.914 0.0000000000
232206  15.558  -1.502  37.835 0.0000000000
119810  14.901  -1.906  38.367 0.0000000000
95890  4.701  -13.758  34.592 0.0000000000
97338  4.796  -13.154  34.537 0.0000000000
101160  4.880  -10.719  35.187 0.0000000000
101164  4.770  -11.000  34.623 0.0000000000
102335  5.013  -10.197  34.969 0.0000000000
103420  5.208  -9.856  34.466 0.0000000000
103417  5.093  -9.637  34.979 0.0000000000
105618  5.142  -8.697  36.734 0.0000000000
104505  5.094  -9.362  36.712 0.0000000000
226391  5.227  -6.541  36.040 0.0000000000
106841  5.325  -7.477  35.681 0.0000000000
108142  5.252  -6.954  35.840 0.0000000000
106847  5.359  -7.471  35.068 0.0000000000
108156  5.252  -6.954  35.174 0.0000000000
109647  5.304  -6.490  34.659 0.0000000000
109630  5.408  -5.742  35.472 0.0000000000
235242  4.890  -3.924  36.223 0.0000000000
256282  5.022  -4.502  35.756 0.0000000000
115490  5.202  -3.523  36.036 0.0000000000
267726  5.356  -3.050  36.040 0.0000000000
116901  5.109  -2.908  36.281 0.0000000000
264908  6.179  -4.835  41.295 0.0000000000
111083  5.755  -5.242  40.708 0.0000000000
112556  5.842  -4.739  40.831 0.0000000000
116849  5.358  -2.919  39.582 0.0000000000
114021  5.332  -4.017  39.868 0.0000000000
115457  5.339  -3.405  39.398 0.0000000000
114036  5.260  -3.951  39.196 0.0000000000
235260  5.139  -2.808  38.969 0.0000000000
123575  6.368  0.109  40.291 0.0000000000
122355  6.087  -0.132  40.229 0.0000000000
123576  5.758  0.087  40.127 0.0000000000
243439  4.709  -0.414  38.720 0.0000000000
238535  4.892  -1.007  39.111 0.0000000000
119819  4.736  -1.410  38.403 0.0000000000
257251  4.674  -2.075  38.315 0.0000000000
118394  4.652  -1.799  38.182 0.0000000000
116889  4.628  -2.596  37.591 0.0000000000
119831  4.802  -1.314  37.826 0.0000000000
123604  4.936  0.450  37.914 0.0000000000
121134  5.043  -0.898  37.647 0.0000000000
122392  5.153  -0.282  37.521 0.0000000000
256501  5.417  -1.121  36.806 0.0000000000
122391  5.480  0.400  37.227 0.0000000000
256389  5.769  0.760  36.653 0.0000000000
123627  5.550  0.994  36.945 0.0000000000
128536  5.049  3.347  37.089 0.0000000000
127234  4.927  2.587  36.882 0.0000000000
128537  5.120  3.296  36.567 0.0000000000
129873  5.173  3.824  36.270 0.0000000000
238199  5.387  4.549  36.676 0.0000000000
131240  6.212  4.911  38.630 0.0000000000
114079  15.983  -4.618  36.755 0.0000000000
252772  16.283  -4.601  36.369 0.0000000000
103405  8.058  -10.107  37.889 0.0000000000
103408  8.420  -10.021  37.092 0.0000000000
264732  7.567  -10.169  39.947 0.0000000000
103402  7.656  -10.388  39.343 0.0000000000
102319  7.645  -10.839  39.072 0.0000000000
261078  4.604  -13.890  35.116 0.0000000000
248247  4.605  -14.201  34.707 0.0000000000
99935  6.240  -12.037  32.242 0.0000000000
97364  6.086  -13.104  32.111 0.0000000000
97386  6.315  -12.912  31.818 0.0000000000
98711  6.653  -12.741  31.546 0.0000000000
105633  6.676  -7.824  32.790 0.0000000000
104521  6.435  -8.723  32.911 0.0000000000
245845  6.805  -8.648  32.350 0.0000000000
102359  7.594  -10.090  31.291 0.0000000000
102354  7.166  -10.469  31.698 0.0000000000
101188  7.569  -10.800  31.200 0.0000000000
231898  7.398  -12.216  30.888 0.0000000000
101195  8.052  -11.312  30.329 0.0000000000
233527  8.508  -10.322  29.604 0.0000000000
101202  8.428  -11.348  29.367 0.0000000000
101211  8.550  -11.128  28.876 0.0000000000
236405  8.393  -11.449  27.921 0.0000000000
266530  8.558  -10.031  28.543 0.0000000000
121154  7.375  -0.492  35.153 0.0000000000
119863  6.986  -1.207  34.820 0.0000000000
121159  7.599  -0.936  34.589 0.0000000000
259375  8.569  -2.301  33.184 0.0000000000
118446  8.235  -2.567  33.351 0.0000000000
116928  8.468  -3.124  32.597 0.0000000000
251120  8.057  -3.955  32.575 0.0000000000
270720  8.504  -4.016  32.169 0.0000000000
267849  9.780  -1.009  31.318 0.0000000000
226404  9.794  -1.332  31.873 0.0000000000
118463  9.980  -2.433  31.065 0.0000000000
112769  8.594  -4.386  29.791 0.0000000000
115557  8.999  -4.004  30.610 0.0000000000
244499  8.329  -5.200  30.035 0.0000000000
111212  8.305  -5.097  30.731 0.0000000000
109715  8.281  -6.169  30.128 0.0000000000
267185  8.348  -6.752  29.893 0.0000000000
250650  8.217  -7.029  29.422 0.0000000000
266140  7.287  -7.642  28.299 0.0000000000
105707  7.677  -8.151  28.205 0.0000000000
104567  7.693  -8.942  27.984 0.0000000000
259989  7.450  -9.582  27.584 0.0000000000
103477  7.072  -9.519  27.490 0.0000000000
103486  6.822  -9.970  27.412 0.0000000000
104569  6.748  -8.987  27.608 0.0000000000
106969  5.847  -7.649  27.182 0.0000000000
237263  5.204  -8.171  26.624 0.0000000000
112829  7.833  -4.718  27.002 0.0000000000
112830  7.230  -5.045  27.323 0.0000000000
112838  6.622  -5.129  26.299 0.0000000000
111335  5.266  -5.927  24.834 0.0000000000
111328  5.285  -6.038  25.673 0.0000000000
108355  5.180  -6.787  25.124 0.0000000000
107021  5.124  -7.482  25.366 0.0000000000
128640  8.688  3.603  28.861 0.0000000000
128641  8.022  3.585  29.129 0.0000000000
128631  7.691  3.562  29.698 0.0000000000
128632  7.146  3.526  29.841 0.0000000000
128633  6.553  3.467  29.888 0.0000000000
128643  6.854  3.466  29.412 0.0000000000
269681  5.601  2.420  27.609 0.0000000000
127369  5.731  2.625  28.179 0.0000000000
127379  5.173  2.020  28.014 0.0000000000
124891  5.212  1.662  28.379 0.0000000000
124897  5.050  1.571  27.673 0.0000000000
128696  5.259  3.433  24.925 0.0000000000
128695  5.889  3.758  25.195 0.0000000000
128684  6.091  3.571  25.765 0.0000000000
127390  5.290  3.065  26.084 0.0000000000
231617  4.605  2.509  25.609 0.0000000000
123740  5.438  0.815  25.502 0.0000000000
124923  4.206  1.938  26.024 0.0000000000
123727  5.231  0.713  26.214 0.0000000000
123713  5.327  0.750  26.903 0.0000000000
123726  5.950  0.420  26.459 0.0000000000
122527  7.405  -0.110  26.228 0.0000000000
122540  7.192  -0.239  25.494 0.0000000000
121292  7.774  -0.887  23.962 0.0000000000
121281  7.906  -0.788  24.728 0.0000000000
119994  7.983  -1.343  23.757 0.0000000000
117072  8.360  -2.473  23.696 0.0000000000
117073  7.818  -2.627  23.228 0.0000000000
121306  6.436  -0.865  22.544 0.0000000000
256037  11.713  -2.071  40.567 0.0000000000
118357  11.120  -2.059  40.515 0.0000000000
247615  11.712  -1.958  40.019 0.0000000000
119814  12.211  -1.568  38.908 0.0000000000
119829  12.089  -1.370  38.457 0.0000000000
118339  14.587  -2.290  39.948 0.0000000000
257493  14.456  -2.640  40.680 0.0000000000
118340  14.051  -2.363  40.593 0.0000000000
118341  13.613  -2.450  41.153 0.0000000000
118335  13.176  -2.604  41.481 0.0000000000
116829  12.676  -2.975  41.876 0.0000000000
243389  12.677  -2.270  41.153 0.0000000000
118343  12.001  -2.137  40.916 0.0000000000
98808  5.687  -12.329  26.584 0.0000000000
101256  5.825  -10.993  26.712 0.0000000000
105608  5.634  -8.590  39.014 0.0000000000
108105  5.581  -7.523  39.101 0.0000000000
106813  6.639  -8.069  41.499 0.0000000000
105600  7.262  -9.101  41.080 0.0000000000
105603  6.577  -9.000  40.750 0.0000000000
104488  6.300  -9.367  40.426 0.0000000000
224662  5.851  -9.889  39.713 0.0000000000
104492  5.896  -9.385  39.957 0.0000000000
104495  5.657  -9.339  39.242 0.0000000000
112673  5.395  -4.593  34.396 0.0000000000
248960  5.644  -4.567  33.846 0.0000000000
266422  6.031  -3.800  34.262 0.0000000000
229099  6.564  -3.652  34.016 0.0000000000
256269  7.016  -3.189  34.195 0.0000000000
123675  8.072  0.386  29.220 0.0000000000
259986  8.504  0.102  29.352 0.0000000000
122464  8.353  -0.007  28.987 0.0000000000
271278  8.819  -1.041  28.434 0.0000000000
244495  9.291  -1.273  27.591 0.0000000000
119953  9.591  -1.439  27.297 0.0000000000
121229  9.320  -1.212  27.098 0.0000000000
121247  8.991  -1.048  26.712 0.0000000000
121261  8.691  -0.901  26.172 0.0000000000
112550  7.213  -5.570  42.695 0.0000000000
112549  7.769  -5.247  42.426 0.0000000000
115440  8.069  -4.083  42.032 0.0000000000
119799  9.476  -1.556  39.887 0.0000000000
122370  9.499  -0.383  38.615 0.0000000000
123590  9.411  0.317  38.457 0.0000000000
123603  9.378  1.032  38.350 0.0000000000
124785  9.885  1.437  38.152 0.0000000000
114050  16.775  -4.804  38.805 0.0000000000
114052  15.929  -4.360  38.610 0.0000000000
227077  15.347  -4.242  38.670 0.0000000000
114008  13.666  -4.011  41.075 0.0000000000
114018  13.827  -4.164  40.212 0.0000000000
114019  13.312  -4.392  40.446 0.0000000000
112568  12.579  -4.836  39.348 0.0000000000
109574  10.720  -6.400  41.011 0.0000000000
112540  10.498  -4.325  43.423 0.0000000000
227195  10.462  -4.719  42.986 0.0000000000
237684  10.069  -5.053  42.799 0.0000000000
263303  9.536  -5.469  42.895 0.0000000000
234876  9.029  -6.027  43.533 0.0000000000
109568  8.414  -6.624  44.095 0.0000000000
111070  8.066  -5.735  43.798 0.0000000000
111074  7.266  -5.661  43.504 0.0000000000
127257  6.165  2.731  35.790 0.0000000000
126058  6.744  1.938  35.693 0.0000000000
127270  5.913  2.841  34.976 0.0000000000
127280  5.600  2.884  34.134 0.0000000000
253867  5.767  3.993  32.429 0.0000000000
129909  5.948  4.004  31.907 0.0000000000
235057  5.089  3.155  31.430 0.0000000000
126088  5.262  2.625  31.121 0.0000000000
235239  5.668  2.007  31.064 0.0000000000
127339  5.194  2.774  30.746 0.0000000000
127346  5.098  2.571  30.345 0.0000000000
127354  5.054  2.404  29.860 0.0000000000
111128  20.034  -5.656  36.870 0.0000000000
114048  18.948  -4.550  39.349 0.0000000000
115468  18.957  -3.722  39.262 0.0000000000
118406  16.207  -1.758  38.007 0.0000000000
98659  4.690  -12.534  35.024 0.0000000000
99915  4.528  -11.846  35.172 0.0000000000
102332  4.990  -10.424  35.717 0.0000000000
108118  5.195  -6.753  37.134 0.0000000000
106828  5.309  -7.354  36.955 0.0000000000
109622  5.323  -6.348  36.527 0.0000000000
109631  5.365  -6.008  35.976 0.0000000000
111150  5.186  -5.330  35.907 0.0000000000
111140  4.989  -4.995  36.446 0.0000000000
230242  4.799  -4.293  36.308 0.0000000000
115485  4.679  -3.249  36.894 0.0000000000
115446  6.362  -3.641  41.094 0.0000000000
114020  5.581  -4.102  40.517 0.0000000000
116843  5.609  -3.010  40.226 0.0000000000
116861  5.546  -2.394  39.786 0.0000000000
270187  5.911  1.030  39.896 0.0000000000
123581  5.204  0.271  39.811 0.0000000000
123582  4.814  0.079  39.082 0.0000000000
122373  4.742  -0.090  38.570 0.0000000000
121118  4.904  -0.921  37.991 0.0000000000
122381  4.804  0.132  38.166 0.0000000000
123605  4.720  0.642  37.978 0.0000000000
124786  4.667  1.106  37.711 0.0000000000
124799  5.141  1.078  37.389 0.0000000000
124800  4.570  1.300  37.706 0.0000000000
127233  4.799  2.634  37.447 0.0000000000
128525  5.098  3.469  37.769 0.0000000000
114081  15.165  -4.407  36.777 0.0000000000
114080  15.575  -4.409  36.564 0.0000000000
114082  14.590  -4.271  36.497 0.0000000000
106822  9.038  -7.958  38.979 0.0000000000
104489  8.414  -9.006  39.168 0.0000000000
103401  7.891  -9.956  38.749 0.0000000000
241347  7.476  -11.263  39.098 0.0000000000
99895  5.059  -11.953  37.788 0.0000000000
98636  4.947  -12.493  37.623 0.0000000000
238097  4.666  -13.674  35.915 0.0000000000
97319  4.814  -12.887  35.751 0.0000000000
101173  5.495  -11.352  33.498 0.0000000000
99932  5.721  -11.766  32.938 0.0000000000
101172  5.879  -11.233  33.073 0.0000000000
101176  6.262  -11.003  32.708 0.0000000000
102347  6.537  -10.668  32.435 0.0000000000
106874  6.993  -7.377  32.508 0.0000000000
105639  7.055  -8.093  32.182 0.0000000000
105650  7.230  -8.367  31.556 0.0000000000
104528  7.236  -8.887  31.357 0.0000000000
103444  7.838  -9.664  30.829 0.0000000000
236719  8.188  -10.828  30.393 0.0000000000
103452  8.159  -9.849  30.331 0.0000000000
245904  8.288  -9.475  29.944 0.0000000000
104547  8.404  -9.054  29.326 0.0000000000
122414  8.087  -0.015  34.149 0.0000000000
121158  8.181  -0.654  34.180 0.0000000000
122419  8.319  -0.124  33.619 0.0000000000
121165  8.853  -0.782  33.206 0.0000000000
119885  9.340  -1.618  32.815 0.0000000000
115555  9.645  -3.230  30.019 0.0000000000
116964  9.510  -3.370  30.454 0.0000000000
115561  8.865  -3.752  29.746 0.0000000000
114178  8.664  -4.153  29.560 0.0000000000
109728  8.046  -5.652  29.406 0.0000000000
108260  7.804  -6.360  29.202 0.0000000000
108270  7.318  -6.388  28.806 0.0000000000
247772  7.204  -7.050  28.556 0.0000000000
106952  6.922  -7.947  28.034 0.0000000000
106967  6.441  -7.986  27.825 0.0000000000
106953  6.622  -7.398  27.847 0.0000000000
108298  6.501  -6.804  27.467 0.0000000000
108312  6.121  -7.044  27.165 0.0000000000
112845  7.832  -4.801  25.577 0.0000000000
112847  6.665  -5.129  25.310 0.0000000000
112855  5.967  -5.329  24.833 0.0000000000
109834  5.364  -5.919  24.159 0.0000000000
128660  8.779  3.431  27.777 0.0000000000
270205  7.485  3.400  28.155 0.0000000000
128651  6.987  3.270  28.075 0.0000000000
127378  6.173  2.769  27.490 0.0000000000
254614  5.746  2.758  27.070 0.0000000000
127403  4.550  2.792  24.344 0.0000000000
127397  4.668  2.695  24.908 0.0000000000
126148  4.015  1.956  25.432 0.0000000000
124935  4.934  1.308  25.158 0.0000000000
123754  6.076  0.452  25.151 0.0000000000
122541  6.598  0.073  25.337 0.0000000000
264527  6.434  0.088  24.820 0.0000000000
122562  6.856  -0.427  23.937 0.0000000000
121293  7.226  -0.713  23.535 0.0000000000
234036  9.437  -3.324  42.511 0.0000000000
116838  9.661  -3.022  42.307 0.0000000000
229951  9.967  -2.284  41.007 0.0000000000
118379  11.051  -1.855  39.935 0.0000000000
119816  10.404  -1.472  39.388 0.0000000000
114005  15.660  -3.727  40.405 0.0000000000
115441  15.646  -3.230  40.539 0.0000000000
115442  15.181  -3.530  40.697 0.0000000000
116835  14.631  -2.969  40.986 0.0000000000
113996  13.993  -3.474  41.475 0.0000000000
114007  14.098  -3.660  41.392 0.0000000000
113998  13.053  -4.193  41.393 0.0000000000
112544  12.772  -4.451  41.571 0.0000000000
112545  12.365  -4.928  41.722 0.0000000000
112546  11.629  -5.139  42.146 0.0000000000
114000  11.842  -4.781  42.305 0.0000000000
112538  11.286  -4.647  42.887 0.0000000000
113992  11.164  -4.115  43.517 0.0000000000
116824  11.594  -3.299  42.791 0.0000000000
115434  11.205  -3.673  43.546 0.0000000000
252184  10.800  -3.992  43.917 0.0000000000
115436  10.322  -3.753  43.609 0.0000000000
113994  10.039  -4.033  43.232 0.0000000000
131273  6.703  4.934  34.646 0.0000000000
131279  5.962  4.741  34.148 0.0000000000
235819  7.102  4.900  34.037 0.0000000000
131285  6.778  4.763  33.488 0.0000000000
131293  7.215  4.602  33.008 0.0000000000
224870  8.576  4.700  33.245 0.0000000000
131292  7.922  4.626  33.120 0.0000000000
129895  6.972  4.323  32.430 0.0000000000
129907  7.436  4.179  31.904 0.0000000000
129918  7.219  3.954  31.298 0.0000000000
129940  6.882  3.747  30.851 0.0000000000
232173  4.873  -10.846  37.217 0.0000000000
229084  5.076  -10.349  36.956 0.0000000000
103409  5.240  -9.963  37.322 0.0000000000
227590  5.477  -7.920  37.558 0.0000000000
105611  5.565  -8.242  38.321 0.0000000000
106824  5.426  -7.512  38.078 0.0000000000
229816  5.311  -7.223  37.502 0.0000000000
263263  5.371  -5.913  37.745 0.0000000000
122360  7.036  -0.075  40.128 0.0000000000
122353  6.804  -0.214  40.284 0.0000000000
123578  7.104  0.232  40.011 0.0000000000
123579  6.702  0.373  40.171 0.0000000000
124763  6.743  0.920  39.805 0.0000000000
262121  8.219  2.693  39.454 0.0000000000
125996  7.315  2.046  39.715 0.0000000000
125999  6.724  1.437  39.731 0.0000000000
125997  6.769  2.244  39.920 0.0000000000
127189  6.247  2.502  39.940 0.0000000000
128487  6.068  3.704  39.705 0.0000000000
129858  5.668  4.053  39.205 0.0000000000
129844  6.724  4.531  39.969 0.0000000000
105602  8.475  -9.320  41.007 0.0000000000
104486  8.418  -9.563  40.826 0.0000000000
104484  8.261  -9.479  41.112 0.0000000000
103393  8.004  -9.753  40.977 0.0000000000
103398  7.319  -10.127  40.406 0.0000000000
103396  7.129  -9.915  40.662 0.0000000000
103399  6.798  -10.253  40.179 0.0000000000
101132  7.059  -11.317  39.353 0.0000000000
101140  6.721  -11.749  39.185 0.0000000000
99875  6.326  -12.093  39.090 0.0000000000
98617  6.166  -12.494  38.954 0.0000000000
99876  5.809  -12.050  38.959 0.0000000000
99885  5.509  -11.868  38.614 0.0000000000
102321  5.365  -10.932  38.769 0.0000000000
101147  5.291  -11.350  38.350 0.0000000000
226661  4.984  -11.058  37.845 0.0000000000
233584  5.876  -7.487  33.845 0.0000000000
105630  5.926  -8.190  33.637 0.0000000000
106857  6.108  -7.012  33.523 0.0000000000
108202  6.278  -6.715  33.157 0.0000000000
111181  5.968  -5.455  33.418 0.0000000000
109666  6.274  -6.157  32.964 0.0000000000
263211  6.751  -6.862  32.592 0.0000000000
108214  6.723  -6.600  32.452 0.0000000000
108213  7.099  -6.575  31.932 0.0000000000
109690  7.384  -5.891  31.887 0.0000000000
123651  8.225  0.748  31.561 0.0000000000
122436  8.607  0.282  31.914 0.0000000000
122443  8.547  0.292  31.098 0.0000000000
122442  9.116  -0.098  31.043 0.0000000000
121191  9.886  -1.101  30.262 0.0000000000
122462  9.193  -0.432  29.496 0.0000000000
121196  9.855  -1.141  29.657 0.0000000000
119915  10.100  -1.681  30.092 0.0000000000
116979  9.790  -3.003  29.378 0.0000000000
114190  8.758  -3.595  28.147 0.0000000000
112812  8.026  -3.911  27.783 0.0000000000
112813  7.875  -4.133  27.632 0.0000000000
114199  8.157  -3.580  27.488 0.0000000000
114213  8.144  -3.640  27.131 0.0000000000
114222  8.421  -3.875  26.644 0.0000000000
117018  9.941  -2.528  26.374 0.0000000000
258645  8.915  -3.691  26.206 0.0000000000
114230  8.510  -3.997  25.817 0.0000000000
114231  8.196  -4.330  25.314 0.0000000000
114240  8.070  -4.287  24.634 0.0000000000
114251  7.927  -3.940  23.948 0.0000000000
126195  4.866  2.116  22.756 0.0000000000
124975  5.038  1.535  23.053 0.0000000000
123781  5.330  0.379  23.070 0.0000000000
239188  5.468  0.311  22.514 0.0000000000
122608  6.280  0.288  21.175 0.0000000000
97498  7.664  -13.065  27.148 0.0000000000
109578  6.292  -6.397  40.759 0.0000000000
109577  6.435  -6.390  41.606 0.0000000000
112555  6.251  -5.274  41.613 0.0000000000
114004  7.187  -5.171  41.991 0.0000000000
116842  6.655  -2.891  40.921 0.0000000000
118350  7.003  -2.228  40.672 0.0000000000
119785  7.406  -1.258  40.227 0.0000000000
116839  9.220  -2.985  41.916 0.0000000000
116840  8.721  -2.894  41.630 0.0000000000
118348  8.446  -2.377  41.015 0.0000000000
251097  8.563  -1.733  40.321 0.0000000000
118361  8.050  -1.840  40.437 0.0000000000
121083  7.521  -0.908  40.051 0.0000000000
121095  7.232  -0.410  40.093 0.0000000000
122359  7.581  -0.091  39.773 0.0000000000
124772  8.219  1.547  38.925 0.0000000000
126014  8.979  2.557  38.754 0.0000000000
126030  9.254  1.892  38.361 0.0000000000
112613  17.263  -5.020  37.484 0.0000000000
112624  16.979  -4.914  36.954 0.0000000000
112614  16.788  -4.861  37.355 0.0000000000
114067  16.339  -4.718  37.172 0.0000000000
114068  15.851  -4.506  37.169 0.0000000000
252475  16.379  -4.703  37.868 0.0000000000
226258  16.138  -4.579  37.545 0.0000000000
114069  15.314  -4.403  37.174 0.0000000000
114071  13.801  -4.329  37.256 0.0000000000
269827  15.611  -4.022  40.203 0.0000000000
237512  14.867  -4.212  39.289 0.0000000000
114034  13.971  -4.295  39.245 0.0000000000
114054  14.072  -4.292  38.495 0.0000000000
227641  13.761  -4.262  38.178 0.0000000000
112607  13.292  -4.329  37.817 0.0000000000
114072  13.120  -4.433  37.385 0.0000000000
111097  11.715  -5.306  38.490 0.0000000000
108101  9.859  -7.072  39.593 0.0000000000
106815  8.796  -8.006  40.720 0.0000000000
111072  11.192  -5.576  42.115 0.0000000000
111079  11.101  -6.181  41.656 0.0000000000
234938  10.737  -6.507  41.841 0.0000000000
111068  10.281  -5.511  42.638 0.0000000000
109569  10.411  -6.719  42.429 0.0000000000
106805  9.301  -7.579  41.896 0.0000000000
106810  8.781  -7.945  41.473 0.0000000000
106811  8.290  -8.235  41.716 0.0000000000
106808  7.013  -7.819  42.194 0.0000000000
108088  7.742  -7.268  43.816 0.0000000000
108093  7.352  -7.354  42.949 0.0000000000
108095  6.538  -7.498  42.064 0.0000000000
122407  6.177  0.046  36.222 0.0000000000
119864  6.328  -1.533  34.985 0.0000000000
121150  6.499  -0.386  35.946 0.0000000000
264676  6.898  0.570  35.160 0.0000000000
122410  7.324  0.288  34.987 0.0000000000
264836  6.980  1.655  35.374 0.0000000000
124817  7.126  1.401  34.552 0.0000000000
123638  7.277  0.921  34.397 0.0000000000
123637  7.577  1.005  33.729 0.0000000000
124825  7.190  1.415  33.196 0.0000000000
124834  7.157  1.482  32.561 0.0000000000
129890  5.605  4.414  33.813 0.0000000000
128561  5.394  3.404  33.802 0.0000000000
236181  5.496  2.813  33.482 0.0000000000
127304  5.118  3.152  32.445 0.0000000000
127288  5.363  2.679  32.899 0.0000000000
126066  5.679  2.324  33.263 0.0000000000
246401  6.268  1.874  32.908 0.0000000000
124844  6.501  1.691  32.209 0.0000000000
124843  7.106  1.511  31.934 0.0000000000
124850  7.103  1.336  31.297 0.0000000000
237697  7.214  1.108  30.634 0.0000000000
124860  7.480  0.872  30.095 0.0000000000
124862  5.864  1.736  30.596 0.0000000000
124869  6.302  1.443  30.121 0.0000000000
124868  7.044  1.045  29.813 0.0000000000
123676  6.897  0.844  29.139 0.0000000000
229773  7.264  0.588  28.702 0.0000000000
123690  6.769  0.600  28.310 0.0000000000
234822  13.850  -1.740  38.685 0.0000000000
269470  13.514  -1.621  38.647 0.0000000000
119844  14.071  -1.165  37.806 0.0000000000
121145  14.298  -0.258  37.135 0.0000000000
112623  17.426  -5.011  36.872 0.0000000000
112598  21.687  -5.638  38.066 0.0000000000
111115  19.464  -5.565  37.417 0.0000000000
112601  19.626  -5.382  38.069 0.0000000000
238211  18.861  -5.478  37.357 0.0000000000
112612  17.835  -5.142  37.242 0.0000000000
112565  18.404  -4.689  39.399 0.0000000000
112566  17.836  -4.778  39.305 0.0000000000
114049  17.295  -4.827  39.111 0.0000000000
114013  17.361  -3.894  39.858 0.0000000000
116844  16.878  -3.432  40.086 0.0000000000
116871  18.771  -3.191  38.672 0.0000000000
116872  18.283  -3.073  38.658 0.0000000000
116857  18.102  -3.449  39.183 0.0000000000
116858  17.586  -3.210  39.383 0.0000000000
116859  17.029  -2.908  39.668 0.0000000000
267895  16.479  -3.097  40.232 0.0000000000
118372  15.880  -2.230  39.161 0.0000000000
118373  15.387  -2.172  38.957 0.0000000000
229437  15.642  -2.017  38.419 0.0000000000
118374  14.937  -2.157  39.144 0.0000000000
118392  14.724  -2.003  38.783 0.0000000000
119811  14.177  -1.928  39.005 0.0000000000
226982  4.585  -11.951  34.624 0.0000000000
99922  4.759  -11.480  34.356 0.0000000000
99927  5.074  -11.528  33.893 0.0000000000
102342  5.186  -10.625  34.170 0.0000000000
103424  5.373  -10.031  34.117 0.0000000000
104513  5.578  -8.785  34.029 0.0000000000
264030  5.122  -9.890  36.684 0.0000000000
226047  5.062  -9.578  36.126 0.0000000000
239671  5.297  -8.072  36.177 0.0000000000
104508  5.058  -9.284  35.491 0.0000000000
105623  5.145  -8.603  35.257 0.0000000000
105627  5.341  -8.477  34.565 0.0000000000
106852  5.564  -7.588  34.439 0.0000000000
112655  5.528  -4.962  34.687 0.0000000000
266941  5.392  -5.339  35.466 0.0000000000
112656  5.240  -4.577  35.103 0.0000000000
114110  5.358  -4.287  34.852 0.0000000000
115496  5.360  -3.788  35.401 0.0000000000
116900  5.463  -2.729  35.727 0.0000000000
119860  5.431  -1.851  35.784 0.0000000000
228031  5.889  -5.785  40.252 0.0000000000
256045  5.516  -4.440  40.260 0.0000000000
112570  5.403  -5.070  39.784 0.0000000000
112593  4.905  -4.484  38.275 0.0000000000
114063  4.620  -3.966  37.815 0.0000000000
121086  6.019  -0.553  40.240 0.0000000000
119802  5.612  -1.225  39.966 0.0000000000
118380  5.335  -1.863  39.509 0.0000000000
121087  5.523  -0.274  39.938 0.0000000000
119803  5.066  -1.397  39.339 0.0000000000
116873  4.762  -2.290  38.674 0.0000000000
115475  4.797  -3.411  38.076 0.0000000000
115479  4.521  -3.489  37.532 0.0000000000
115480  4.592  -3.110  37.317 0.0000000000
116895  4.675  -2.770  37.099 0.0000000000
118420  4.730  -2.459  36.893 0.0000000000
119847  4.822  -1.453  37.628 0.0000000000
118415  4.751  -1.947  37.194 0.0000000000
118419  4.887  -2.133  36.675 0.0000000000
119856  5.130  -1.766  36.401 0.0000000000
237464  5.550  -1.364  36.231 0.0000000000
121151  5.917  -0.621  36.441 0.0000000000
122403  5.865  0.201  36.673 0.0000000000
126054  5.725  1.735  36.419 0.0000000000
126055  5.216  2.046  36.836 0.0000000000
127244  5.852  2.415  36.351 0.0000000000
127258  5.594  3.034  35.920 0.0000000000
128550  5.344  3.970  35.871 0.0000000000
129878  5.940  4.786  35.726 0.0000000000
264058  5.578  4.238  38.671 0.0000000000
129857  5.824  4.623  38.340 0.0000000000
129862  5.686  4.715  37.678 0.0000000000
131252  6.207  5.049  37.252 0.0000000000
230834  6.472  5.089  36.620 0.0000000000
131266  6.591  5.032  35.969 0.0000000000
256050  6.926  4.989  35.424 0.0000000000
131272  7.722  4.875  35.320 0.0000000000
260802  13.204  -1.296  37.989 0.0000000000
114078  16.703  -4.806  36.539 0.0000000000
114091  16.073  -4.332  35.702 0.0000000000
267372  15.473  -4.243  36.157 0.0000000000
103397  7.858  -9.861  39.564 0.0000000000
102318  7.790  -10.492  38.643 0.0000000000
101149  7.641  -11.494  37.747 0.0000000000
97365  5.786  -13.017  32.452 0.0000000000
104522  6.223  -9.149  33.162 0.0000000000
103427  6.486  -9.533  32.880 0.0000000000
265906  6.622  -10.302  32.400 0.0000000000
103431  7.097  -9.344  31.985 0.0000000000
103439  7.020  -10.021  31.985 0.0000000000
246289  6.864  -11.621  31.881 0.0000000000
99953  7.064  -12.518  31.239 0.0000000000
97407  7.240  -13.177  30.730 0.0000000000
101203  8.174  -11.619  29.915 0.0000000000
100030  7.420  -11.977  27.200 0.0000000000
119870  6.620  -1.819  34.500 0.0000000000
267986  7.075  -2.133  34.345 0.0000000000
116920  7.534  -3.091  33.822 0.0000000000
232927  8.155  -1.776  33.857 0.0000000000
118439  7.868  -2.439  33.735 0.0000000000
115518  7.647  -3.474  33.362 0.0000000000
114144  7.579  -4.308  32.584 0.0000000000
112718  7.770  -4.729  32.168 0.0000000000
111201  7.940  -5.329  31.490 0.0000000000
121180  9.096  -0.238  32.161 0.0000000000
119893  9.626  -1.811  32.405 0.0000000000
118454  9.487  -2.508  32.236 0.0000000000
116953  9.777  -3.067  31.035 0.0000000000
116954  9.539  -3.245  31.441 0.0000000000
115545  8.861  -3.810  31.880 0.0000000000
112743  8.534  -4.581  30.982 0.0000000000
111213  8.232  -5.380  30.941 0.0000000000
239233  8.035  -6.454  30.808 0.0000000000
262650  8.343  -7.334  30.614 0.0000000000
105671  8.520  -8.007  29.827 0.0000000000
239173  8.294  -8.530  28.853 0.0000000000
106926  8.145  -7.587  28.947 0.0000000000
245475  8.112  -8.550  28.383 0.0000000000
246119  8.364  -9.294  28.639 0.0000000000
102393  8.129  -10.346  27.555 0.0000000000
102394  7.726  -10.548  27.318 0.0000000000
252061  7.077  -11.439  27.147 0.0000000000
101254  6.733  -10.866  27.150 0.0000000000
101255  6.158  -10.659  26.959 0.0000000000
102408  6.036  -10.025  26.905 0.0000000000
111301  7.092  -5.134  27.689 0.0000000000
111302  6.531  -5.682  27.281 0.0000000000
109783  5.826  -6.665  26.895 0.0000000000
111318  5.685  -5.751  26.075 0.0000000000
259689  5.460  -6.252  26.317 0.0000000000
108325  5.175  -7.161  26.436 0.0000000000
106985  5.153  -7.758  26.424 0.0000000000
225291  8.445  3.789  31.170 0.0000000000
128608  8.169  3.666  30.663 0.0000000000
128609  7.471  3.649  30.512 0.0000000000
129957  8.619  3.685  30.146 0.0000000000
128619  7.404  3.572  30.124 0.0000000000
128610  6.764  3.585  30.410 0.0000000000
128620  6.295  3.482  30.194 0.0000000000
128634  5.814  3.273  29.841 0.0000000000
127353  5.286  2.785  29.626 0.0000000000
127361  6.415  3.166  28.677 0.0000000000
127362  5.404  2.727  28.986 0.0000000000
124880  5.263  1.971  29.035 0.0000000000
123683  5.927  1.027  28.453 0.0000000000
225233  6.019  0.776  27.954 0.0000000000
127384  5.232  2.721  26.680 0.0000000000
259488  4.823  2.100  26.698 0.0000000000
126136  3.904  1.926  25.830 0.0000000000
126128  4.373  1.834  26.304 0.0000000000
230008  4.804  1.717  27.020 0.0000000000
258799  5.337  0.981  27.537 0.0000000000
123712  6.026  0.609  27.446 0.0000000000
122496  6.664  0.275  27.306 0.0000000000
122510  7.273  -0.013  26.894 0.0000000000
122526  8.072  -0.611  26.259 0.0000000000
121262  8.306  -0.816  25.684 0.0000000000
121273  7.505  -0.586  25.074 0.0000000000
121280  8.446  -1.001  25.065 0.0000000000
119982  8.698  -1.383  24.685 0.0000000000
250547  8.723  -2.324  24.126 0.0000000000
115651  7.821  -3.517  23.747 0.0000000000
114265  7.343  -3.774  23.511 0.0000000000
122576  6.230  -0.442  22.926 0.0000000000
121305  6.880  -1.111  22.845 0.0000000000
118580  7.440  -2.268  22.909 0.0000000000
117085  7.212  -2.726  22.770 0.0000000000
258584  6.683  -4.669  23.264 0.0000000000
97499  7.129  -13.156  26.910 0.0000000000
97500  6.537  -13.212  26.801 0.0000000000
98688  5.562  -12.479  32.767 0.0000000000
98697  6.112  -12.586  32.129 0.0000000000
98698  5.900  -12.681  32.330 0.0000000000
98724  7.304  -12.745  30.804 0.0000000000
98796  7.761  -12.499  27.284 0.0000000000
98806  6.516  -12.378  27.031 0.0000000000
98807  6.149  -12.671  26.819 0.0000000000
99931  6.158  -11.601  32.635 0.0000000000
99941  7.146  -11.918  31.368 0.0000000000
99942  6.702  -12.217  31.638 0.0000000000
99943  6.364  -12.435  31.903 0.0000000000
99952  7.535  -11.536  30.988 0.0000000000
99963  7.733  -11.849  30.442 0.0000000000
99977  8.289  -11.949  29.438 0.0000000000
100019  8.322  -12.012  27.821 0.0000000000
100020  7.960  -12.001  27.452 0.0000000000
100033  5.630  -11.615  26.618 0.0000000000
101145  7.725  -11.075  38.029 0.0000000000
101156  4.883  -10.932  35.905 0.0000000000
101167  5.613  -10.777  33.594 0.0000000000
101168  5.136  -11.084  34.034 0.0000000000
101182  6.857  -10.957  32.039 0.0000000000
101194  8.385  -10.949  29.885 0.0000000000
101226  8.444  -10.795  27.930 0.0000000000
101242  8.100  -11.001  27.422 0.0000000000
101243  7.469  -10.992  27.165 0.0000000000
102338  5.171  -10.254  34.341 0.0000000000
102341  5.792  -10.403  33.397 0.0000000000
102345  6.036  -10.270  33.085 0.0000000000
102348  6.255  -10.537  32.782 0.0000000000
102355  6.811  -10.401  32.158 0.0000000000
102358  7.986  -10.378  30.727 0.0000000000
102375  8.619  -10.175  29.020 0.0000000000
102381  8.429  -10.158  28.059 0.0000000000
102407  6.529  -10.311  27.260 0.0000000000
102409  5.576  -10.402  26.605 0.0000000000
103395  7.603  -9.884  40.845 0.0000000000
103433  6.410  -10.093  32.694 0.0000000000
103438  7.299  -9.864  31.677 0.0000000000
103445  7.451  -9.476  31.397 0.0000000000
103451  8.382  -9.986  29.932 0.0000000000
103458  8.502  -9.717  29.405 0.0000000000
103470  8.324  -9.582  28.288 0.0000000000
103485  7.462  -9.995  27.473 0.0000000000
104490  8.425  -9.490  40.019 0.0000000000
104497  8.208  -9.524  38.133 0.0000000000
104511  5.136  -9.065  34.935 0.0000000000
104518  5.531  -9.540  34.064 0.0000000000
104533  7.610  -9.071  30.867 0.0000000000
104540  8.233  -8.829  29.902 0.0000000000
104541  7.989  -9.253  30.359 0.0000000000
104553  8.330  -9.001  28.756 0.0000000000
104568  7.263  -9.062  27.716 0.0000000000
105615  5.347  -8.635  37.387 0.0000000000
105660  7.860  -8.223  30.740 0.0000000000
105695  8.114  -8.024  28.522 0.0000000000
105721  7.795  -8.683  28.134 0.0000000000
105722  7.330  -8.576  27.966 0.0000000000
106834  5.329  -7.448  36.310 0.0000000000
106851  5.756  -7.080  34.010 0.0000000000
106866  6.387  -7.258  33.216 0.0000000000
106873  7.016  -7.011  32.229 0.0000000000
106884  7.627  -7.391  31.530 0.0000000000
106905  8.537  -7.331  30.022 0.0000000000
106906  8.338  -7.770  30.427 0.0000000000
106915  8.454  -7.603  29.456 0.0000000000
106984  5.449  -7.664  26.775 0.0000000000
106999  5.036  -7.528  26.040 0.0000000000
108187  6.012  -6.546  33.487 0.0000000000
108201  6.438  -6.547  32.840 0.0000000000
108236  8.047  -7.101  31.016 0.0000000000
108248  8.184  -6.283  29.628 0.0000000000
108249  8.296  -6.873  30.400 0.0000000000
108296  6.842  -7.171  28.160 0.0000000000
108338  5.016  -6.964  25.776 0.0000000000
109565  10.181  -6.286  42.645 0.0000000000
109584  5.587  -6.270  38.882 0.0000000000
109610  5.383  -6.096  37.056 0.0000000000
109646  5.485  -6.004  34.958 0.0000000000
109678  6.865  -6.162  32.377 0.0000000000
109679  6.547  -6.333  32.709 0.0000000000
109689  7.786  -5.983  31.233 0.0000000000
109741  7.631  -5.699  28.966 0.0000000000
109766  6.900  -5.912  28.100 0.0000000000
109782  6.282  -6.424  27.213 0.0000000000
109795  5.460  -6.659  26.630 0.0000000000
109811  5.153  -6.381  25.342 0.0000000000
109823  5.366  -6.246  24.510 0.0000000000
111086  5.313  -5.067  38.817 0.0000000000
111137  19.204  -5.439  36.476 0.0000000000
111159  5.297  -4.964  35.437 0.0000000000
111166  5.731  -5.375  34.206 0.0000000000
111174  5.804  -5.304  33.763 0.0000000000
111190  6.975  -5.606  32.394 0.0000000000
111202  7.519  -5.190  31.985 0.0000000000
111227  8.315  -5.406  30.390 0.0000000000
111239  8.324  -4.953  29.538 0.0000000000
111280  7.460  -4.686  27.889 0.0000000000
111282  6.884  -5.417  27.772 0.0000000000
111303  5.929  -6.126  26.724 0.0000000000
111334  5.509  -5.702  24.420 0.0000000000
111344  5.657  -5.836  23.760 0.0000000000
112548  8.256  -5.098  42.742 0.0000000000
112560  5.269  -4.488  39.772 0.0000000000
112628  4.803  -4.581  36.526 0.0000000000
112688  5.833  -4.989  33.608 0.0000000000
112744  8.322  -5.082  31.148 0.0000000000
112755  8.646  -4.420  30.305 0.0000000000
112785  8.393  -4.400  29.225 0.0000000000
112786  8.038  -4.448  28.525 0.0000000000
112814  7.620  -4.627  27.714 0.0000000000
112828  7.981  -3.747  27.429 0.0000000000
112831  6.879  -5.149  26.910 0.0000000000
112837  7.411  -5.017  26.819 0.0000000000
112839  6.018  -5.313  25.739 0.0000000000
112846  7.370  -5.060  25.904 0.0000000000
112853  7.295  -4.867  24.409 0.0000000000
112863  7.586  -4.620  24.171 0.0000000000
113987  11.786  -3.920  42.701 0.0000000000
113991  11.686  -4.290  42.721 0.0000000000
113993  10.640  -3.960  43.844 0.0000000000
114056  4.988  -3.952  38.485 0.0000000000
114074  4.582  -3.793  36.723 0.0000000000
114125  5.624  -4.222  34.279 0.0000000000
114138  6.343  -4.584  33.148 0.0000000000
114143  8.182  -4.288  32.244 0.0000000000
114151  8.416  -4.638  31.622 0.0000000000
114159  8.744  -4.351  30.478 0.0000000000
114167  8.755  -3.951  29.594 0.0000000000
114168  8.748  -4.215  29.880 0.0000000000
114177  8.568  -3.941  29.115 0.0000000000
114184  8.591  -3.927  28.362 0.0000000000
114191  8.462  -3.736  27.919 0.0000000000
114198  8.679  -3.494  27.792 0.0000000000
114214  8.080  -3.956  27.061 0.0000000000
114223  8.250  -4.282  26.206 0.0000000000
114239  8.477  -3.949  25.069 0.0000000000
114250  8.344  -3.862  24.507 0.0000000000
115433  11.691  -3.565  42.805 0.0000000000
115435  10.697  -3.782  43.794 0.0000000000
115437  13.240  -3.457  41.714 0.0000000000
115438  9.926  -3.486  42.972 0.0000000000
115448  5.762  -3.633  40.659 0.0000000000
115484  4.854  -3.385  36.500 0.0000000000
115495  5.516  -3.316  35.601 0.0000000000
115505  5.670  -3.673  34.840 0.0000000000
115519  7.116  -3.566  33.732 0.0000000000
115520  6.656  -3.912  33.622 0.0000000000
115521  6.084  -4.149  33.781 0.0000000000
115532  8.495  -3.516  32.410 0.0000000000
115551  9.304  -3.607  30.928 0.0000000000
115552  8.989  -3.966  31.256 0.0000000000
115556  9.127  -3.790  30.247 0.0000000000
115566  9.244  -3.425  29.515 0.0000000000
115567  8.780  -3.674  29.304 0.0000000000
115583  9.134  -3.215  28.229 0.0000000000
115595  9.049  -3.237  27.556 0.0000000000
115609  9.660  -2.980  26.708 0.0000000000
115610  9.192  -3.299  27.035 0.0000000000
115619  9.396  -3.296  25.753 0.0000000000
115628  9.262  -3.184  25.152 0.0000000000
115667  6.929  -3.176  22.681 0.0000000000
116823  12.204  -3.314  42.224 0.0000000000
116827  14.174  -3.310  41.443 0.0000000000
116833  9.019  -3.436  42.170 0.0000000000
116883  4.860  -2.830  38.382 0.0000000000
116884  4.696  -2.433  38.126 0.0000000000
116910  6.322  -3.266  34.552 0.0000000000
116929  8.198  -3.123  33.138 0.0000000000
116940  9.280  -3.032  31.929 0.0000000000
116941  8.867  -3.265  32.138 0.0000000000
116955  9.168  -3.515  31.594 0.0000000000
116984  9.769  -2.747  28.802 0.0000000000
116991  9.617  -2.630  28.226 0.0000000000
116999  9.625  -2.576  27.632 0.0000000000
117009  9.766  -2.560  27.012 0.0000000000
117019  9.744  -2.890  26.060 0.0000000000
117025  9.633  -2.778  25.493 0.0000000000
117036  9.340  -2.675  25.043 0.0000000000
117055  8.650  -2.776  24.168 0.0000000000
117056  8.091  -3.058  23.701 0.0000000000
118336  12.711  -2.737  41.754 0.0000000000
118337  12.083  -2.491  41.629 0.0000000000
118344  11.374  -2.274  41.285 0.0000000000
118351  15.517  -2.366  39.715 0.0000000000
118353  14.052  -2.146  39.959 0.0000000000
118355  12.993  -2.065  40.270 0.0000000000
118359  9.403  -2.234  40.827 0.0000000000
118378  12.246  -1.950  39.705 0.0000000000
118393  4.686  -1.834  38.564 0.0000000000
118408  4.661  -2.163  37.916 0.0000000000
118423  5.505  -2.216  35.582 0.0000000000
118433  7.341  -2.618  34.171 0.0000000000
118438  8.403  -2.066  33.475 0.0000000000
118445  9.132  -2.276  32.792 0.0000000000
118474  10.024  -2.753  30.491 0.0000000000
118493  9.973  -2.122  28.870 0.0000000000
118516  9.790  -2.015  27.293 0.0000000000
118526  9.885  -2.086  26.693 0.0000000000
118534  9.910  -2.086  26.191 0.0000000000
118550  9.215  -2.216  25.001 0.0000000000
118551  8.840  -1.946  24.465 0.0000000000
118569  8.416  -1.995  23.877 0.0000000000
118570  7.984  -2.151  23.411 0.0000000000
119786  6.812  -1.129  40.471 0.0000000000
119794  13.614  -1.884  39.248 0.0000000000
119809  15.354  -1.750  37.976 0.0000000000
119812  13.307  -1.681  38.907 0.0000000000
119818  4.789  -1.428  38.797 0.0000000000
119825  14.899  -1.630  38.039 0.0000000000
119827  13.660  -1.417  38.238 0.0000000000
119828  12.653  -1.287  38.064 0.0000000000
119842  15.183  -1.291  37.754 0.0000000000
119848  4.671  -1.862  37.736 0.0000000000
119865  5.759  -1.912  35.213 0.0000000000
119868  7.884  -1.389  34.219 0.0000000000
119869  7.258  -1.595  34.417 0.0000000000
119877  8.655  -1.379  33.486 0.0000000000
119886  8.914  -1.825  33.175 0.0000000000
119899  9.909  -1.773  31.351 0.0000000000
119908  9.844  -1.083  30.808 0.0000000000
119922  9.813  -1.497  28.830 0.0000000000
119941  9.491  -1.387  27.810 0.0000000000
119952  9.776  -1.661  26.892 0.0000000000
119965  9.518  -1.376  26.685 0.0000000000
119971  9.606  -1.653  26.099 0.0000000000
119975  9.177  -1.490  25.647 0.0000000000
119976  8.848  -1.281  25.205 0.0000000000
119981  9.021  -1.713  25.074 0.0000000000
120003  8.112  -1.730  23.685 0.0000000000
121085  6.570  -0.264  40.374 0.0000000000
121097  4.869  -0.507  39.275 0.0000000000
121109  4.771  -0.897  38.646 0.0000000000
121119  4.727  -0.477  38.293 0.0000000000
121148  5.254  -0.870  37.312 0.0000000000
121172  9.500  -0.989  32.405 0.0000000000
121185  9.551  -0.525  30.910 0.0000000000
121192  9.567  -0.579  30.367 0.0000000000
121197  9.565  -0.643  29.821 0.0000000000
121202  9.730  -1.232  29.212 0.0000000000
121208  9.576  -1.415  28.302 0.0000000000
121209  9.282  -1.013  28.943 0.0000000000
121217  9.131  -1.181  28.292 0.0000000000
121230  8.914  -1.099  27.317 0.0000000000
121260  9.159  -1.218  26.166 0.0000000000
121271  8.809  -1.065  25.657 0.0000000000
121272  7.982  -0.756  25.259 0.0000000000
121291  8.277  -1.108  24.363 0.0000000000
121294  6.721  -0.657  23.194 0.0000000000
121304  7.484  -1.172  23.315 0.0000000000
122361  6.720  0.027  40.273 0.0000000000
122363  4.778  -0.191  39.027 0.0000000000
122406  6.434  0.469  35.709 0.0000000000
122411  6.896  -0.055  35.471 0.0000000000
122435  8.959  -0.008  31.556 0.0000000000
122449  9.246  -0.196  30.537 0.0000000000
122457  8.915  -0.004  29.701 0.0000000000
122463  8.789  -0.238  29.125 0.0000000000
122471  8.808  -0.691  28.714 0.0000000000
122472  8.312  -0.288  28.674 0.0000000000
122479  8.873  -1.130  27.934 0.0000000000
122480  8.037  -0.525  27.950 0.0000000000
122494  8.047  -0.639  27.524 0.0000000000
122495  7.182  0.060  27.627 0.0000000000
122509  7.963  -0.558  26.931 0.0000000000
122528  6.687  0.152  26.005 0.0000000000
122552  6.938  -0.289  24.763 0.0000000000
122553  6.425  -0.101  24.260 0.0000000000
122577  5.801  -0.095  22.659 0.0000000000
123592  8.225  0.885  39.067 0.0000000000
123593  4.764  0.374  38.441 0.0000000000
123633  6.868  0.907  34.980 0.0000000000
123645  7.812  1.035  32.986 0.0000000000
123667  8.351  0.399  29.679 0.0000000000
123699  6.654  0.395  27.809 0.0000000000
123700  4.888  1.347  27.033 0.0000000000
123728  4.695  1.349  25.805 0.0000000000
123782  5.209  0.815  22.794 0.0000000000
124765  4.793  0.363  39.105 0.0000000000
124811  5.841  1.172  36.345 0.0000000000
124818  6.749  1.199  35.210 0.0000000000
124826  6.734  1.678  33.350 0.0000000000
124833  7.708  1.194  32.270 0.0000000000
124842  7.719  1.228  31.678 0.0000000000
124849  7.770  1.016  31.051 0.0000000000
124877  7.348  0.770  29.370 0.0000000000
124885  5.736  1.417  28.957 0.0000000000
124909  4.587  1.762  26.565 0.0000000000
124924  3.850  1.613  25.744 0.0000000000
124948  5.280  1.110  24.549 0.0000000000
126000  6.169  1.718  39.731 0.0000000000
126015  8.378  2.256  39.020 0.0000000000
126028  10.352  2.362  37.945 0.0000000000
126029  9.807  2.161  38.176 0.0000000000
126031  4.670  1.998  37.929 0.0000000000
126045  4.977  1.445  37.234 0.0000000000
126056  4.939  2.156  37.047 0.0000000000
126059  6.101  1.500  36.099 0.0000000000
126093  5.213  2.366  30.620 0.0000000000
126099  5.467  1.933  29.910 0.0000000000
126116  5.099  1.873  28.248 0.0000000000
126122  5.000  1.756  27.766 0.0000000000
126182  4.570  2.420  23.243 0.0000000000
127182  7.589  3.189  39.947 0.0000000000
127187  7.755  2.653  39.716 0.0000000000
127188  6.773  3.157  39.943 0.0000000000
127256  6.751  2.547  35.551 0.0000000000
127269  6.310  2.553  34.647 0.0000000000
127321  4.967  2.878  31.968 0.0000000000
127363  5.091  2.297  29.233 0.0000000000
127370  5.138  2.177  28.614 0.0000000000
128488  5.499  3.380  39.269 0.0000000000
128544  5.316  3.437  36.116 0.0000000000
128548  5.567  3.247  35.228 0.0000000000
128562  5.452  3.959  34.142 0.0000000000
128569  5.403  3.643  32.158 0.0000000000
128581  5.479  3.735  31.516 0.0000000000
128613  5.280  3.214  30.940 0.0000000000
128618  8.097  3.598  29.818 0.0000000000
128621  5.684  3.339  30.339 0.0000000000
128622  5.336  3.065  30.580 0.0000000000
128630  8.319  3.619  29.461 0.0000000000
128642  7.435  3.544  29.344 0.0000000000
128670  8.031  3.368  26.555 0.0000000000
128672  6.690  3.273  26.522 0.0000000000
129832  7.315  4.330  40.010 0.0000000000
129845  6.216  4.362  39.674 0.0000000000
129863  5.412  4.172  38.062 0.0000000000
129868  5.099  3.974  36.666 0.0000000000
129872  5.348  4.282  36.233 0.0000000000
129879  5.560  4.421  35.752 0.0000000000
129883  5.749  4.440  35.150 0.0000000000
129896  5.881  4.266  32.912 0.0000000000
129939  7.667  3.794  31.064 0.0000000000
131225  7.837  4.652  39.939 0.0000000000
131234  7.727  5.059  39.956 0.0000000000
131244  6.749  5.248  37.752 0.0000000000
131253  5.871  4.928  36.650 0.0000000000
131259  6.075  4.976  36.201 0.0000000000
131274  5.987  4.707  34.711 0.0000000000
131294  6.495  4.503  32.954 0.0000000000
225128  5.973  1.552  29.748 0.0000000000
225223  6.783  1.267  30.359 0.0000000000
227016  14.457  -1.841  38.538 0.0000000000
227026  8.537  -10.754  29.209 0.0000000000
227646  7.667  2.094  39.489 0.0000000000
229367  8.672  1.949  38.663 0.0000000000
229864  6.560  1.421  30.963 0.0000000000
230200  9.016  -0.012  30.218 0.0000000000
230231  6.274  -5.594  33.056 0.0000000000
230426  5.103  -8.234  26.034 0.0000000000
230969  6.787  -9.272  32.591 0.0000000000
232243  8.392  -8.505  29.383 0.0000000000
232379  9.744  -2.069  31.939 0.0000000000
232949  9.012  -3.031  24.653 0.0000000000
233147  8.545  -0.726  33.608 0.0000000000
233188  7.903  -12.203  29.950 0.0000000000
233376  6.639  5.243  38.463 0.0000000000
234362  5.990  -10.680  33.089 0.0000000000
234566  7.563  0.560  29.006 0.0000000000
234757  13.100  -1.487  38.496 0.0000000000
235117  5.292  1.958  22.329 0.0000000000
235184  6.169  -6.336  33.141 0.0000000000
235470  9.373  -3.366  26.433 0.0000000000
236890  4.701  1.967  24.300 0.0000000000
238600  8.017  3.363  27.785 0.0000000000
239018  4.548  -11.498  34.805 0.0000000000
239365  5.135  0.174  37.662 0.0000000000
240024  7.237  -5.031  25.095 0.0000000000
241685  7.523  -3.919  32.952 0.0000000000
241876  8.164  0.580  30.010 0.0000000000
242436  9.748  -2.101  27.941 0.0000000000
243526  8.566  -10.613  28.564 0.0000000000
243600  7.641  -6.982  28.891 0.0000000000
244504  8.481  -9.319  29.031 0.0000000000
245396  8.538  -0.864  28.259 0.0000000000
245899  6.117  3.934  31.416 0.0000000000
245932  7.768  3.502  28.630 0.0000000000
245963  9.102  -1.168  32.998 0.0000000000
246013  9.804  -2.211  28.433 0.0000000000
246856  8.011  -9.772  27.785 0.0000000000
247241  6.335  -7.441  27.512 0.0000000000
247336  7.835  -9.303  27.942 0.0000000000
248105  7.745  0.435  34.310 0.0000000000
248507  5.939  4.572  39.038 0.0000000000
249235  7.195  -10.464  39.907 0.0000000000
249756  6.152  -7.501  33.511 0.0000000000
250381  5.098  -11.519  37.945 0.0000000000
251697  5.928  2.964  39.746 0.0000000000
251958  4.841  1.989  23.173 0.0000000000
252246  6.472  -4.890  41.664 0.0000000000
252597  13.043  -2.991  41.807 0.0000000000
252653  7.703  -11.493  27.356 0.0000000000
252818  4.910  -2.558  36.525 0.0000000000
252949  8.615  -11.287  28.392 0.0000000000
253154  6.573  -0.666  40.463 0.0000000000
253273  4.630  -11.731  35.718 0.0000000000
253296  5.629  0.884  24.964 0.0000000000
253783  7.903  -2.952  33.539 0.0000000000
254110  14.916  -0.981  37.505 0.0000000000
254276  10.187  -2.189  30.117 0.0000000000
254738  10.118  -2.692  29.830 0.0000000000
254966  6.775  3.084  27.424 0.0000000000
255400  6.384  -1.320  22.261 0.0000000000
255955  8.395  0.476  30.461 0.0000000000
256014  5.616  4.771  37.107 0.0000000000
256236  6.149  0.456  26.980 0.0000000000
256454  6.510  -11.954  32.025 0.0000000000
256519  8.690  -4.262  31.689 0.0000000000
257302  13.859  -3.398  41.569 0.0000000000
258363  6.705  -9.447  27.374 0.0000000000
258910  9.698  -2.092  25.767 0.0000000000
259486  5.450  3.932  33.505 0.0000000000
259624  10.058  -2.566  29.294 0.0000000000
260609  8.420  0.157  32.777 0.0000000000
260917  6.525  -0.096  21.071 0.0000000000
261303  16.387  -4.746  36.768 0.0000000000
261755  8.573  -2.733  32.896 0.0000000000
262174  12.527  -1.000  37.553 0.0000000000
263430  16.926  -4.820  36.181 0.0000000000
263677  7.968  3.603  30.302 0.0000000000
263689  6.642  0.371  20.978 0.0000000000
263842  5.342  -7.986  35.000 0.0000000000
264048  6.640  -7.106  27.682 0.0000000000
264303  9.266  -3.253  28.908 0.0000000000
264757  6.137  -8.634  33.323 0.0000000000
265049  7.423  -6.318  31.603 0.0000000000
265062  5.026  1.777  28.029 0.0000000000
265156  5.985  -6.248  33.330 0.0000000000
265721  5.010  -4.163  35.866 0.0000000000
266143  5.203  1.972  39.332 0.0000000000
266290  9.322  -3.505  29.921 0.0000000000
266596  7.699  -0.322  26.579 0.0000000000
268472  7.778  -11.469  30.616 0.0000000000
268613  7.169  -4.647  32.614 0.0000000000
269302  13.976  -1.974  39.345 0.0000000000
269879  8.061  0.925  32.051 0.0000000000
270099  4.853  0.844  37.725 0.0000000000
270418  15.580  -1.845  38.001 0.0000000000
271147  5.512  0.526  39.985 0.0000000000
271323  6.902  -8.590  41.058 0.0000000000
