#!ascii label  , from subject corrected_filled vox2ras=TkReg
1198
94256  26.433  -14.555  38.620 0.0000000000
125016  42.593  1.622  20.394 0.0000000000
224581  45.015  6.419  18.430 0.0000000000
112819  44.753  -5.042  26.694 0.0000000000
95910  32.224  -13.644  32.841 0.0000000000
91318  30.272  -15.790  36.784 0.0000000000
128805  43.860  4.206  18.763 0.0000000000
128716  48.396  3.695  23.153 0.0000000000
108237  40.859  -7.036  30.416 0.0000000000
95920  37.480  -14.088  32.368 0.0000000000
225688  54.286  5.146  12.828 0.0000000000
136904  47.702  7.971  16.235 0.0000000000
117005  40.938  -2.268  27.298 0.0000000000
123703  44.428  1.149  27.030 0.0000000000
95843  29.549  -13.845  36.306 0.0000000000
92862  28.403  -15.065  37.890 0.0000000000
127481  43.542  2.891  19.514 0.0000000000
130066  46.048  4.951  21.475 0.0000000000
262418  45.767  3.000  22.542 0.0000000000
99964  42.238  -11.283  29.407 0.0000000000
94331  34.087  -15.288  34.297 0.0000000000
95924  34.968  -14.206  32.375 0.0000000000
92930  35.917  -15.828  33.294 0.0000000000
132849  52.453  5.880  13.098 0.0000000000
130205  52.009  4.399  12.879 0.0000000000
134188  51.648  6.025  15.246 0.0000000000
134161  43.713  6.076  16.453 0.0000000000
135648  44.698  7.176  14.961 0.0000000000
136865  45.808  7.454  17.986 0.0000000000
134156  47.582  6.821  17.089 0.0000000000
134159  45.870  6.110  16.690 0.0000000000
109755  42.110  -6.692  27.892 0.0000000000
114170  41.138  -3.456  30.229 0.0000000000
257067  42.496  -2.572  27.936 0.0000000000
121236  42.402  -0.390  27.567 0.0000000000
118520  44.987  -1.958  26.911 0.0000000000
121249  47.177  -0.902  26.174 0.0000000000
114200  46.970  -4.202  26.459 0.0000000000
95858  31.537  -14.031  35.281 0.0000000000
131521  42.785  4.773  16.085 0.0000000000
224577  44.573  5.682  18.883 0.0000000000
130096  45.267  5.629  19.479 0.0000000000
130080  48.837  4.157  20.516 0.0000000000
264919  39.411  -11.048  31.925 0.0000000000
103440  40.884  -9.893  31.164 0.0000000000
104542  42.572  -9.176  29.270 0.0000000000
106940  44.809  -7.913  27.527 0.0000000000
108315  45.797  -7.423  26.048 0.0000000000
98727  37.944  -12.652  30.719 0.0000000000
225188  39.286  -13.581  32.032 0.0000000000
131660  53.760  4.907  10.105 0.0000000000
135644  48.618  7.226  14.679 0.0000000000
134175  49.943  6.316  16.760 0.0000000000
132835  48.316  5.061  14.392 0.0000000000
124952  44.300  1.454  24.122 0.0000000000
126138  46.833  2.198  25.325 0.0000000000
122542  48.416  0.178  24.311 0.0000000000
92847  26.100  -15.259  38.694 0.0000000000
92846  26.998  -14.743  38.457 0.0000000000
91292  27.474  -15.722  37.904 0.0000000000
126240  42.767  2.193  19.558 0.0000000000
127454  44.697  3.085  21.173 0.0000000000
126200  44.119  2.120  21.654 0.0000000000
92918  34.625  -15.680  33.998 0.0000000000
134254  51.166  5.827  13.238 0.0000000000
134218  51.994  5.981  14.315 0.0000000000
134219  51.375  6.085  14.290 0.0000000000
134128  44.795  6.415  18.022 0.0000000000
135600  44.906  7.029  16.975 0.0000000000
134127  45.130  6.759  18.143 0.0000000000
134139  46.116  6.618  18.268 0.0000000000
111288  43.288  -5.557  27.035 0.0000000000
263915  42.232  -4.364  27.519 0.0000000000
114205  43.875  -3.996  26.670 0.0000000000
117004  43.963  -2.300  27.091 0.0000000000
239747  44.873  -3.655  26.602 0.0000000000
115597  46.562  -3.278  26.619 0.0000000000
269979  46.134  -4.546  26.616 0.0000000000
233763  30.520  -13.861  35.809 0.0000000000
92878  31.112  -15.153  36.421 0.0000000000
92889  32.174  -15.429  35.853 0.0000000000
128812  42.900  3.446  17.439 0.0000000000
128826  42.325  3.852  16.165 0.0000000000
128818  43.141  3.975  17.354 0.0000000000
270434  43.548  4.866  17.092 0.0000000000
255147  43.969  4.746  18.512 0.0000000000
130111  44.960  5.476  19.446 0.0000000000
130097  44.909  5.310  19.598 0.0000000000
130054  47.677  5.412  22.217 0.0000000000
134074  47.894  6.628  21.290 0.0000000000
130053  48.846  4.947  21.910 0.0000000000
127452  48.715  2.948  20.925 0.0000000000
126184  49.004  2.780  22.428 0.0000000000
259471  40.401  -11.896  31.687 0.0000000000
244631  40.051  -10.742  32.034 0.0000000000
101183  41.005  -11.197  31.051 0.0000000000
242890  42.470  -10.258  29.509 0.0000000000
105697  43.772  -8.414  28.006 0.0000000000
95922  36.367  -14.429  32.427 0.0000000000
97391  36.484  -13.469  31.203 0.0000000000
97371  37.655  -13.338  31.678 0.0000000000
97369  38.582  -13.095  31.991 0.0000000000
95918  38.396  -14.026  32.324 0.0000000000
134253  54.129  6.027  12.957 0.0000000000
131637  53.640  4.785  11.371 0.0000000000
130188  51.213  4.321  13.665 0.0000000000
135635  45.791  7.389  15.146 0.0000000000
135661  44.934  7.038  14.183 0.0000000000
135645  46.640  7.424  14.305 0.0000000000
135657  47.099  7.173  13.911 0.0000000000
241140  48.164  7.536  15.112 0.0000000000
135633  49.830  7.166  16.030 0.0000000000
136886  49.449  7.224  17.001 0.0000000000
134193  46.871  6.186  15.656 0.0000000000
134205  48.348  5.673  15.369 0.0000000000
231771  39.869  -7.151  31.092 0.0000000000
260472  39.905  -5.815  30.595 0.0000000000
115578  40.566  -3.067  28.944 0.0000000000
111257  40.139  -4.248  27.884 0.0000000000
122484  43.672  0.440  27.629 0.0000000000
260895  42.139  -0.003  25.897 0.0000000000
123717  43.397  1.023  26.352 0.0000000000
123759  43.296  0.862  24.196 0.0000000000
124928  44.705  1.786  25.754 0.0000000000
126151  45.738  2.235  25.099 0.0000000000
124911  45.613  1.808  26.242 0.0000000000
118535  48.178  -2.327  25.315 0.0000000000
121264  48.160  -0.765  25.252 0.0000000000
119977  48.109  -1.639  24.607 0.0000000000
122557  47.579  -0.449  23.936 0.0000000000
95780  29.079  -14.230  37.529 0.0000000000
91305  29.281  -15.432  37.342 0.0000000000
89799  29.329  -16.395  36.572 0.0000000000
91321  28.277  -16.128  37.439 0.0000000000
127489  43.844  3.460  19.312 0.0000000000
128784  44.602  4.445  19.941 0.0000000000
127470  44.545  3.427  20.598 0.0000000000
128737  46.213  4.017  22.133 0.0000000000
128728  47.254  4.149  23.049 0.0000000000
245589  33.153  -13.999  33.448 0.0000000000
95926  33.251  -13.666  32.457 0.0000000000
94377  34.292  -14.749  33.369 0.0000000000
94375  35.437  -15.113  33.033 0.0000000000
94373  36.915  -15.148  32.725 0.0000000000
253289  37.973  -15.091  32.512 0.0000000000
89906  36.993  -16.550  32.637 0.0000000000
132868  53.758  5.656  13.230 0.0000000000
131598  53.109  4.868  13.200 0.0000000000
131554  52.833  5.043  13.903 0.0000000000
131555  52.314  5.012  14.433 0.0000000000
258389  51.175  4.684  14.692 0.0000000000
266352  43.098  5.778  15.397 0.0000000000
134194  44.225  6.896  15.874 0.0000000000
224598  45.283  7.420  16.434 0.0000000000
136890  46.959  8.316  17.433 0.0000000000
136875  48.215  7.862  17.698 0.0000000000
252292  47.004  7.413  18.340 0.0000000000
134157  46.942  6.584  16.879 0.0000000000
271257  41.405  -6.858  29.124 0.0000000000
109716  40.929  -5.940  30.098 0.0000000000
111256  41.420  -5.094  28.972 0.0000000000
114185  41.979  -3.650  29.062 0.0000000000
116986  41.658  -2.266  29.096 0.0000000000
118522  41.593  -1.197  27.710 0.0000000000
118503  42.468  -1.578  28.349 0.0000000000
119943  43.861  -1.068  27.403 0.0000000000
121234  44.630  -0.370  27.195 0.0000000000
121232  45.898  -0.303  26.672 0.0000000000
245580  45.783  -1.547  26.755 0.0000000000
117012  47.504  -2.981  26.281 0.0000000000
114224  47.872  -3.977  25.323 0.0000000000
95878  29.813  -14.048  34.662 0.0000000000
95876  30.929  -13.848  34.353 0.0000000000
95894  31.832  -13.761  33.940 0.0000000000
94313  32.641  -14.613  35.133 0.0000000000
91342  33.032  -15.856  35.251 0.0000000000
131520  43.135  5.211  16.275 0.0000000000
255112  43.782  5.794  17.622 0.0000000000
255107  44.892  6.116  18.656 0.0000000000
225561  44.958  5.609  19.086 0.0000000000
130110  45.407  4.956  19.164 0.0000000000
128783  46.556  3.724  19.447 0.0000000000
132695  45.980  5.791  20.366 0.0000000000
131457  46.791  4.944  20.058 0.0000000000
227152  38.911  -10.695  30.727 0.0000000000
242688  39.304  -10.044  31.624 0.0000000000
104526  40.139  -9.298  31.830 0.0000000000
105663  41.099  -8.626  30.945 0.0000000000
101189  41.592  -11.098  30.239 0.0000000000
104534  41.822  -9.158  30.189 0.0000000000
106907  41.754  -8.155  29.716 0.0000000000
264266  42.499  -8.026  28.534 0.0000000000
106942  43.582  -7.638  27.665 0.0000000000
108302  44.755  -6.980  27.218 0.0000000000
109769  45.518  -6.539  26.784 0.0000000000
106955  45.625  -7.697  26.826 0.0000000000
99947  38.951  -11.737  31.430 0.0000000000
98701  39.258  -12.366  32.047 0.0000000000
251529  40.077  -13.471  31.481 0.0000000000
92953  39.143  -15.330  31.914 0.0000000000
250820  39.785  -15.258  31.310 0.0000000000
131674  54.704  4.825  9.445 0.0000000000
135669  49.454  6.529  13.862 0.0000000000
135642  50.620  6.568  15.168 0.0000000000
132788  51.049  6.040  16.147 0.0000000000
131541  50.155  4.808  15.029 0.0000000000
252545  48.716  6.622  16.963 0.0000000000
132817  49.187  5.156  15.170 0.0000000000
131559  49.210  4.493  14.149 0.0000000000
112773  39.933  -4.554  29.648 0.0000000000
123790  42.336  0.773  22.391 0.0000000000
124994  43.287  1.430  21.678 0.0000000000
239835  44.885  2.067  23.164 0.0000000000
126160  46.335  2.806  24.186 0.0000000000
127406  47.860  3.088  24.048 0.0000000000
122512  47.253  0.539  25.743 0.0000000000
124925  48.241  1.261  24.775 0.0000000000
245514  48.928  1.864  23.641 0.0000000000
123770  48.628  0.620  23.475 0.0000000000
111306  46.709  -5.828  26.350 0.0000000000
111330  47.399  -5.322  24.765 0.0000000000
267889  26.457  -15.069  38.626 0.0000000000
92848  25.484  -15.189  38.902 0.0000000000
94257  25.918  -14.822  38.854 0.0000000000
259813  26.666  -15.269  38.468 0.0000000000
125024  42.872  2.052  20.110 0.0000000000
126215  43.466  2.075  20.832 0.0000000000
125015  43.017  1.846  20.590 0.0000000000
265942  51.205  5.956  13.742 0.0000000000
134235  50.678  6.023  13.729 0.0000000000
134141  44.970  6.795  17.739 0.0000000000
132763  45.373  6.605  18.467 0.0000000000
255116  45.429  5.937  18.115 0.0000000000
230419  43.662  -5.272  26.833 0.0000000000
112821  43.190  -4.478  26.751 0.0000000000
112820  44.124  -4.811  26.682 0.0000000000
248825  44.327  -3.648  26.669 0.0000000000
114204  44.685  -4.341  26.596 0.0000000000
114203  45.357  -4.235  26.591 0.0000000000
112818  45.202  -4.900  26.654 0.0000000000
262770  30.359  -15.351  36.862 0.0000000000
94282  30.728  -14.621  36.488 0.0000000000
91317  30.788  -15.715  36.605 0.0000000000
91345  31.291  -16.138  36.106 0.0000000000
128806  43.495  3.951  18.245 0.0000000000
128811  43.235  3.785  17.776 0.0000000000
130122  43.536  4.343  17.904 0.0000000000
130112  44.509  5.298  19.167 0.0000000000
128797  44.605  5.021  19.486 0.0000000000
130032  47.939  4.289  23.008 0.0000000000
131399  48.534  5.167  22.043 0.0000000000
130041  48.731  4.510  22.292 0.0000000000
128725  49.044  3.644  22.224 0.0000000000
128715  48.769  3.456  22.924 0.0000000000
258763  40.783  -12.055  30.997 0.0000000000
99945  40.730  -11.476  31.419 0.0000000000
95945  36.870  -14.069  32.195 0.0000000000
95946  35.985  -14.087  32.022 0.0000000000
95966  37.268  -13.707  31.991 0.0000000000
97390  37.069  -13.449  31.482 0.0000000000
95944  37.844  -13.600  32.130 0.0000000000
95943  38.248  -13.577  32.192 0.0000000000
95919  37.951  -14.072  32.410 0.0000000000
132867  54.282  5.538  13.096 0.0000000000
134252  54.540  5.897  12.877 0.0000000000
131617  54.712  5.185  12.576 0.0000000000
236915  54.128  4.925  12.161 0.0000000000
136923  46.250  7.621  15.827 0.0000000000
136939  46.485  7.512  14.928 0.0000000000
136922  46.997  7.700  15.531 0.0000000000
136937  47.450  7.526  14.703 0.0000000000
248107  48.156  7.779  15.746 0.0000000000
136920  48.705  7.690  15.873 0.0000000000
136903  48.441  7.934  16.460 0.0000000000
134207  46.998  5.967  15.079 0.0000000000
256824  40.480  -6.762  30.801 0.0000000000
108238  39.749  -6.554  30.797 0.0000000000
109691  40.250  -6.211  30.855 0.0000000000
115587  40.703  -2.690  27.831 0.0000000000
114207  40.496  -3.260  26.252 0.0000000000
123691  43.977  0.713  27.374 0.0000000000
123706  43.377  0.869  26.863 0.0000000000
123716  43.858  1.241  26.779 0.0000000000
124915  43.881  1.364  26.230 0.0000000000
124900  44.601  1.552  26.595 0.0000000000
124912  44.973  1.838  26.304 0.0000000000
124899  45.052  1.361  26.658 0.0000000000
117027  47.959  -2.968  24.908 0.0000000000
119972  48.306  -1.704  25.086 0.0000000000
118544  47.923  -2.258  24.664 0.0000000000
119984  47.767  -1.851  24.419 0.0000000000
94267  28.195  -14.517  38.196 0.0000000000
260684  28.488  -13.980  37.636 0.0000000000
94266  28.673  -14.608  37.860 0.0000000000
92869  29.432  -14.827  37.391 0.0000000000
92870  28.941  -15.287  37.706 0.0000000000
91291  28.659  -15.584  37.565 0.0000000000
271473  28.068  -15.638  37.765 0.0000000000
126259  42.585  2.457  18.298 0.0000000000
126267  42.334  2.386  17.784 0.0000000000
126258  43.014  2.788  18.696 0.0000000000
127498  42.928  2.982  18.249 0.0000000000
127490  43.434  3.096  19.012 0.0000000000
127479  44.329  3.618  20.077 0.0000000000
127480  43.985  3.219  19.778 0.0000000000
127438  45.436  3.004  22.018 0.0000000000
127453  45.129  3.314  21.512 0.0000000000
127437  45.982  3.432  22.355 0.0000000000
128729  46.584  3.842  22.802 0.0000000000
127427  46.230  3.260  22.961 0.0000000000
243327  33.541  -14.888  34.373 0.0000000000
95908  33.777  -14.339  33.289 0.0000000000
94354  33.931  -14.817  33.832 0.0000000000
92917  35.273  -15.785  33.586 0.0000000000
94352  35.033  -15.394  33.447 0.0000000000
92931  35.619  -15.498  33.224 0.0000000000
94374  36.099  -15.200  32.885 0.0000000000
248926  36.378  -15.517  32.932 0.0000000000
92929  36.955  -15.558  32.718 0.0000000000
132870  52.278  5.871  12.731 0.0000000000
132869  52.865  5.921  12.929 0.0000000000
132886  53.434  6.079  12.861 0.0000000000
264856  53.135  5.729  13.393 0.0000000000
131553  53.290  5.362  13.667 0.0000000000
265667  52.893  5.558  13.853 0.0000000000
134202  51.870  5.885  14.884 0.0000000000
131537  52.402  5.409  14.512 0.0000000000
132815  51.924  5.700  14.949 0.0000000000
131556  51.771  4.840  14.630 0.0000000000
271366  51.734  5.458  15.222 0.0000000000
134183  43.528  6.069  15.986 0.0000000000
134195  43.779  6.497  15.560 0.0000000000
134182  43.901  6.450  16.204 0.0000000000
135582  45.311  7.107  17.621 0.0000000000
254547  44.677  7.145  16.178 0.0000000000
135599  45.508  7.399  17.221 0.0000000000
135598  45.865  7.679  16.962 0.0000000000
136891  46.434  7.995  17.527 0.0000000000
136863  47.009  8.074  18.353 0.0000000000
238407  46.630  7.655  18.442 0.0000000000
134140  45.748  6.211  17.695 0.0000000000
134158  46.303  6.413  17.211 0.0000000000
134179  46.438  6.253  16.238 0.0000000000
134180  45.782  6.005  15.952 0.0000000000
253501  41.631  -6.786  28.669 0.0000000000
259388  41.398  -6.270  28.859 0.0000000000
243059  41.531  -5.966  28.363 0.0000000000
114192  42.599  -3.989  27.241 0.0000000000
112803  41.981  -4.371  28.109 0.0000000000
115586  42.282  -2.864  28.214 0.0000000000
236867  41.634  -2.620  29.535 0.0000000000
115575  42.017  -2.330  28.738 0.0000000000
116985  42.166  -1.902  28.590 0.0000000000
116993  42.597  -2.094  28.108 0.0000000000
117003  44.415  -2.086  26.964 0.0000000000
118509  43.671  -1.626  27.386 0.0000000000
118521  44.237  -1.557  27.150 0.0000000000
119942  44.159  -0.558  27.433 0.0000000000
247478  45.116  -1.464  26.930 0.0000000000
119955  45.146  -0.911  26.895 0.0000000000
118519  45.814  -2.231  26.709 0.0000000000
261366  46.705  -3.638  26.609 0.0000000000
117000  47.058  -3.142  26.523 0.0000000000
115613  47.397  -3.448  26.368 0.0000000000
254280  47.787  -3.176  26.013 0.0000000000
114216  47.775  -4.008  25.769 0.0000000000
95861  29.249  -13.968  35.782 0.0000000000
94334  29.306  -14.281  34.538 0.0000000000
257829  29.675  -13.791  35.820 0.0000000000
95859  31.068  -13.984  35.548 0.0000000000
230213  30.664  -13.859  35.111 0.0000000000
261629  31.171  -13.888  35.000 0.0000000000
255829  31.339  -13.798  33.944 0.0000000000
95875  31.621  -13.846  34.628 0.0000000000
95874  32.328  -14.006  34.546 0.0000000000
95857  32.119  -14.292  35.249 0.0000000000
130136  42.739  4.231  16.391 0.0000000000
224648  43.953  5.167  18.208 0.0000000000
224442  43.739  5.297  17.655 0.0000000000
224526  44.335  5.858  18.281 0.0000000000
224557  44.461  6.122  18.088 0.0000000000
224440  45.008  5.960  18.886 0.0000000000
224438  45.382  4.936  19.091 0.0000000000
130109  45.930  3.970  19.157 0.0000000000
130095  45.834  4.910  19.579 0.0000000000
130083  45.298  4.857  20.560 0.0000000000
130084  45.010  5.079  20.066 0.0000000000
131423  46.090  5.515  21.043 0.0000000000
131438  48.390  5.557  20.959 0.0000000000
132715  47.697  6.163  20.740 0.0000000000
257884  48.262  4.278  20.084 0.0000000000
251487  47.990  3.778  19.831 0.0000000000
248276  48.506  3.882  20.124 0.0000000000
101191  39.029  -10.826  31.210 0.0000000000
102362  39.085  -10.240  31.034 0.0000000000
102357  39.238  -10.512  31.618 0.0000000000
102356  40.581  -10.508  31.615 0.0000000000
102349  40.031  -10.286  31.969 0.0000000000
103434  40.591  -9.454  31.498 0.0000000000
105640  40.615  -8.778  31.451 0.0000000000
104529  40.942  -9.226  31.103 0.0000000000
99965  41.662  -11.345  30.087 0.0000000000
101197  41.911  -11.123  29.902 0.0000000000
103453  42.650  -9.622  29.327 0.0000000000
103454  42.071  -10.000  29.930 0.0000000000
104543  42.058  -8.994  29.861 0.0000000000
105674  41.904  -8.475  29.842 0.0000000000
105686  42.063  -8.375  29.418 0.0000000000
106917  41.913  -7.956  29.172 0.0000000000
106916  42.480  -8.422  28.920 0.0000000000
105711  44.415  -8.235  27.788 0.0000000000
106928  43.291  -8.025  27.999 0.0000000000
106941  44.336  -7.811  27.628 0.0000000000
257273  44.159  -6.597  27.208 0.0000000000
108284  44.689  -7.543  27.397 0.0000000000
108301  45.222  -7.089  27.082 0.0000000000
255468  45.145  -7.900  27.347 0.0000000000
240646  34.303  -13.911  32.277 0.0000000000
95949  33.659  -13.700  32.031 0.0000000000
97372  34.044  -13.678  31.598 0.0000000000
98728  37.430  -12.958  30.613 0.0000000000
237583  37.475  -12.641  30.044 0.0000000000
98742  37.960  -12.338  30.147 0.0000000000
99956  38.686  -11.751  30.940 0.0000000000
98726  38.358  -12.293  30.841 0.0000000000
97368  39.050  -13.030  32.126 0.0000000000
98702  38.810  -12.550  31.880 0.0000000000
97367  39.454  -13.059  32.106 0.0000000000
97366  39.878  -13.001  31.875 0.0000000000
95965  39.685  -13.748  31.741 0.0000000000
253740  38.449  -15.189  32.339 0.0000000000
94437  40.106  -14.891  31.049 0.0000000000
131648  54.048  4.920  10.794 0.0000000000
131659  54.546  4.952  10.227 0.0000000000
226964  53.501  4.913  9.593 0.0000000000
130186  52.546  4.671  13.342 0.0000000000
134209  43.929  6.550  14.908 0.0000000000
252529  44.051  6.527  14.354 0.0000000000
236925  44.394  6.864  14.624 0.0000000000
136945  47.705  7.278  14.367 0.0000000000
227810  47.694  7.011  13.761 0.0000000000
135656  48.200  7.053  14.074 0.0000000000
135670  48.229  6.808  13.610 0.0000000000
226802  48.776  6.894  14.013 0.0000000000
135654  50.026  6.627  14.510 0.0000000000
135655  49.359  6.971  14.562 0.0000000000
134153  50.311  6.697  16.905 0.0000000000
135617  50.477  6.704  16.727 0.0000000000
132789  50.703  6.072  16.461 0.0000000000
132802  50.777  5.806  16.187 0.0000000000
132803  50.128  5.566  15.972 0.0000000000
253863  48.247  6.993  17.281 0.0000000000
135596  48.941  7.143  17.237 0.0000000000
132819  48.055  5.490  14.776 0.0000000000
132818  48.632  5.317  14.950 0.0000000000
132834  48.894  4.866  14.564 0.0000000000
131560  48.594  4.625  13.858 0.0000000000
112756  41.042  -4.161  30.189 0.0000000000
262885  40.347  -4.350  30.233 0.0000000000
112757  40.525  -3.830  30.144 0.0000000000
119957  41.915  -0.788  27.392 0.0000000000
260272  42.012  0.085  25.300 0.0000000000
123758  43.841  1.221  24.344 0.0000000000
123774  43.120  0.846  23.363 0.0000000000
123789  42.944  0.961  22.661 0.0000000000
123800  42.848  1.110  22.023 0.0000000000
124964  44.106  1.467  23.273 0.0000000000
124979  44.456  1.832  22.866 0.0000000000
124963  44.652  1.734  23.560 0.0000000000
242884  46.123  2.315  25.227 0.0000000000
126161  45.812  2.402  24.451 0.0000000000
265756  46.923  2.749  24.743 0.0000000000
227496  47.337  2.921  24.437 0.0000000000
126137  47.291  2.490  25.063 0.0000000000
231721  46.512  -0.905  26.497 0.0000000000
122513  46.650  0.338  26.201 0.0000000000
225585  47.213  -0.235  25.938 0.0000000000
122543  48.336  0.102  24.637 0.0000000000
229042  47.873  0.510  25.251 0.0000000000
260520  48.553  1.004  24.507 0.0000000000
124938  48.521  1.477  24.442 0.0000000000
240333  48.814  1.047  24.220 0.0000000000
124962  48.965  1.440  23.432 0.0000000000
123757  48.548  0.414  23.819 0.0000000000
122566  47.843  0.002  23.707 0.0000000000
108299  45.969  -6.820  26.591 0.0000000000
109768  46.083  -6.175  26.557 0.0000000000
109785  46.467  -6.428  26.235 0.0000000000
241319  27.798  -14.252  38.358 0.0000000000
242365  27.590  -14.636  38.393 0.0000000000
92863  27.820  -15.129  38.100 0.0000000000
92864  27.233  -15.204  38.274 0.0000000000
91293  26.881  -15.706  38.156 0.0000000000
126250  42.681  2.305  18.951 0.0000000000
126239  43.189  2.461  19.810 0.0000000000
126238  43.665  2.712  20.041 0.0000000000
126228  43.794  2.530  20.572 0.0000000000
126213  44.455  2.546  21.357 0.0000000000
126198  45.048  2.593  22.089 0.0000000000
92906  34.081  -15.715  34.633 0.0000000000
91366  34.353  -16.152  34.299 0.0000000000
91365  34.904  -16.164  33.859 0.0000000000
132850  51.928  5.859  13.216 0.0000000000
134234  52.085  5.912  13.700 0.0000000000
233343  51.661  5.933  13.762 0.0000000000
250246  51.752  6.027  14.873 0.0000000000
224554  44.224  6.156  17.398 0.0000000000
224443  44.055  6.304  16.779 0.0000000000
134160  44.482  6.595  17.265 0.0000000000
135568  45.482  7.012  18.161 0.0000000000
253705  45.881  7.083  18.531 0.0000000000
134126  45.625  6.932  18.486 0.0000000000
243807  45.358  6.490  18.463 0.0000000000
109754  43.117  -6.078  27.183 0.0000000000
111269  42.150  -5.825  27.531 0.0000000000
111268  42.658  -5.337  27.195 0.0000000000
112802  42.506  -4.658  27.134 0.0000000000
114206  43.110  -3.563  26.926 0.0000000000
115584  43.017  -2.720  27.336 0.0000000000
115601  43.741  -3.246  26.922 0.0000000000
115600  44.289  -3.022  26.812 0.0000000000
241193  45.151  -2.700  26.706 0.0000000000
267955  45.643  -2.592  26.682 0.0000000000
239748  45.512  -3.520  26.585 0.0000000000
114202  45.934  -4.125  26.609 0.0000000000
112816  46.557  -4.735  26.546 0.0000000000
95842  29.985  -13.791  36.133 0.0000000000
95820  30.341  -14.074  36.425 0.0000000000
95841  30.957  -14.192  36.120 0.0000000000
94296  31.378  -14.808  36.124 0.0000000000
94295  31.910  -14.826  35.730 0.0000000000
92890  31.651  -15.488  36.178 0.0000000000
127513  42.551  3.047  17.026 0.0000000000
128819  42.730  3.682  16.791 0.0000000000
255781  43.007  4.204  16.912 0.0000000000
131515  43.109  4.629  16.681 0.0000000000
224579  43.523  4.576  17.331 0.0000000000
131443  45.221  5.577  19.722 0.0000000000
130065  46.539  5.494  21.681 0.0000000000
131422  46.733  6.166  21.189 0.0000000000
131411  47.883  5.882  21.933 0.0000000000
132674  48.423  5.777  21.502 0.0000000000
130079  49.014  4.605  21.265 0.0000000000
127467  48.827  3.370  20.756 0.0000000000
127450  49.055  3.493  21.653 0.0000000000
127436  48.996  2.797  22.123 0.0000000000
124989  48.871  1.993  22.552 0.0000000000
99937  39.936  -11.681  32.050 0.0000000000
102351  39.449  -10.684  31.955 0.0000000000
101177  40.329  -11.314  31.947 0.0000000000
101184  40.639  -11.030  31.629 0.0000000000
235866  40.942  -10.865  31.214 0.0000000000
101196  42.347  -10.804  29.501 0.0000000000
104549  42.966  -9.162  28.892 0.0000000000
105685  43.022  -8.755  28.674 0.0000000000
232387  43.720  -8.741  28.164 0.0000000000
105696  44.345  -8.629  27.888 0.0000000000
95923  35.677  -14.384  32.398 0.0000000000
95948  34.712  -13.802  31.824 0.0000000000
95947  35.420  -13.993  31.905 0.0000000000
261132  35.954  -13.445  30.863 0.0000000000
264992  36.925  -13.230  30.894 0.0000000000
97409  37.322  -13.223  31.117 0.0000000000
97389  37.958  -12.984  31.268 0.0000000000
98714  38.314  -12.608  31.222 0.0000000000
97370  38.191  -13.223  31.830 0.0000000000
95942  38.653  -13.579  32.190 0.0000000000
131635  54.918  5.043  11.859 0.0000000000
131636  54.292  4.925  11.480 0.0000000000
130206  51.371  4.248  13.002 0.0000000000
224586  45.095  7.306  15.333 0.0000000000
135647  45.365  7.224  14.670 0.0000000000
135646  46.075  7.305  14.459 0.0000000000
135659  46.270  7.203  13.916 0.0000000000
136946  47.017  7.430  14.309 0.0000000000
136936  48.834  7.468  15.392 0.0000000000
135634  49.304  7.247  15.306 0.0000000000
136919  49.276  7.507  16.015 0.0000000000
136901  49.653  7.219  16.707 0.0000000000
134154  50.086  6.818  17.006 0.0000000000
258103  47.646  6.219  16.160 0.0000000000
134192  48.083  6.004  15.914 0.0000000000
134206  47.740  5.840  15.199 0.0000000000
132820  47.448  5.619  14.646 0.0000000000
105653  39.198  -8.154  30.985 0.0000000000
115570  40.662  -3.174  29.800 0.0000000000
114179  40.401  -3.552  29.845 0.0000000000
114194  40.327  -3.604  28.031 0.0000000000
244519  40.346  -4.021  27.233 0.0000000000
268209  42.796  0.087  27.472 0.0000000000
121235  42.436  -0.014  27.004 0.0000000000
122501  42.908  0.479  27.122 0.0000000000
235307  42.527  0.369  25.890 0.0000000000
256527  42.675  0.584  25.279 0.0000000000
240755  42.647  0.602  24.507 0.0000000000
123743  43.170  0.836  24.906 0.0000000000
123742  43.741  1.191  24.982 0.0000000000
245819  44.169  1.413  24.772 0.0000000000
124951  44.851  1.738  24.257 0.0000000000
126152  45.161  2.025  25.443 0.0000000000
126140  45.590  2.130  25.594 0.0000000000
124910  46.345  1.860  25.736 0.0000000000
118528  47.908  -1.994  25.936 0.0000000000
121248  47.819  -0.858  25.765 0.0000000000
119966  48.253  -1.460  25.553 0.0000000000
121263  48.287  -1.161  25.065 0.0000000000
121283  48.040  -0.551  24.486 0.0000000000
122556  47.874  -0.370  24.153 0.0000000000
119983  48.044  -0.855  24.471 0.0000000000
95844  29.068  -13.973  36.452 0.0000000000
95823  28.888  -13.967  37.134 0.0000000000
95822  29.432  -14.008  36.854 0.0000000000
95800  29.668  -14.202  36.996 0.0000000000
92868  29.806  -14.662  37.157 0.0000000000
92881  29.897  -15.246  37.120 0.0000000000
91334  29.970  -16.254  36.431 0.0000000000
91319  29.625  -15.872  36.901 0.0000000000
91320  28.905  -16.141  37.103 0.0000000000
270147  27.820  -15.981  37.589 0.0000000000
127506  42.670  2.888  17.729 0.0000000000
127497  43.350  3.418  18.542 0.0000000000
127496  43.707  3.651  18.943 0.0000000000
128798  44.111  4.263  19.205 0.0000000000
128785  44.238  3.960  19.610 0.0000000000
253774  44.857  4.189  20.509 0.0000000000
253377  45.263  4.240  21.028 0.0000000000
128752  45.339  3.782  21.373 0.0000000000
130056  46.368  4.745  21.969 0.0000000000
128736  46.844  4.486  22.533 0.0000000000
130044  47.519  4.783  22.676 0.0000000000
128717  48.020  3.914  23.288 0.0000000000
250144  41.123  -12.377  30.366 0.0000000000
95909  32.574  -13.746  33.432 0.0000000000
255853  32.656  -13.590  32.244 0.0000000000
248837  33.395  -13.882  32.980 0.0000000000
95907  34.468  -14.401  32.864 0.0000000000
94353  34.472  -15.162  33.699 0.0000000000
94376  34.812  -14.944  33.193 0.0000000000
95906  35.204  -14.676  32.763 0.0000000000
94399  35.886  -14.789  32.685 0.0000000000
94398  36.460  -14.786  32.631 0.0000000000
269482  37.354  -14.589  32.593 0.0000000000
94396  37.792  -14.512  32.573 0.0000000000
94397  37.455  -15.042  32.669 0.0000000000
92928  37.578  -15.714  32.475 0.0000000000
89930  38.013  -16.550  32.119 0.0000000000
131573  53.840  5.391  13.266 0.0000000000
131597  53.845  5.051  12.893 0.0000000000
225388  53.480  5.181  13.456 0.0000000000
131574  53.040  5.033  13.704 0.0000000000
131575  52.499  4.841  13.907 0.0000000000
132833  52.778  5.447  14.074 0.0000000000
130187  51.945  4.474  13.488 0.0000000000
130172  51.893  4.647  14.084 0.0000000000
268170  51.381  4.537  14.242 0.0000000000
131557  50.490  4.514  14.609 0.0000000000
132824  43.162  5.911  14.970 0.0000000000
241776  43.522  6.277  15.084 0.0000000000
134208  44.254  6.981  15.272 0.0000000000
134181  44.340  6.753  16.539 0.0000000000
135636  44.575  7.220  15.563 0.0000000000
224446  45.492  7.467  15.807 0.0000000000
224445  46.352  7.852  16.755 0.0000000000
136905  46.962  7.930  16.491 0.0000000000
138090  48.101  8.305  17.088 0.0000000000
138079  47.427  8.509  17.948 0.0000000000
135565  47.340  7.782  18.348 0.0000000000
135597  47.186  7.001  17.619 0.0000000000
135567  46.252  7.190  18.541 0.0000000000
135581  46.651  6.880  17.824 0.0000000000
134178  47.142  6.323  16.126 0.0000000000
132806  46.316  6.074  15.461 0.0000000000
108251  41.123  -7.057  29.960 0.0000000000
244826  40.938  -6.579  30.146 0.0000000000
240018  41.063  -6.340  29.879 0.0000000000
111240  41.205  -4.980  29.771 0.0000000000
112771  41.473  -4.148  29.752 0.0000000000
111255  41.722  -5.078  28.142 0.0000000000
112787  41.774  -4.289  28.927 0.0000000000
112770  41.668  -3.553  29.824 0.0000000000
115568  41.249  -2.812  29.862 0.0000000000
116987  41.044  -2.358  29.041 0.0000000000
116994  41.054  -2.085  28.448 0.0000000000
249444  41.195  -1.677  27.617 0.0000000000
118512  41.472  -1.695  28.394 0.0000000000
118511  41.908  -1.377  28.289 0.0000000000
119945  42.818  -1.143  28.049 0.0000000000
116992  43.220  -2.022  27.602 0.0000000000
118510  43.027  -1.513  27.966 0.0000000000
250264  43.138  -0.626  27.874 0.0000000000
244752  43.631  -0.562  27.718 0.0000000000
121218  44.237  0.061  27.462 0.0000000000
122499  44.700  0.202  27.201 0.0000000000
122498  45.316  0.256  26.878 0.0000000000
121233  45.196  -0.324  26.900 0.0000000000
249788  45.813  -0.916  26.719 0.0000000000
119954  46.437  -1.506  26.543 0.0000000000
117002  46.179  -2.940  26.603 0.0000000000
118518  46.443  -2.137  26.543 0.0000000000
118529  47.462  -2.056  26.217 0.0000000000
117011  47.843  -2.773  25.937 0.0000000000
115620  48.092  -3.254  25.379 0.0000000000
241568  31.582  -13.736  32.656 0.0000000000
255242  30.043  -13.845  35.368 0.0000000000
225819  30.979  -13.853  33.580 0.0000000000
228237  31.436  -13.748  33.380 0.0000000000
228776  31.981  -13.698  33.344 0.0000000000
95892  32.825  -14.110  34.081 0.0000000000
95872  33.111  -14.564  34.411 0.0000000000
94333  33.102  -14.863  34.869 0.0000000000
94314  32.437  -14.930  35.494 0.0000000000
94312  33.125  -15.377  35.124 0.0000000000
92907  33.520  -15.780  34.994 0.0000000000
132795  43.137  5.653  15.820 0.0000000000
224444  43.485  5.668  16.372 0.0000000000
231624  43.558  5.286  16.899 0.0000000000
224639  43.793  5.865  16.896 0.0000000000
224532  44.720  5.856  18.537 0.0000000000
130121  45.260  4.442  18.780 0.0000000000
131442  45.575  5.617  20.063 0.0000000000
131459  45.627  5.728  19.839 0.0000000000
132693  46.844  6.353  20.752 0.0000000000
131440  46.530  5.868  20.210 0.0000000000
131458  46.101  5.612  19.937 0.0000000000
130094  47.113  4.021  19.804 0.0000000000
102367  38.828  -10.297  30.160 0.0000000000
103442  39.259  -9.215  31.313 0.0000000000
102350  39.583  -10.226  32.025 0.0000000000
103441  39.454  -9.729  31.776 0.0000000000
247131  39.302  -8.665  31.344 0.0000000000
105642  39.869  -8.436  31.611 0.0000000000
269385  40.490  -7.693  31.219 0.0000000000
106897  41.099  -7.641  30.489 0.0000000000
227828  41.176  -11.817  30.575 0.0000000000
101190  41.353  -10.897  30.661 0.0000000000
102360  41.538  -10.336  30.427 0.0000000000
102366  41.875  -10.676  30.054 0.0000000000
103447  41.318  -9.989  30.687 0.0000000000
234085  41.663  -8.651  30.338 0.0000000000
105662  41.460  -8.111  30.265 0.0000000000
106908  41.265  -7.606  30.121 0.0000000000
108250  41.453  -7.598  29.649 0.0000000000
108261  41.709  -7.469  29.000 0.0000000000
108272  42.229  -7.419  28.249 0.0000000000
263128  43.102  -8.423  28.383 0.0000000000
108271  42.882  -7.758  27.990 0.0000000000
261504  42.683  -6.595  27.420 0.0000000000
266190  43.676  -6.358  27.171 0.0000000000
109771  43.866  -5.961  27.028 0.0000000000
111286  44.865  -5.984  26.830 0.0000000000
239791  45.021  -5.494  26.742 0.0000000000
109770  45.034  -6.493  26.981 0.0000000000
108300  45.647  -7.185  26.839 0.0000000000
106954  45.824  -7.371  26.581 0.0000000000
105724  45.268  -8.487  27.056 0.0000000000
106971  45.301  -8.156  26.110 0.0000000000
95950  33.017  -13.610  31.786 0.0000000000
95970  34.416  -13.587  31.167 0.0000000000
99968  38.493  -11.497  30.080 0.0000000000
99967  38.831  -11.151  30.786 0.0000000000
99946  39.189  -11.456  31.623 0.0000000000
98713  38.666  -12.236  31.443 0.0000000000
98712  38.999  -11.997  31.690 0.0000000000
99938  39.425  -11.400  31.940 0.0000000000
98699  40.003  -12.333  31.922 0.0000000000
97387  40.346  -12.742  31.423 0.0000000000
230728  40.422  -13.619  31.044 0.0000000000
94395  38.217  -14.520  32.486 0.0000000000
94394  38.536  -14.540  32.356 0.0000000000
94419  39.128  -14.600  32.079 0.0000000000
94418  39.495  -14.987  31.748 0.0000000000
94438  39.783  -14.591  31.516 0.0000000000
95964  40.094  -14.167  31.281 0.0000000000
241955  25.819  -14.401  38.756 0.0000000000
134221  50.141  6.353  13.967 0.0000000000
134220  50.698  6.335  14.435 0.0000000000
135631  51.064  6.329  15.681 0.0000000000
135632  50.386  6.854  15.909 0.0000000000
134189  51.232  6.103  15.756 0.0000000000
131527  51.398  5.450  15.519 0.0000000000
131540  50.937  4.974  15.270 0.0000000000
131558  49.802  4.446  14.393 0.0000000000
136874  48.451  7.976  17.469 0.0000000000
135595  49.453  7.140  17.072 0.0000000000
134155  49.380  6.603  16.966 0.0000000000
134191  48.647  5.794  15.960 0.0000000000
134190  49.260  5.911  16.297 0.0000000000
132804  49.499  5.514  15.757 0.0000000000
132816  49.794  5.150  15.388 0.0000000000
131542  49.478  4.768  14.782 0.0000000000
130209  48.996  4.101  13.062 0.0000000000
125017  42.120  1.408  20.209 0.0000000000
245564  40.515  -5.509  30.466 0.0000000000
256309  39.744  -5.463  30.203 0.0000000000
123776  41.945  0.518  22.915 0.0000000000
123812  42.002  0.830  21.251 0.0000000000
123811  42.484  1.081  21.185 0.0000000000
125002  42.737  1.417  20.886 0.0000000000
124993  43.795  1.688  21.960 0.0000000000
126187  44.830  2.268  22.549 0.0000000000
126173  45.308  2.392  23.119 0.0000000000
126174  45.235  2.101  23.838 0.0000000000
243773  45.792  2.588  23.695 0.0000000000
127417  46.306  3.005  23.530 0.0000000000
233781  46.784  3.106  23.925 0.0000000000
127407  47.347  3.285  23.940 0.0000000000
128706  48.192  3.399  23.581 0.0000000000
123701  45.486  0.807  26.717 0.0000000000
225408  46.209  1.354  26.125 0.0000000000
123715  46.853  1.278  25.763 0.0000000000
122530  47.771  -0.173  25.456 0.0000000000
262289  47.477  1.126  25.388 0.0000000000
228738  47.346  2.111  25.189 0.0000000000
124939  47.756  2.170  24.867 0.0000000000
127398  48.154  2.624  24.122 0.0000000000
127415  48.598  3.130  23.346 0.0000000000
126172  48.951  2.135  23.174 0.0000000000
124976  48.927  1.713  23.042 0.0000000000
124977  48.724  1.443  22.832 0.0000000000
122565  48.231  0.182  23.818 0.0000000000
123771  48.202  0.470  23.387 0.0000000000
111285  45.722  -5.793  26.669 0.0000000000
111284  46.281  -5.488  26.561 0.0000000000
111305  47.199  -5.383  26.030 0.0000000000
270666  46.644  -6.293  25.001 0.0000000000
109797  47.072  -5.955  25.058 0.0000000000
111304  47.485  -4.982  25.796 0.0000000000
111329  47.461  -4.770  24.697 0.0000000000
91330  32.417  -15.955  35.788 0.0000000000
91352  33.156  -16.311  35.019 0.0000000000
91380  37.021  -16.101  32.687 0.0000000000
91403  37.959  -16.155  32.295 0.0000000000
91404  37.507  -16.310  32.388 0.0000000000
92861  29.062  -14.502  37.613 0.0000000000
92879  30.625  -15.150  36.689 0.0000000000
92880  30.163  -14.976  37.000 0.0000000000
92941  38.831  -14.929  32.234 0.0000000000
92952  39.408  -15.592  31.508 0.0000000000
94274  29.402  -14.397  37.344 0.0000000000
94315  29.167  -14.133  35.149 0.0000000000
94332  33.604  -15.325  34.773 0.0000000000
94393  38.763  -14.216  32.265 0.0000000000
94454  40.282  -15.067  30.485 0.0000000000
95781  28.683  -14.218  37.830 0.0000000000
95801  29.237  -14.107  37.210 0.0000000000
95802  28.904  -13.776  37.469 0.0000000000
95840  31.514  -14.326  35.714 0.0000000000
95860  29.546  -13.962  35.256 0.0000000000
95873  32.774  -14.375  34.748 0.0000000000
95891  33.364  -14.489  33.892 0.0000000000
95893  32.311  -13.832  33.870 0.0000000000
95921  36.944  -14.467  32.508 0.0000000000
95925  33.841  -13.927  32.687 0.0000000000
95927  32.819  -13.668  32.872 0.0000000000
95940  39.416  -14.238  31.912 0.0000000000
95941  39.027  -13.846  32.141 0.0000000000
95967  36.678  -13.773  31.712 0.0000000000
97388  38.458  -12.782  31.612 0.0000000000
97410  36.332  -13.300  30.641 0.0000000000
98700  39.565  -12.009  32.100 0.0000000000
99944  41.041  -11.551  30.909 0.0000000000
99954  41.359  -11.418  30.449 0.0000000000
99955  39.013  -11.300  31.302 0.0000000000
99978  42.087  -11.778  29.289 0.0000000000
101178  39.751  -11.114  32.081 0.0000000000
101185  39.220  -10.990  31.652 0.0000000000
102361  41.102  -10.477  30.971 0.0000000000
103435  40.341  -9.922  31.779 0.0000000000
103436  39.946  -9.862  31.942 0.0000000000
103446  41.714  -9.699  30.288 0.0000000000
104530  39.618  -9.030  31.798 0.0000000000
104535  41.386  -9.311  30.644 0.0000000000
104548  43.527  -9.193  28.460 0.0000000000
105641  40.340  -8.220  31.502 0.0000000000
105651  40.817  -8.086  31.130 0.0000000000
105652  39.519  -8.308  31.449 0.0000000000
105673  42.318  -8.694  29.306 0.0000000000
105708  45.409  -7.929  27.134 0.0000000000
105736  45.434  -8.175  26.694 0.0000000000
106875  39.964  -7.797  31.341 0.0000000000
106886  40.745  -7.476  30.819 0.0000000000
106887  40.328  -7.201  31.107 0.0000000000
106888  39.465  -7.686  31.145 0.0000000000
106927  43.850  -8.010  27.843 0.0000000000
106956  45.319  -7.606  27.138 0.0000000000
106970  45.601  -7.812  26.410 0.0000000000
108225  40.195  -6.704  31.036 0.0000000000
108262  41.246  -6.957  29.647 0.0000000000
108283  45.031  -7.551  27.297 0.0000000000
108285  43.448  -6.863  27.339 0.0000000000
108286  42.796  -7.222  27.662 0.0000000000
108314  46.123  -6.948  26.132 0.0000000000
108339  46.243  -6.516  24.919 0.0000000000
109704  40.600  -6.188  30.526 0.0000000000
109705  40.188  -5.718  30.714 0.0000000000
109729  41.258  -6.439  29.336 0.0000000000
109743  41.275  -5.781  29.150 0.0000000000
109784  47.009  -5.978  25.809 0.0000000000
109798  46.568  -6.483  25.548 0.0000000000
109812  46.972  -5.601  24.415 0.0000000000
111214  40.592  -5.126  30.335 0.0000000000
111215  40.323  -4.935  30.477 0.0000000000
111216  39.787  -4.817  30.253 0.0000000000
111228  41.247  -5.065  29.995 0.0000000000
111229  39.736  -5.117  29.837 0.0000000000
111283  46.801  -5.226  26.381 0.0000000000
111287  44.434  -5.572  26.831 0.0000000000
111319  47.612  -4.857  25.159 0.0000000000
111320  47.455  -5.462  25.416 0.0000000000
112745  40.627  -4.357  30.272 0.0000000000
112758  39.984  -4.128  30.062 0.0000000000
112772  40.361  -3.844  29.980 0.0000000000
112815  47.181  -4.665  26.217 0.0000000000
112817  45.689  -4.733  26.643 0.0000000000
112832  47.483  -4.387  26.001 0.0000000000
112840  47.755  -4.389  25.482 0.0000000000
112848  47.721  -4.335  25.149 0.0000000000
114160  40.757  -3.686  30.246 0.0000000000
114169  41.321  -3.075  30.052 0.0000000000
114171  40.686  -3.416  30.084 0.0000000000
114186  40.181  -3.685  28.953 0.0000000000
114193  42.268  -3.625  28.101 0.0000000000
114201  46.537  -4.065  26.616 0.0000000000
114215  48.027  -3.643  25.562 0.0000000000
114217  47.433  -3.973  26.231 0.0000000000
114232  47.954  -3.611  25.179 0.0000000000
114233  47.749  -3.932  24.913 0.0000000000
115562  40.949  -3.016  30.021 0.0000000000
115569  40.984  -2.711  29.652 0.0000000000
115576  42.027  -2.937  29.082 0.0000000000
115577  40.810  -2.559  28.803 0.0000000000
115585  42.595  -3.189  27.511 0.0000000000
115596  46.981  -3.469  26.554 0.0000000000
115598  45.926  -3.121  26.603 0.0000000000
115599  44.751  -3.106  26.674 0.0000000000
115602  40.647  -2.938  26.846 0.0000000000
115611  48.001  -3.316  25.711 0.0000000000
115612  47.725  -3.606  26.000 0.0000000000
116980  41.318  -2.568  29.508 0.0000000000
117001  46.543  -2.782  26.557 0.0000000000
117010  48.105  -2.882  25.628 0.0000000000
117013  40.927  -2.444  26.502 0.0000000000
117026  48.059  -2.852  25.090 0.0000000000
118494  41.371  -2.161  28.942 0.0000000000
118504  41.903  -1.793  28.636 0.0000000000
118517  47.121  -2.573  26.391 0.0000000000
118523  41.326  -1.392  26.949 0.0000000000
118527  47.975  -2.275  25.827 0.0000000000
118543  48.115  -2.233  24.921 0.0000000000
119931  42.336  -1.232  28.342 0.0000000000
119944  43.337  -1.077  27.765 0.0000000000
119946  42.123  -0.916  27.968 0.0000000000
119956  44.464  -1.218  27.162 0.0000000000
119967  47.718  -1.501  26.026 0.0000000000
119968  47.091  -1.494  26.341 0.0000000000
121210  42.644  -0.737  27.983 0.0000000000
121219  43.872  -0.091  27.682 0.0000000000
121220  43.411  -0.093  27.771 0.0000000000
121221  42.939  -0.193  27.792 0.0000000000
121231  46.596  -0.284  26.396 0.0000000000
121274  48.181  -0.161  24.478 0.0000000000
121275  48.221  -0.564  24.794 0.0000000000
121284  47.681  -0.992  24.157 0.0000000000
122482  44.288  0.605  27.319 0.0000000000
122483  44.001  0.363  27.558 0.0000000000
122485  43.181  0.291  27.595 0.0000000000
122497  46.009  0.280  26.569 0.0000000000
122500  43.396  0.622  27.345 0.0000000000
122514  46.122  0.832  26.390 0.0000000000
122515  42.489  0.215  26.461 0.0000000000
122529  48.133  -0.069  25.039 0.0000000000
122544  42.171  0.353  24.777 0.0000000000
122545  41.673  0.042  24.646 0.0000000000
122555  48.092  -0.033  23.987 0.0000000000
122558  42.086  0.352  24.193 0.0000000000
123702  44.829  0.759  27.037 0.0000000000
123704  44.055  1.081  27.100 0.0000000000
123705  43.734  0.876  27.248 0.0000000000
123718  42.929  0.650  26.480 0.0000000000
123729  48.227  0.771  24.886 0.0000000000
123730  44.299  1.573  26.002 0.0000000000
123731  43.424  1.002  25.630 0.0000000000
123741  48.595  0.562  24.395 0.0000000000
123756  48.684  0.558  24.025 0.0000000000
123760  42.601  0.621  23.791 0.0000000000
123769  48.808  0.841  23.624 0.0000000000
123773  43.702  1.172  23.685 0.0000000000
123775  42.475  0.693  23.089 0.0000000000
123783  48.846  1.106  23.266 0.0000000000
123784  48.517  0.920  23.089 0.0000000000
123801  42.420  0.919  21.700 0.0000000000
123823  42.319  1.195  20.735 0.0000000000
124898  45.693  1.274  26.477 0.0000000000
124901  44.280  1.408  26.725 0.0000000000
124913  44.586  1.731  26.302 0.0000000000
124914  44.217  1.496  26.456 0.0000000000
124926  47.735  1.621  25.084 0.0000000000
124927  47.090  1.731  25.430 0.0000000000
124937  48.777  1.672  24.084 0.0000000000
124940  44.694  1.677  24.964 0.0000000000
124941  44.288  1.499  25.385 0.0000000000
124950  48.905  1.209  23.826 0.0000000000
124965  43.540  1.205  22.954 0.0000000000
124980  43.944  1.548  22.580 0.0000000000
124981  43.390  1.321  22.299 0.0000000000
124995  42.814  1.242  21.423 0.0000000000
125000  43.662  1.826  21.359 0.0000000000
125001  43.182  1.584  21.103 0.0000000000
125025  42.449  1.790  19.879 0.0000000000
125026  41.970  1.532  19.623 0.0000000000
126129  45.775  2.053  25.809 0.0000000000
126130  45.338  1.989  25.978 0.0000000000
126139  46.210  2.203  25.462 0.0000000000
126141  45.034  1.954  25.945 0.0000000000
126149  48.263  2.114  24.390 0.0000000000
126150  46.723  2.529  25.118 0.0000000000
126159  48.554  2.276  23.883 0.0000000000
126162  45.270  1.999  24.716 0.0000000000
126171  48.999  2.593  22.818 0.0000000000
126185  48.991  2.272  22.753 0.0000000000
126186  45.374  2.652  22.516 0.0000000000
126188  44.276  1.990  22.250 0.0000000000
126196  48.971  2.506  22.231 0.0000000000
126199  44.623  2.364  21.894 0.0000000000
126210  48.861  2.750  21.592 0.0000000000
126214  43.970  2.309  21.086 0.0000000000
126227  44.283  2.791  20.832 0.0000000000
126229  43.294  2.298  20.346 0.0000000000
126249  43.106  2.598  19.244 0.0000000000
127399  47.702  2.637  24.550 0.0000000000
127404  48.785  2.512  23.483 0.0000000000
127405  48.374  2.863  23.751 0.0000000000
127408  46.867  2.909  24.364 0.0000000000
127414  48.894  2.804  23.060 0.0000000000
127416  46.887  3.500  23.418 0.0000000000
127418  45.795  2.796  23.028 0.0000000000
127426  48.987  3.167  22.580 0.0000000000
127435  49.059  3.301  22.121 0.0000000000
127439  44.896  2.800  21.659 0.0000000000
127451  48.945  3.205  21.315 0.0000000000
127469  44.949  3.653  21.042 0.0000000000
127471  44.131  3.005  20.293 0.0000000000
127505  43.076  3.401  18.000 0.0000000000
128707  47.819  3.505  23.670 0.0000000000
128718  47.571  3.768  23.412 0.0000000000
128726  48.902  3.849  22.493 0.0000000000
128727  47.778  4.319  23.029 0.0000000000
128735  49.115  3.813  21.917 0.0000000000
128738  45.660  3.587  21.786 0.0000000000
128749  49.089  3.946  21.536 0.0000000000
128750  49.015  3.648  21.172 0.0000000000
128751  45.786  4.256  21.530 0.0000000000
128767  49.025  4.073  20.840 0.0000000000
128768  48.937  3.827  20.776 0.0000000000
128781  48.163  3.291  19.730 0.0000000000
130030  48.576  4.073  22.731 0.0000000000
130031  48.178  4.057  23.072 0.0000000000
130040  49.004  4.188  22.129 0.0000000000
130042  48.355  4.689  22.528 0.0000000000
130043  47.776  4.794  22.620 0.0000000000
130052  49.030  4.301  21.921 0.0000000000
130055  47.029  5.195  22.220 0.0000000000
130064  49.049  4.355  21.498 0.0000000000
130067  45.665  4.805  21.043 0.0000000000
130081  48.658  4.606  20.406 0.0000000000
130082  47.997  5.058  20.463 0.0000000000
130093  47.573  4.526  20.072 0.0000000000
130173  50.802  4.363  14.140 0.0000000000
130203  53.152  4.716  12.635 0.0000000000
130204  52.568  4.545  12.763 0.0000000000
131400  48.156  5.391  22.120 0.0000000000
131408  48.921  4.811  21.658 0.0000000000
131409  48.596  5.300  21.729 0.0000000000
131410  48.195  5.769  21.789 0.0000000000
131412  47.204  5.915  21.845 0.0000000000
131421  48.765  5.181  21.421 0.0000000000
131424  45.688  5.271  20.612 0.0000000000
131437  48.792  4.875  20.885 0.0000000000
131439  47.200  5.503  20.338 0.0000000000
131441  46.288  6.094  20.332 0.0000000000
131528  50.982  5.456  15.790 0.0000000000
131529  50.496  5.268  15.642 0.0000000000
131538  51.876  5.084  14.936 0.0000000000
131539  51.578  5.015  15.120 0.0000000000
131561  47.998  4.935  13.921 0.0000000000
131576  49.040  4.284  13.562 0.0000000000
131595  54.653  5.417  12.787 0.0000000000
131596  54.230  5.358  13.058 0.0000000000
132675  48.076  6.193  21.787 0.0000000000
132676  47.485  6.534  21.357 0.0000000000
132691  48.202  6.332  21.535 0.0000000000
132692  47.432  6.500  20.988 0.0000000000
132694  46.342  6.137  20.639 0.0000000000
132713  48.594  5.555  21.275 0.0000000000
132714  48.348  6.113  21.261 0.0000000000
132716  46.878  6.286  20.517 0.0000000000
132732  45.890  5.690  20.064 0.0000000000
132790  50.177  5.994  16.409 0.0000000000
132791  49.805  5.837  16.253 0.0000000000
132800  51.542  5.832  15.439 0.0000000000
132801  51.202  5.851  15.887 0.0000000000
132805  48.918  5.539  15.575 0.0000000000
134058  48.069  6.511  21.505 0.0000000000
134091  48.140  6.571  21.347 0.0000000000
134092  47.819  6.480  21.049 0.0000000000
134125  46.096  7.034  18.699 0.0000000000
134173  50.583  6.466  16.675 0.0000000000
134174  50.459  6.535  16.831 0.0000000000
134176  48.699  6.136  16.516 0.0000000000
134177  48.079  6.378  16.669 0.0000000000
134196  43.351  6.037  15.466 0.0000000000
134201  52.266  5.671  14.500 0.0000000000
134203  51.527  6.085  15.276 0.0000000000
134204  51.290  6.276  15.026 0.0000000000
134217  52.551  5.725  13.992 0.0000000000
134233  52.781  5.658  13.756 0.0000000000
135566  46.935  7.732  18.411 0.0000000000
135579  48.269  7.566  17.661 0.0000000000
135580  47.693  7.457  17.930 0.0000000000
135594  49.904  6.913  16.975 0.0000000000
135616  50.795  6.391  16.220 0.0000000000
135618  49.990  7.008  16.792 0.0000000000
135643  49.966  6.976  15.242 0.0000000000
136862  47.343  8.135  18.379 0.0000000000
136864  46.242  7.426  18.420 0.0000000000
136876  47.764  7.993  18.091 0.0000000000
136877  46.978  8.310  18.062 0.0000000000
136878  46.543  8.008  18.040 0.0000000000
136887  48.997  7.563  17.150 0.0000000000
136888  48.713  7.532  17.326 0.0000000000
136889  47.554  8.409  17.255 0.0000000000
136892  46.006  7.726  17.607 0.0000000000
136902  49.073  7.624  16.700 0.0000000000
136921  47.580  7.665  15.292 0.0000000000
136938  47.016  7.577  14.727 0.0000000000
138062  47.315  8.368  18.285 0.0000000000
138069  48.010  8.270  17.832 0.0000000000
138070  47.605  8.375  18.114 0.0000000000
138076  48.563  7.994  17.101 0.0000000000
138077  48.194  8.265  17.511 0.0000000000
138078  47.863  8.498  17.737 0.0000000000
224542  44.975  7.311  15.866 0.0000000000
226535  41.157  -8.089  30.788 0.0000000000
229461  41.090  -5.755  29.801 0.0000000000
230162  47.043  -3.769  26.519 0.0000000000
230293  39.635  -12.566  32.103 0.0000000000
230691  47.008  -1.984  24.277 0.0000000000
230864  46.371  2.629  24.818 0.0000000000
231330  48.266  -1.986  25.535 0.0000000000
231910  47.027  -1.893  26.390 0.0000000000
232131  47.637  -2.535  26.104 0.0000000000
233471  39.306  -11.802  31.901 0.0000000000
233694  44.557  -6.274  27.040 0.0000000000
235513  45.240  -5.973  26.735 0.0000000000
235802  48.210  -1.130  24.717 0.0000000000
236767  40.342  -4.296  26.560 0.0000000000
237071  45.999  6.967  18.667 0.0000000000
237904  42.108  -4.901  27.536 0.0000000000
239053  41.720  -3.152  29.811 0.0000000000
239472  46.631  0.875  26.048 0.0000000000
239833  44.546  -2.619  26.823 0.0000000000
240159  46.240  -3.629  26.614 0.0000000000
247045  40.099  -8.732  31.782 0.0000000000
247742  45.794  7.625  16.341 0.0000000000
248387  45.472  -5.359  26.700 0.0000000000
248622  48.049  6.235  20.986 0.0000000000
250052  42.691  -1.764  28.220 0.0000000000
253369  45.960  -5.119  26.650 0.0000000000
253371  47.424  6.126  15.635 0.0000000000
253674  44.220  -7.274  27.387 0.0000000000
256344  32.832  -15.040  35.262 0.0000000000
256374  32.495  -14.301  34.990 0.0000000000
256481  47.217  2.706  24.830 0.0000000000
257394  43.047  -5.073  26.961 0.0000000000
257849  49.018  4.277  20.961 0.0000000000
259794  47.473  6.438  16.544 0.0000000000
260834  48.136  1.750  24.727 0.0000000000
260978  42.981  0.734  25.942 0.0000000000
261351  44.154  0.889  27.228 0.0000000000
261425  42.157  -9.406  29.822 0.0000000000
262101  47.972  1.035  25.078 0.0000000000
263173  47.869  -1.406  24.354 0.0000000000
264711  44.657  -0.886  27.132 0.0000000000
265138  46.438  4.531  19.801 0.0000000000
265717  39.314  -9.705  31.487 0.0000000000
265837  31.786  -15.156  35.971 0.0000000000
265947  38.335  -11.994  30.355 0.0000000000
266019  39.355  -10.369  31.840 0.0000000000
266971  36.010  -15.512  33.110 0.0000000000
268022  43.953  1.345  25.666 0.0000000000
268509  43.654  -2.627  27.126 0.0000000000
268726  32.418  -13.605  32.546 0.0000000000
268993  43.423  -8.575  28.260 0.0000000000
269462  44.551  3.890  20.285 0.0000000000
270101  41.389  -8.314  30.551 0.0000000000
270944  47.875  -2.474  25.899 0.0000000000
270948  39.982  -5.278  30.407 0.0000000000
271266  41.919  -11.446  29.807 0.0000000000
