#!ascii label  , from subject corrected_filled vox2ras=TkReg
1060
116757  19.444  -3.408  -39.955 0.0000000000
128427  27.473  2.798  -45.340 0.0000000000
145016  23.081  11.852  -48.367 0.0000000000
136610  19.322  7.381  -47.318 0.0000000000
109510  21.149  -7.562  -38.734 0.0000000000
112510  25.741  -5.693  -40.912 0.0000000000
121054  22.636  -1.020  -43.003 0.0000000000
128433  21.050  2.942  -45.466 0.0000000000
268897  25.867  7.765  -46.784 0.0000000000
142562  28.889  10.599  -50.482 0.0000000000
152054  22.420  15.852  -49.740 0.0000000000
112483  20.352  -5.665  -39.332 0.0000000000
109541  23.929  -7.111  -40.252 0.0000000000
113965  21.925  -4.583  -40.981 0.0000000000
125929  19.600  1.615  -43.176 0.0000000000
131121  18.847  4.216  -43.941 0.0000000000
238879  20.641  9.204  -49.098 0.0000000000
136619  22.406  7.053  -48.561 0.0000000000
141329  24.528  9.714  -47.708 0.0000000000
141305  28.307  9.540  -47.155 0.0000000000
144988  26.595  12.075  -46.840 0.0000000000
155697  19.338  18.718  -48.460 0.0000000000
242970  19.164  16.561  -49.184 0.0000000000
154477  21.907  17.783  -49.813 0.0000000000
124714  24.695  0.919  -44.172 0.0000000000
121049  25.887  -1.616  -43.515 0.0000000000
124726  28.128  0.189  -45.565 0.0000000000
243937  19.709  11.632  -49.314 0.0000000000
132480  28.993  4.301  -47.867 0.0000000000
250060  18.809  -1.020  -40.792 0.0000000000
119721  20.744  -2.398  -41.657 0.0000000000
122280  20.028  -0.499  -42.460 0.0000000000
124731  21.916  0.871  -44.581 0.0000000000
266680  23.959  3.109  -45.896 0.0000000000
133802  20.137  5.212  -46.478 0.0000000000
132463  23.654  4.945  -47.004 0.0000000000
133798  26.774  5.455  -46.117 0.0000000000
238195  29.185  7.289  -47.948 0.0000000000
148633  19.145  14.158  -49.443 0.0000000000
148619  22.556  13.906  -48.898 0.0000000000
155703  24.778  17.932  -49.435 0.0000000000
257275  25.183  16.110  -48.273 0.0000000000
148601  25.746  14.168  -47.423 0.0000000000
147453  28.789  13.008  -49.637 0.0000000000
116811  23.983  -3.219  -42.436 0.0000000000
232403  18.648  -2.494  -39.494 0.0000000000
116743  18.478  -3.439  -38.890 0.0000000000
113935  19.810  -4.584  -39.644 0.0000000000
113933  21.283  -5.178  -40.070 0.0000000000
115385  20.362  -4.023  -40.594 0.0000000000
142536  21.548  10.443  -49.136 0.0000000000
252322  22.767  9.441  -48.501 0.0000000000
142513  23.751  10.467  -47.857 0.0000000000
234050  25.213  10.739  -47.307 0.0000000000
146220  24.690  11.843  -47.450 0.0000000000
156963  20.606  19.126  -49.505 0.0000000000
155706  20.475  18.372  -49.564 0.0000000000
155718  21.968  18.463  -49.892 0.0000000000
244710  26.164  1.937  -44.596 0.0000000000
125938  26.438  0.911  -44.441 0.0000000000
127126  27.381  1.799  -45.142 0.0000000000
238888  18.140  10.882  -48.376 0.0000000000
145020  17.763  12.046  -48.591 0.0000000000
109513  19.722  -6.695  -38.272 0.0000000000
108022  20.386  -7.925  -38.087 0.0000000000
105549  21.819  -8.929  -38.369 0.0000000000
234110  23.425  -8.821  -38.935 0.0000000000
244009  24.816  -6.242  -40.583 0.0000000000
109521  25.561  -7.255  -39.100 0.0000000000
122252  19.195  -0.817  -41.423 0.0000000000
123503  18.999  0.004  -41.890 0.0000000000
127134  20.502  2.392  -44.547 0.0000000000
125943  20.426  1.551  -43.947 0.0000000000
127132  21.578  1.936  -44.996 0.0000000000
125970  22.960  1.653  -45.366 0.0000000000
128448  22.483  2.834  -46.239 0.0000000000
133787  19.306  5.319  -45.616 0.0000000000
135278  19.806  6.421  -47.025 0.0000000000
137820  24.324  7.654  -47.594 0.0000000000
135291  22.700  6.097  -48.120 0.0000000000
135264  24.562  6.182  -46.893 0.0000000000
229101  24.875  5.226  -46.526 0.0000000000
247371  26.210  6.427  -46.342 0.0000000000
135274  28.262  6.466  -46.609 0.0000000000
137778  27.502  7.606  -46.672 0.0000000000
142535  29.105  10.236  -48.941 0.0000000000
140123  29.343  9.033  -48.861 0.0000000000
152056  20.986  15.987  -49.647 0.0000000000
150916  19.133  15.368  -49.569 0.0000000000
149759  20.835  14.633  -49.498 0.0000000000
148631  20.819  13.736  -49.461 0.0000000000
149757  22.223  14.887  -49.109 0.0000000000
150887  25.724  15.143  -47.706 0.0000000000
150900  27.142  15.358  -48.069 0.0000000000
148598  27.675  13.964  -47.598 0.0000000000
119752  21.831  -1.984  -42.453 0.0000000000
118296  22.555  -2.855  -41.983 0.0000000000
119749  23.770  -2.254  -42.689 0.0000000000
121047  27.736  -1.800  -44.007 0.0000000000
118324  26.377  -2.451  -42.979 0.0000000000
112465  19.195  -5.597  -38.577 0.0000000000
109528  20.558  -6.603  -38.965 0.0000000000
109525  22.276  -7.356  -39.357 0.0000000000
111040  21.849  -6.215  -39.759 0.0000000000
112515  22.617  -5.672  -40.651 0.0000000000
249010  23.626  -5.539  -41.237 0.0000000000
127091  18.544  2.324  -42.379 0.0000000000
128399  19.430  3.008  -43.987 0.0000000000
129763  20.170  3.375  -44.871 0.0000000000
138930  19.740  8.454  -48.300 0.0000000000
136621  20.588  7.227  -48.068 0.0000000000
138927  21.663  8.077  -48.780 0.0000000000
138925  23.081  8.262  -48.353 0.0000000000
138906  25.002  8.667  -47.560 0.0000000000
259699  26.956  8.573  -46.788 0.0000000000
141308  26.407  9.792  -46.926 0.0000000000
143701  27.823  11.038  -47.109 0.0000000000
145002  28.534  11.663  -47.865 0.0000000000
154449  18.250  17.512  -47.401 0.0000000000
154469  19.559  17.556  -48.932 0.0000000000
235034  21.037  17.034  -49.541 0.0000000000
154466  22.557  16.695  -49.993 0.0000000000
122315  23.824  -0.386  -43.703 0.0000000000
121051  24.484  -1.535  -43.190 0.0000000000
123533  25.500  -0.008  -43.943 0.0000000000
122313  27.132  -0.946  -44.305 0.0000000000
138911  18.302  8.767  -47.193 0.0000000000
140112  18.969  9.263  -48.230 0.0000000000
142538  20.195  10.245  -49.397 0.0000000000
145029  21.263  11.745  -49.419 0.0000000000
108032  24.836  -8.124  -38.867 0.0000000000
131163  28.147  4.165  -46.357 0.0000000000
128445  28.519  2.559  -46.513 0.0000000000
118270  18.914  -2.340  -40.374 0.0000000000
118268  19.849  -2.980  -40.594 0.0000000000
119723  19.734  -1.933  -41.279 0.0000000000
121018  20.246  -1.518  -42.013 0.0000000000
122278  21.329  -1.045  -42.899 0.0000000000
124703  19.757  0.991  -43.056 0.0000000000
123521  20.986  0.115  -43.350 0.0000000000
123537  22.371  0.157  -44.043 0.0000000000
124730  23.113  0.856  -44.663 0.0000000000
127130  24.330  2.114  -45.094 0.0000000000
129761  25.852  3.144  -45.061 0.0000000000
132429  19.559  4.793  -45.490 0.0000000000
131169  20.505  4.255  -46.163 0.0000000000
133834  20.823  5.773  -47.618 0.0000000000
132467  21.437  4.819  -47.133 0.0000000000
129811  22.019  3.853  -46.737 0.0000000000
131167  23.974  4.160  -46.361 0.0000000000
131165  24.967  4.454  -45.842 0.0000000000
131146  26.771  4.203  -45.448 0.0000000000
133795  28.379  5.182  -46.616 0.0000000000
250627  29.200  5.841  -47.831 0.0000000000
138905  28.724  8.323  -47.592 0.0000000000
146272  19.650  12.860  -49.491 0.0000000000
146271  20.786  12.794  -49.425 0.0000000000
146256  22.529  12.878  -48.642 0.0000000000
154475  23.051  17.750  -49.813 0.0000000000
265337  23.225  16.568  -49.502 0.0000000000
153269  24.972  17.079  -48.842 0.0000000000
152047  23.563  15.635  -48.889 0.0000000000
150904  23.731  15.114  -48.525 0.0000000000
148617  23.991  14.039  -48.138 0.0000000000
147401  24.303  12.941  -47.765 0.0000000000
147382  26.231  13.223  -47.150 0.0000000000
147396  28.200  13.006  -47.815 0.0000000000
145041  28.869  11.814  -49.823 0.0000000000
116785  21.496  -3.428  -41.410 0.0000000000
115414  23.162  -4.069  -41.893 0.0000000000
113971  25.154  -4.682  -41.959 0.0000000000
118326  25.044  -2.512  -43.077 0.0000000000
249279  25.992  -3.778  -42.736 0.0000000000
118256  18.999  -2.967  -39.707 0.0000000000
118238  18.667  -2.936  -39.141 0.0000000000
116758  18.975  -3.453  -39.448 0.0000000000
115353  18.785  -3.943  -39.160 0.0000000000
115371  19.494  -3.990  -39.708 0.0000000000
115370  20.108  -4.287  -40.095 0.0000000000
115386  19.913  -3.778  -40.255 0.0000000000
143739  22.377  10.853  -48.571 0.0000000000
142524  22.653  10.353  -48.429 0.0000000000
143726  23.207  11.323  -48.033 0.0000000000
143724  24.335  11.329  -47.545 0.0000000000
145005  23.628  11.801  -47.935 0.0000000000
156971  21.227  19.155  -49.795 0.0000000000
128411  26.682  2.901  -45.038 0.0000000000
127127  26.756  2.080  -44.788 0.0000000000
128410  27.213  2.380  -45.080 0.0000000000
109512  20.267  -6.952  -38.585 0.0000000000
109497  19.971  -7.331  -38.105 0.0000000000
106761  21.037  -8.095  -38.366 0.0000000000
106746  21.272  -8.696  -38.155 0.0000000000
106759  22.096  -8.606  -38.828 0.0000000000
106758  22.774  -8.901  -38.912 0.0000000000
106775  22.553  -8.433  -39.149 0.0000000000
111048  25.408  -6.086  -40.460 0.0000000000
111036  25.721  -6.337  -40.012 0.0000000000
112497  25.994  -5.885  -40.280 0.0000000000
112509  26.335  -5.505  -40.595 0.0000000000
123493  18.615  0.158  -41.256 0.0000000000
123504  18.732  0.492  -41.683 0.0000000000
128415  20.822  2.695  -44.954 0.0000000000
127133  21.040  2.169  -44.762 0.0000000000
127151  21.319  2.453  -45.242 0.0000000000
127150  21.911  2.246  -45.545 0.0000000000
128449  21.831  2.986  -46.219 0.0000000000
135279  19.270  6.341  -46.425 0.0000000000
257450  19.332  6.835  -46.845 0.0000000000
137804  24.787  7.719  -47.190 0.0000000000
136605  24.498  7.200  -47.238 0.0000000000
238157  24.902  7.312  -46.861 0.0000000000
135263  25.167  6.373  -46.622 0.0000000000
136593  25.763  7.347  -46.469 0.0000000000
136578  26.758  7.149  -46.550 0.0000000000
137780  26.313  7.584  -46.596 0.0000000000
142551  28.981  10.592  -49.501 0.0000000000
141384  29.166  9.870  -49.553 0.0000000000
152055  21.758  15.899  -49.784 0.0000000000
150914  21.238  15.460  -49.563 0.0000000000
150913  21.950  15.365  -49.453 0.0000000000
149758  21.465  14.865  -49.325 0.0000000000
150912  22.584  15.334  -49.177 0.0000000000
150901  26.647  15.553  -47.983 0.0000000000
150899  27.575  15.535  -48.409 0.0000000000
241956  27.961  15.134  -48.450 0.0000000000
121033  22.367  -1.550  -42.692 0.0000000000
119751  22.467  -2.037  -42.382 0.0000000000
121032  22.974  -1.420  -42.791 0.0000000000
121046  28.096  -1.714  -44.052 0.0000000000
119761  27.909  -1.949  -43.506 0.0000000000
113920  19.455  -4.827  -39.182 0.0000000000
113902  19.005  -5.051  -38.732 0.0000000000
229991  19.646  -5.383  -39.073 0.0000000000
112484  19.818  -5.920  -38.898 0.0000000000
111024  21.473  -6.479  -39.449 0.0000000000
112500  21.037  -5.662  -39.658 0.0000000000
113948  21.668  -4.880  -40.544 0.0000000000
112516  21.953  -5.383  -40.311 0.0000000000
113947  22.254  -5.053  -40.763 0.0000000000
112514  23.186  -5.648  -41.023 0.0000000000
112526  22.777  -5.229  -41.110 0.0000000000
129740  18.799  3.832  -43.621 0.0000000000
129739  18.954  3.364  -43.553 0.0000000000
129750  19.183  3.632  -44.179 0.0000000000
128417  19.781  3.215  -44.501 0.0000000000
129764  19.705  3.754  -44.842 0.0000000000
140110  20.275  8.763  -48.688 0.0000000000
138946  20.724  8.320  -48.743 0.0000000000
246071  20.833  8.740  -48.981 0.0000000000
140108  23.194  9.404  -48.240 0.0000000000
140109  22.792  8.881  -48.437 0.0000000000
140089  24.124  9.199  -47.873 0.0000000000
241300  24.435  8.665  -47.736 0.0000000000
140088  24.729  9.167  -47.663 0.0000000000
140065  25.720  9.214  -47.228 0.0000000000
141310  25.430  9.735  -47.284 0.0000000000
239624  26.468  11.490  -46.895 0.0000000000
250600  26.949  10.703  -46.676 0.0000000000
246353  27.001  11.579  -46.865 0.0000000000
143723  28.165  11.383  -47.511 0.0000000000
145003  28.167  11.955  -47.521 0.0000000000
156953  19.254  19.472  -48.024 0.0000000000
156937  18.733  18.965  -47.646 0.0000000000
155698  18.890  18.327  -48.041 0.0000000000
267853  18.824  17.589  -48.326 0.0000000000
271280  19.371  18.129  -48.600 0.0000000000
154467  21.170  17.683  -49.679 0.0000000000
154468  20.370  17.668  -49.452 0.0000000000
153274  21.502  16.398  -49.849 0.0000000000
153282  21.890  17.012  -49.795 0.0000000000
123534  24.575  0.318  -44.013 0.0000000000
250321  24.512  -0.330  -43.744 0.0000000000
243757  25.129  0.478  -44.047 0.0000000000
251949  27.661  0.216  -45.172 0.0000000000
123531  26.880  -0.194  -44.313 0.0000000000
123549  27.994  -0.387  -45.066 0.0000000000
264364  27.993  -0.868  -44.774 0.0000000000
140047  17.844  8.689  -46.603 0.0000000000
234159  18.226  9.219  -47.455 0.0000000000
140091  18.637  8.949  -47.780 0.0000000000
140092  18.370  9.515  -47.923 0.0000000000
143755  19.056  11.338  -49.183 0.0000000000
142526  19.059  10.202  -48.607 0.0000000000
246321  19.425  10.865  -49.251 0.0000000000
245243  20.521  10.653  -49.629 0.0000000000
258148  20.751  11.627  -49.566 0.0000000000
109524  22.975  -7.484  -39.659 0.0000000000
108049  23.356  -8.012  -39.540 0.0000000000
109523  24.321  -7.554  -39.802 0.0000000000
109496  26.098  -7.358  -38.090 0.0000000000
131162  28.482  4.398  -46.842 0.0000000000
120966  18.342  -1.129  -39.710 0.0000000000
119710  18.582  -1.665  -40.380 0.0000000000
119709  19.188  -2.132  -40.799 0.0000000000
120986  19.096  -1.643  -40.976 0.0000000000
122266  19.475  -0.537  -41.983 0.0000000000
121019  19.797  -1.111  -41.858 0.0000000000
270565  19.899  -0.820  -42.180 0.0000000000
247292  20.852  -1.203  -42.561 0.0000000000
122279  20.691  -0.663  -42.709 0.0000000000
127090  19.044  1.981  -42.765 0.0000000000
124692  19.062  1.016  -42.405 0.0000000000
124732  21.445  1.124  -44.346 0.0000000000
124719  20.565  1.002  -43.838 0.0000000000
235363  21.615  0.682  -44.130 0.0000000000
123520  21.530  -0.070  -43.500 0.0000000000
124717  22.038  0.519  -44.273 0.0000000000
123536  22.959  0.363  -44.205 0.0000000000
123551  22.454  0.697  -44.586 0.0000000000
127147  23.607  2.313  -45.606 0.0000000000
127131  23.893  1.998  -45.268 0.0000000000
128414  24.446  2.537  -45.282 0.0000000000
128413  24.865  2.748  -45.100 0.0000000000
128428  24.572  2.939  -45.382 0.0000000000
132449  19.696  5.120  -45.972 0.0000000000
132448  20.060  4.689  -46.062 0.0000000000
131150  20.050  4.214  -45.614 0.0000000000
258266  20.472  4.665  -46.491 0.0000000000
135303  21.158  6.921  -48.287 0.0000000000
135304  20.660  6.694  -47.864 0.0000000000
135302  21.581  6.455  -48.311 0.0000000000
133817  23.258  5.273  -47.528 0.0000000000
133831  22.627  5.446  -47.892 0.0000000000
132481  22.741  4.938  -47.593 0.0000000000
131187  21.729  4.316  -46.955 0.0000000000
131185  22.757  4.109  -47.033 0.0000000000
129809  22.986  3.644  -46.693 0.0000000000
131183  23.508  4.353  -46.716 0.0000000000
133799  25.798  5.594  -46.224 0.0000000000
132445  25.039  4.895  -46.155 0.0000000000
132444  25.963  5.050  -45.940 0.0000000000
131147  26.094  4.237  -45.405 0.0000000000
132443  26.489  5.077  -45.927 0.0000000000
131164  27.643  4.640  -46.078 0.0000000000
132442  27.418  5.161  -46.192 0.0000000000
136591  28.647  6.832  -46.907 0.0000000000
135273  28.667  6.185  -46.885 0.0000000000
136604  29.229  6.757  -47.695 0.0000000000
135299  29.468  6.090  -48.771 0.0000000000
136616  29.445  6.662  -48.549 0.0000000000
140061  27.945  9.005  -46.994 0.0000000000
235145  28.081  8.438  -47.014 0.0000000000
140086  28.949  8.865  -47.790 0.0000000000
269121  18.244  16.703  -48.732 0.0000000000
261326  18.544  16.274  -49.081 0.0000000000
149761  19.146  14.752  -49.482 0.0000000000
148634  18.354  14.702  -49.197 0.0000000000
250070  18.382  14.108  -49.217 0.0000000000
147441  18.366  13.589  -49.226 0.0000000000
146273  18.835  13.030  -49.214 0.0000000000
147440  19.150  13.524  -49.479 0.0000000000
148620  21.830  13.791  -49.071 0.0000000000
147437  21.029  13.306  -49.279 0.0000000000
147423  21.584  13.321  -49.019 0.0000000000
146257  21.858  12.890  -48.840 0.0000000000
147421  22.888  13.372  -48.688 0.0000000000
155715  23.647  18.002  -49.752 0.0000000000
155704  24.125  17.779  -49.379 0.0000000000
154465  23.066  16.948  -49.753 0.0000000000
231391  24.042  17.265  -49.241 0.0000000000
253574  25.385  16.718  -48.526 0.0000000000
249556  25.602  17.210  -48.825 0.0000000000
153262  24.669  16.584  -48.537 0.0000000000
153263  24.018  16.469  -48.726 0.0000000000
152045  24.425  16.041  -48.451 0.0000000000
237794  24.127  15.519  -48.509 0.0000000000
249247  24.759  15.542  -48.193 0.0000000000
149730  25.406  14.624  -47.611 0.0000000000
149731  24.776  14.489  -47.859 0.0000000000
148602  25.116  14.018  -47.668 0.0000000000
148604  24.160  13.509  -47.976 0.0000000000
147399  25.462  13.581  -47.482 0.0000000000
147384  25.323  13.056  -47.389 0.0000000000
148590  26.032  13.689  -47.283 0.0000000000
253219  28.624  13.569  -48.732 0.0000000000
147419  27.982  13.563  -47.775 0.0000000000
147436  28.681  12.982  -48.713 0.0000000000
146253  28.715  12.416  -48.485 0.0000000000
269127  28.848  12.637  -49.564 0.0000000000
236909  20.606  -2.727  -41.210 0.0000000000
116786  20.898  -3.259  -41.169 0.0000000000
118279  21.123  -2.865  -41.486 0.0000000000
118294  23.427  -3.098  -42.322 0.0000000000
116800  22.929  -3.379  -41.975 0.0000000000
116799  23.585  -3.635  -42.171 0.0000000000
113973  24.091  -4.835  -41.856 0.0000000000
115412  24.553  -4.322  -42.063 0.0000000000
121050  25.177  -1.546  -43.358 0.0000000000
231352  24.914  -1.988  -43.149 0.0000000000
119765  25.443  -2.091  -43.251 0.0000000000
116808  27.014  -3.296  -42.473 0.0000000000
118310  26.147  -3.180  -42.910 0.0000000000
233766  26.774  -3.800  -42.369 0.0000000000
115409  26.518  -4.197  -42.186 0.0000000000
115352  19.293  -4.364  -39.293 0.0000000000
113919  20.055  -5.096  -39.510 0.0000000000
112501  20.633  -5.235  -39.800 0.0000000000
113934  20.341  -4.780  -39.940 0.0000000000
113950  20.605  -4.489  -40.358 0.0000000000
115383  21.445  -4.471  -40.779 0.0000000000
243805  21.228  10.057  -49.248 0.0000000000
140125  21.838  9.129  -49.064 0.0000000000
141367  22.005  9.662  -49.011 0.0000000000
141347  22.958  9.883  -48.326 0.0000000000
142512  24.356  10.291  -47.701 0.0000000000
142511  24.947  10.161  -47.484 0.0000000000
142496  24.672  10.768  -47.509 0.0000000000
143706  24.972  11.298  -47.393 0.0000000000
144989  25.962  11.745  -47.020 0.0000000000
156952  19.761  19.900  -48.436 0.0000000000
156964  19.871  19.109  -48.997 0.0000000000
155707  19.812  18.269  -49.118 0.0000000000
155705  21.242  18.403  -49.797 0.0000000000
125939  25.872  1.456  -44.435 0.0000000000
264678  25.923  0.903  -44.250 0.0000000000
125952  26.577  1.420  -44.622 0.0000000000
251846  27.145  1.344  -44.975 0.0000000000
125951  27.560  0.728  -45.347 0.0000000000
143741  17.662  11.420  -48.410 0.0000000000
145019  18.521  11.800  -48.993 0.0000000000
110987  19.194  -6.365  -37.935 0.0000000000
110988  18.780  -6.134  -37.560 0.0000000000
109498  19.427  -6.875  -37.765 0.0000000000
247567  19.542  -7.409  -37.505 0.0000000000
243123  22.933  -9.693  -38.025 0.0000000000
234051  23.429  -9.472  -38.313 0.0000000000
105547  23.731  -9.069  -38.504 0.0000000000
111037  24.516  -6.765  -40.415 0.0000000000
109540  24.545  -7.184  -40.051 0.0000000000
109539  24.936  -6.961  -40.016 0.0000000000
122240  18.303  -0.472  -40.402 0.0000000000
122253  18.603  -0.428  -41.040 0.0000000000
123492  18.939  -0.348  -41.550 0.0000000000
122281  19.468  -0.026  -42.385 0.0000000000
127115  20.216  2.123  -44.104 0.0000000000
127101  19.916  1.860  -43.657 0.0000000000
127114  20.748  1.878  -44.321 0.0000000000
125959  21.271  1.640  -44.537 0.0000000000
125958  21.766  1.367  -44.794 0.0000000000
125957  22.233  1.173  -44.950 0.0000000000
125972  22.088  1.671  -45.218 0.0000000000
127163  22.875  2.515  -45.886 0.0000000000
128446  23.410  2.903  -46.080 0.0000000000
133803  19.411  5.661  -46.098 0.0000000000
133819  19.929  5.861  -46.735 0.0000000000
136618  22.926  7.203  -48.403 0.0000000000
136608  22.800  6.684  -48.276 0.0000000000
251967  23.151  6.419  -47.985 0.0000000000
135289  23.654  6.421  -47.611 0.0000000000
133816  23.861  5.505  -47.178 0.0000000000
132462  24.259  5.216  -46.767 0.0000000000
268516  24.902  6.014  -46.678 0.0000000000
135262  25.715  6.144  -46.386 0.0000000000
237952  26.234  5.877  -46.225 0.0000000000
133797  27.319  5.769  -46.233 0.0000000000
245875  26.709  6.666  -46.341 0.0000000000
136592  28.175  7.058  -46.677 0.0000000000
137800  28.512  7.427  -46.897 0.0000000000
141346  28.886  9.916  -47.977 0.0000000000
140107  29.011  9.368  -48.117 0.0000000000
141366  29.203  9.595  -48.945 0.0000000000
140143  29.215  8.975  -50.335 0.0000000000
152057  20.140  16.277  -49.489 0.0000000000
242507  19.359  15.946  -49.548 0.0000000000
150915  20.454  15.691  -49.638 0.0000000000
149760  20.062  14.791  -49.635 0.0000000000
148632  19.864  14.203  -49.587 0.0000000000
257181  20.281  13.739  -49.575 0.0000000000
240893  20.541  14.190  -49.537 0.0000000000
148630  21.999  14.341  -49.139 0.0000000000
259932  22.524  14.459  -48.937 0.0000000000
153261  25.875  16.366  -48.328 0.0000000000
150903  25.420  15.564  -47.994 0.0000000000
150902  26.052  15.570  -47.922 0.0000000000
150886  26.344  15.166  -47.712 0.0000000000
149728  26.665  14.748  -47.577 0.0000000000
148599  27.106  14.259  -47.444 0.0000000000
149727  27.603  14.515  -47.842 0.0000000000
148615  28.455  14.079  -48.563 0.0000000000
237995  21.339  -2.145  -42.278 0.0000000000
118297  21.643  -2.887  -41.718 0.0000000000
119735  22.228  -2.437  -42.174 0.0000000000
119734  22.801  -2.421  -42.216 0.0000000000
118313  23.748  -2.804  -42.547 0.0000000000
254534  27.244  -1.773  -43.801 0.0000000000
119764  26.094  -2.060  -43.265 0.0000000000
119762  27.413  -2.015  -43.457 0.0000000000
118308  27.299  -2.766  -42.605 0.0000000000
112447  18.797  -5.730  -37.899 0.0000000000
111006  19.445  -6.148  -38.418 0.0000000000
111005  20.038  -6.411  -38.697 0.0000000000
264825  21.258  -7.180  -39.006 0.0000000000
108051  21.706  -7.504  -38.997 0.0000000000
109526  21.630  -6.998  -39.265 0.0000000000
109544  22.016  -6.762  -39.619 0.0000000000
111039  22.364  -6.515  -40.017 0.0000000000
112499  21.627  -5.715  -39.895 0.0000000000
112498  22.204  -5.941  -40.139 0.0000000000
111038  23.337  -6.692  -40.523 0.0000000000
259124  23.555  -6.360  -40.705 0.0000000000
112512  24.454  -5.881  -40.877 0.0000000000
112523  24.678  -5.600  -41.356 0.0000000000
127103  18.847  2.570  -42.904 0.0000000000
127102  19.378  2.214  -43.298 0.0000000000
128398  19.971  2.663  -44.306 0.0000000000
128416  20.311  2.918  -44.719 0.0000000000
128434  20.599  3.203  -45.123 0.0000000000
137823  19.306  7.808  -47.700 0.0000000000
136609  19.726  7.397  -47.741 0.0000000000
137838  20.382  7.690  -48.284 0.0000000000
137837  20.900  7.544  -48.398 0.0000000000
137835  22.044  7.520  -48.745 0.0000000000
138926  22.200  8.659  -48.825 0.0000000000
235475  22.588  8.311  -48.599 0.0000000000
137834  22.654  7.699  -48.608 0.0000000000
137822  23.276  7.654  -48.269 0.0000000000
138907  24.636  8.186  -47.531 0.0000000000
138892  25.189  8.174  -47.314 0.0000000000
137802  26.160  8.076  -46.942 0.0000000000
140064  26.053  8.856  -47.104 0.0000000000
140063  26.600  9.111  -46.882 0.0000000000
141307  27.118  9.627  -46.835 0.0000000000
245786  25.875  10.109  -47.086 0.0000000000
142493  26.983  10.197  -46.822 0.0000000000
141327  28.179  10.076  -47.219 0.0000000000
142523  28.748  10.454  -47.851 0.0000000000
253918  28.919  10.853  -48.623 0.0000000000
143750  28.903  11.078  -49.147 0.0000000000
153276  19.804  16.881  -49.277 0.0000000000
246973  20.327  17.098  -49.390 0.0000000000
153275  20.682  16.586  -49.489 0.0000000000
153273  22.220  16.305  -50.037 0.0000000000
122295  23.546  -0.802  -43.444 0.0000000000
121052  23.826  -1.308  -43.179 0.0000000000
122294  24.161  -0.905  -43.469 0.0000000000
122293  24.852  -0.958  -43.465 0.0000000000
122292  25.563  -1.040  -43.615 0.0000000000
124712  26.339  0.440  -44.206 0.0000000000
235531  26.486  -0.586  -44.106 0.0000000000
121069  26.437  -1.165  -43.902 0.0000000000
121068  27.386  -1.523  -44.175 0.0000000000
137824  18.863  7.757  -47.184 0.0000000000
138910  18.839  8.323  -47.575 0.0000000000
138931  19.165  8.689  -48.089 0.0000000000
140127  20.042  9.376  -48.902 0.0000000000
141350  18.758  9.809  -48.335 0.0000000000
141349  19.424  9.703  -48.649 0.0000000000
141370  20.429  9.746  -49.228 0.0000000000
142537  21.046  10.549  -49.425 0.0000000000
270431  21.414  10.868  -49.268 0.0000000000
249656  22.210  11.351  -48.884 0.0000000000
245640  22.726  -7.997  -39.412 0.0000000000
108033  24.316  -8.266  -39.070 0.0000000000
108046  25.166  -7.747  -39.029 0.0000000000
129775  27.882  3.165  -45.797 0.0000000000
129792  28.322  3.364  -46.383 0.0000000000
119691  18.614  -2.115  -39.911 0.0000000000
118269  19.326  -2.888  -40.237 0.0000000000
116773  19.762  -3.328  -40.356 0.0000000000
241375  19.412  -2.567  -40.589 0.0000000000
118280  20.006  -2.468  -40.866 0.0000000000
260303  20.310  -2.290  -41.320 0.0000000000
121005  19.439  -1.355  -41.353 0.0000000000
121004  19.899  -1.600  -41.688 0.0000000000
119722  20.324  -1.940  -41.761 0.0000000000
121017  20.667  -1.539  -42.273 0.0000000000
121034  21.719  -1.479  -42.747 0.0000000000
121055  22.002  -1.047  -42.992 0.0000000000
124680  18.626  1.098  -41.753 0.0000000000
124679  18.986  0.468  -42.214 0.0000000000
123515  20.052  0.035  -42.803 0.0000000000
125928  20.095  1.265  -43.549 0.0000000000
124690  20.006  0.506  -43.052 0.0000000000
122299  21.174  -0.396  -43.097 0.0000000000
122298  21.728  -0.582  -43.258 0.0000000000
122297  22.293  -0.635  -43.338 0.0000000000
122316  22.904  -0.148  -43.851 0.0000000000
124716  23.561  0.561  -44.240 0.0000000000
124728  24.309  1.207  -44.420 0.0000000000
125956  23.293  1.392  -45.031 0.0000000000
125954  24.199  1.638  -44.818 0.0000000000
125941  24.718  1.427  -44.455 0.0000000000
127128  25.578  2.106  -44.648 0.0000000000
128412  25.383  2.694  -44.899 0.0000000000
131133  18.831  4.695  -44.245 0.0000000000
131132  19.183  4.197  -44.553 0.0000000000
265032  19.919  3.992  -45.218 0.0000000000
129798  20.564  3.920  -45.742 0.0000000000
129780  20.811  3.479  -45.613 0.0000000000
135294  20.209  6.540  -47.501 0.0000000000
135277  20.296  6.011  -47.334 0.0000000000
133818  20.504  5.507  -47.092 0.0000000000
250233  22.241  5.868  -48.076 0.0000000000
133833  21.442  5.616  -47.813 0.0000000000
132468  20.764  4.961  -46.889 0.0000000000
131188  21.015  4.364  -46.677 0.0000000000
261939  21.476  3.966  -46.596 0.0000000000
129796  21.633  3.513  -46.393 0.0000000000
129795  22.245  3.315  -46.564 0.0000000000
238038  23.232  3.226  -46.368 0.0000000000
129793  23.984  3.549  -46.115 0.0000000000
132447  23.969  4.693  -46.611 0.0000000000
131166  24.470  4.013  -45.967 0.0000000000
129779  24.431  3.362  -45.668 0.0000000000
129778  25.632  3.755  -45.304 0.0000000000
129777  26.355  3.641  -45.227 0.0000000000
129776  27.124  3.506  -45.350 0.0000000000
131145  27.603  4.046  -45.768 0.0000000000
132441  28.027  4.834  -46.383 0.0000000000
132461  28.610  4.929  -46.941 0.0000000000
135258  28.375  5.829  -46.521 0.0000000000
133814  28.650  5.528  -46.872 0.0000000000
133830  29.140  5.177  -47.762 0.0000000000
138868  27.261  8.091  -46.631 0.0000000000
243522  28.228  7.926  -46.981 0.0000000000
140106  29.236  8.822  -48.317 0.0000000000
137832  29.361  7.254  -48.561 0.0000000000
149762  18.084  15.402  -49.239 0.0000000000
146259  18.471  12.490  -48.915 0.0000000000
145032  19.104  11.973  -49.206 0.0000000000
147439  19.958  13.346  -49.563 0.0000000000
248004  20.280  12.483  -49.487 0.0000000000
145030  20.281  11.892  -49.463 0.0000000000
248643  20.817  12.152  -49.506 0.0000000000
252416  22.197  12.381  -48.807 0.0000000000
146255  22.873  12.354  -48.582 0.0000000000
155717  22.624  18.410  -49.917 0.0000000000
249097  22.460  17.940  -49.854 0.0000000000
154476  22.523  17.324  -49.860 0.0000000000
153272  22.839  16.309  -49.815 0.0000000000
154463  24.573  17.436  -49.135 0.0000000000
153270  24.303  16.947  -48.926 0.0000000000
152052  23.439  16.221  -49.163 0.0000000000
152053  23.001  15.779  -49.326 0.0000000000
150905  23.154  15.261  -48.840 0.0000000000
149756  22.793  14.850  -48.839 0.0000000000
149747  22.993  14.319  -48.712 0.0000000000
150889  24.382  14.943  -48.210 0.0000000000
149745  23.855  14.563  -48.287 0.0000000000
148618  23.240  13.770  -48.714 0.0000000000
147420  23.378  13.375  -48.509 0.0000000000
267021  23.567  12.700  -48.175 0.0000000000
246905  23.898  12.452  -47.928 0.0000000000
146239  24.461  12.371  -47.578 0.0000000000
146219  25.296  12.516  -47.240 0.0000000000
146217  26.406  12.731  -46.991 0.0000000000
147398  27.347  13.575  -47.265 0.0000000000
147380  27.332  13.052  -47.132 0.0000000000
146215  27.585  12.632  -47.120 0.0000000000
146236  28.501  12.345  -47.899 0.0000000000
145027  28.932  11.643  -49.282 0.0000000000
143769  28.802  11.284  -50.284 0.0000000000
146295  28.679  12.587  -50.583 0.0000000000
143784  28.486  11.545  -51.191 0.0000000000
145068  28.623  11.584  -50.712 0.0000000000
250228  28.735  11.036  -50.886 0.0000000000
116772  20.159  -3.520  -40.643 0.0000000000
116771  20.584  -3.708  -40.964 0.0000000000
115401  21.557  -4.081  -41.166 0.0000000000
116801  22.187  -3.278  -41.695 0.0000000000
116784  21.988  -3.790  -41.465 0.0000000000
115399  22.788  -4.420  -41.532 0.0000000000
113963  23.415  -4.718  -41.682 0.0000000000
113962  24.369  -5.306  -41.702 0.0000000000
113960  25.486  -5.123  -41.735 0.0000000000
119767  24.018  -1.777  -42.923 0.0000000000
119766  24.447  -2.253  -42.959 0.0000000000
116810  24.624  -3.281  -42.625 0.0000000000
118325  25.666  -2.696  -43.079 0.0000000000
118311  25.653  -3.293  -42.902 0.0000000000
115422  25.290  -3.622  -42.610 0.0000000000
241034  25.547  -4.353  -42.172 0.0000000000
113970  25.743  -4.638  -41.928 0.0000000000
113946  26.185  -5.296  -41.181 0.0000000000
127145  27.749  2.133  -45.428 0.0000000000
125967  28.306  1.072  -46.113 0.0000000000
104428  22.202  -9.438  -38.156 0.0000000000
105534  23.961  -9.360  -38.051 0.0000000000
105535  22.812  -9.287  -38.435 0.0000000000
105548  22.330  -9.056  -38.565 0.0000000000
106756  24.516  -8.425  -38.536 0.0000000000
106757  23.993  -8.640  -38.760 0.0000000000
106760  21.566  -8.480  -38.480 0.0000000000
106773  23.712  -8.377  -39.196 0.0000000000
106774  23.083  -8.448  -39.225 0.0000000000
108034  20.553  -7.524  -38.514 0.0000000000
108047  24.634  -7.876  -39.352 0.0000000000
108048  24.021  -7.972  -39.497 0.0000000000
108050  22.155  -7.999  -39.102 0.0000000000
108062  23.653  -7.532  -39.783 0.0000000000
109511  20.789  -7.103  -38.849 0.0000000000
109522  24.980  -7.390  -39.623 0.0000000000
109527  21.089  -6.755  -39.149 0.0000000000
109542  23.218  -7.123  -40.045 0.0000000000
109543  22.595  -7.027  -39.840 0.0000000000
110967  18.930  -6.548  -37.590 0.0000000000
111023  25.480  -6.832  -39.684 0.0000000000
111025  20.897  -6.179  -39.304 0.0000000000
111026  20.336  -6.156  -39.046 0.0000000000
111041  21.383  -6.031  -39.596 0.0000000000
111049  24.296  -6.287  -40.672 0.0000000000
111050  23.896  -6.579  -40.619 0.0000000000
111051  23.198  -6.119  -40.724 0.0000000000
111052  22.754  -6.309  -40.415 0.0000000000
112496  26.507  -5.634  -39.987 0.0000000000
112511  25.036  -5.859  -40.862 0.0000000000
112513  23.784  -5.953  -40.863 0.0000000000
112521  25.756  -5.357  -41.418 0.0000000000
112522  25.276  -5.526  -41.400 0.0000000000
112524  24.104  -5.586  -41.277 0.0000000000
112525  23.286  -5.230  -41.369 0.0000000000
113932  26.775  -5.191  -40.223 0.0000000000
113949  21.118  -4.681  -40.452 0.0000000000
113959  25.992  -4.938  -41.603 0.0000000000
113961  24.933  -5.277  -41.769 0.0000000000
113964  22.479  -4.734  -41.191 0.0000000000
113972  24.619  -4.924  -41.885 0.0000000000
115384  20.938  -4.179  -40.820 0.0000000000
115398  26.221  -4.530  -41.849 0.0000000000
115400  22.199  -4.256  -41.354 0.0000000000
115402  21.056  -3.773  -41.157 0.0000000000
115410  26.036  -4.244  -42.341 0.0000000000
115411  25.159  -4.119  -42.230 0.0000000000
115413  23.827  -4.239  -42.017 0.0000000000
115415  22.528  -3.885  -41.689 0.0000000000
115421  25.631  -4.049  -42.455 0.0000000000
115423  24.787  -3.769  -42.279 0.0000000000
116787  20.377  -3.094  -40.881 0.0000000000
116797  26.390  -3.998  -42.590 0.0000000000
116798  24.223  -3.739  -42.272 0.0000000000
116809  26.509  -3.578  -42.708 0.0000000000
118295  23.010  -2.865  -42.177 0.0000000000
118298  21.226  -2.477  -41.917 0.0000000000
118309  26.724  -2.939  -42.752 0.0000000000
118312  24.700  -2.808  -42.910 0.0000000000
118314  23.311  -2.579  -42.438 0.0000000000
118323  27.002  -2.359  -42.917 0.0000000000
119736  21.704  -2.460  -42.087 0.0000000000
119737  20.855  -2.003  -42.098 0.0000000000
119746  28.095  -2.176  -42.849 0.0000000000
119747  27.622  -2.318  -42.960 0.0000000000
119748  24.213  -2.782  -42.717 0.0000000000
119750  23.072  -1.924  -42.508 0.0000000000
119753  21.208  -1.667  -42.541 0.0000000000
119763  26.764  -2.023  -43.315 0.0000000000
121030  28.307  -1.879  -43.355 0.0000000000
121031  23.509  -1.599  -42.796 0.0000000000
121035  20.305  -1.065  -42.316 0.0000000000
121045  28.452  -1.547  -43.711 0.0000000000
121048  26.645  -1.692  -43.694 0.0000000000
121053  23.239  -1.128  -43.113 0.0000000000
122296  22.921  -0.616  -43.419 0.0000000000
122311  28.032  -1.224  -44.621 0.0000000000
122312  27.788  -1.251  -44.572 0.0000000000
122314  25.204  -0.482  -43.759 0.0000000000
122317  22.489  -0.297  -43.682 0.0000000000
122318  22.026  -0.237  -43.685 0.0000000000
123514  20.631  -0.162  -42.976 0.0000000000
123522  20.431  0.278  -43.234 0.0000000000
123530  27.609  -0.702  -44.686 0.0000000000
123532  26.129  -0.052  -44.065 0.0000000000
123535  24.001  0.154  -43.958 0.0000000000
123538  21.827  0.246  -43.902 0.0000000000
123539  21.331  0.441  -43.701 0.0000000000
123550  27.392  -0.001  -44.724 0.0000000000
124691  19.500  0.536  -42.698 0.0000000000
124701  20.753  0.564  -43.623 0.0000000000
124702  20.268  0.741  -43.433 0.0000000000
124711  26.852  0.398  -44.452 0.0000000000
124713  25.721  0.504  -44.072 0.0000000000
124715  24.144  0.738  -44.200 0.0000000000
124718  21.092  0.857  -43.973 0.0000000000
124727  27.106  0.731  -44.800 0.0000000000
124729  23.766  1.149  -44.639 0.0000000000
124740  27.950  0.834  -45.711 0.0000000000
125917  19.286  1.387  -42.706 0.0000000000
125940  25.308  1.100  -44.207 0.0000000000
125942  20.925  1.324  -44.157 0.0000000000
125953  25.161  1.700  -44.567 0.0000000000
125955  23.740  1.627  -45.058 0.0000000000
125968  27.855  1.479  -45.590 0.0000000000
125969  23.471  1.860  -45.389 0.0000000000
125971  22.511  1.515  -45.244 0.0000000000
127116  19.679  2.437  -43.814 0.0000000000
127129  24.889  2.268  -44.865 0.0000000000
127144  28.235  1.683  -46.055 0.0000000000
127146  24.019  2.396  -45.518 0.0000000000
127148  23.168  2.177  -45.630 0.0000000000
127149  22.559  2.007  -45.572 0.0000000000
127164  22.409  2.472  -45.842 0.0000000000
127165  22.008  2.631  -45.968 0.0000000000
128386  19.143  2.796  -43.440 0.0000000000
128387  18.713  3.130  -43.026 0.0000000000
128426  28.135  2.395  -45.897 0.0000000000
128429  24.163  2.815  -45.644 0.0000000000
128430  23.724  2.741  -45.844 0.0000000000
128431  23.334  2.600  -45.863 0.0000000000
128432  21.553  2.733  -45.753 0.0000000000
128447  23.049  2.877  -46.180 0.0000000000
128450  21.286  3.211  -45.972 0.0000000000
129762  25.087  3.233  -45.252 0.0000000000
129781  20.274  3.710  -45.284 0.0000000000
129794  23.623  3.170  -46.141 0.0000000000
129797  21.042  3.825  -46.157 0.0000000000
129810  22.541  3.722  -46.787 0.0000000000
131148  25.494  4.307  -45.563 0.0000000000
131149  24.983  3.883  -45.533 0.0000000000
131151  19.598  4.274  -45.109 0.0000000000
131168  23.487  3.691  -46.491 0.0000000000
131184  23.123  4.055  -46.823 0.0000000000
131186  22.292  4.223  -47.042 0.0000000000
132426  26.388  4.696  -45.622 0.0000000000
132427  25.886  4.634  -45.633 0.0000000000
132428  25.454  4.777  -45.872 0.0000000000
132446  24.492  4.687  -46.298 0.0000000000
132460  28.800  4.374  -47.349 0.0000000000
132464  23.053  4.588  -47.171 0.0000000000
132465  22.525  4.575  -47.352 0.0000000000
132466  22.022  4.678  -47.323 0.0000000000
132482  22.284  5.027  -47.643 0.0000000000
132483  21.752  5.155  -47.542 0.0000000000
132484  21.156  5.324  -47.318 0.0000000000
133796  27.903  5.459  -46.373 0.0000000000
133800  25.225  5.761  -46.485 0.0000000000
133801  24.681  5.683  -46.730 0.0000000000
133813  28.866  5.061  -47.310 0.0000000000
133815  24.276  5.732  -46.956 0.0000000000
133832  22.019  5.483  -47.894 0.0000000000
135259  27.684  6.771  -46.445 0.0000000000
135260  27.234  6.389  -46.297 0.0000000000
135261  26.734  6.105  -46.258 0.0000000000
135272  29.005  6.544  -47.235 0.0000000000
135275  24.028  6.056  -47.210 0.0000000000
135276  23.610  5.821  -47.496 0.0000000000
135288  29.159  6.274  -47.638 0.0000000000
135290  23.174  5.896  -47.817 0.0000000000
135292  21.748  5.964  -48.124 0.0000000000
135293  21.120  6.168  -48.043 0.0000000000
135300  29.346  6.221  -48.160 0.0000000000
135301  22.175  6.420  -48.327 0.0000000000
136576  27.725  7.231  -46.642 0.0000000000
136577  27.257  7.191  -46.630 0.0000000000
136579  26.232  6.994  -46.419 0.0000000000
136580  25.721  6.710  -46.453 0.0000000000
136594  25.268  7.043  -46.624 0.0000000000
136595  24.762  6.793  -46.885 0.0000000000
136596  24.229  6.628  -47.216 0.0000000000
136597  19.704  6.948  -47.330 0.0000000000
136598  18.909  7.264  -46.867 0.0000000000
136606  24.007  7.080  -47.640 0.0000000000
136607  23.406  7.000  -48.052 0.0000000000
136617  29.346  6.857  -48.170 0.0000000000
136620  21.808  6.951  -48.539 0.0000000000
136622  20.116  7.431  -48.021 0.0000000000
136628  29.529  6.725  -49.107 0.0000000000
137779  26.937  7.584  -46.698 0.0000000000
137799  28.935  7.221  -47.323 0.0000000000
137801  28.005  7.553  -46.747 0.0000000000
137803  25.339  7.654  -46.851 0.0000000000
137819  28.597  7.818  -47.310 0.0000000000
137821  23.826  7.607  -47.944 0.0000000000
137836  21.455  7.492  -48.578 0.0000000000
137839  19.812  7.857  -48.122 0.0000000000
138867  27.781  8.039  -46.714 0.0000000000
138869  26.672  8.075  -46.728 0.0000000000
138887  28.425  8.270  -47.256 0.0000000000
138888  27.563  8.544  -46.799 0.0000000000
138889  26.383  8.513  -46.920 0.0000000000
138890  25.967  8.436  -47.119 0.0000000000
138891  25.590  8.645  -47.371 0.0000000000
138904  29.049  8.322  -48.011 0.0000000000
138908  23.632  8.190  -48.061 0.0000000000
138909  19.348  8.207  -48.002 0.0000000000
138928  21.101  7.963  -48.682 0.0000000000
138929  20.255  8.155  -48.471 0.0000000000
138943  29.358  8.472  -48.810 0.0000000000
138944  21.687  8.620  -48.995 0.0000000000
138945  21.212  8.457  -48.937 0.0000000000
140062  27.316  9.073  -46.851 0.0000000000
140087  25.250  9.160  -47.467 0.0000000000
140090  23.669  9.449  -48.044 0.0000000000
140111  19.608  9.047  -48.453 0.0000000000
140122  29.466  8.677  -49.326 0.0000000000
140124  22.353  9.257  -48.793 0.0000000000
140126  21.254  9.039  -49.153 0.0000000000
140134  29.408  8.838  -49.840 0.0000000000
140135  29.193  9.360  -49.928 0.0000000000
141306  27.668  10.039  -46.898 0.0000000000
141309  25.894  9.631  -47.084 0.0000000000
141326  28.575  9.995  -47.576 0.0000000000
141328  24.983  9.587  -47.539 0.0000000000
141330  23.994  9.842  -47.888 0.0000000000
141331  23.462  9.909  -48.078 0.0000000000
141345  29.092  9.811  -48.449 0.0000000000
141348  22.478  9.807  -48.661 0.0000000000
141351  18.302  9.973  -48.121 0.0000000000
141368  21.501  9.570  -49.204 0.0000000000
141369  20.975  9.629  -49.247 0.0000000000
141371  19.928  9.872  -49.082 0.0000000000
142492  27.467  10.593  -46.840 0.0000000000
142494  26.386  10.522  -46.919 0.0000000000
142495  25.758  10.672  -47.114 0.0000000000
142509  28.438  10.517  -47.499 0.0000000000
142510  27.999  10.530  -47.142 0.0000000000
142514  23.170  10.389  -48.116 0.0000000000
142522  28.953  10.353  -48.307 0.0000000000
142525  22.099  10.282  -48.864 0.0000000000
142527  18.519  10.326  -48.386 0.0000000000
142539  19.566  10.347  -49.043 0.0000000000
142540  18.888  10.760  -48.802 0.0000000000
143702  27.273  11.116  -46.843 0.0000000000
143703  26.694  11.078  -46.795 0.0000000000
143704  26.130  11.116  -46.991 0.0000000000
143705  25.560  11.242  -47.209 0.0000000000
143722  28.556  11.043  -47.748 0.0000000000
143725  23.748  11.164  -47.744 0.0000000000
143737  28.765  11.296  -48.202 0.0000000000
143738  22.709  11.365  -48.441 0.0000000000
143740  18.306  11.363  -48.809 0.0000000000
143742  17.133  11.966  -47.968 0.0000000000
143751  21.627  11.310  -49.234 0.0000000000
143752  20.992  11.141  -49.549 0.0000000000
143753  20.274  11.234  -49.570 0.0000000000
143754  19.675  11.125  -49.390 0.0000000000
143762  28.882  11.201  -49.682 0.0000000000
143800  28.544  10.862  -51.508 0.0000000000
144986  27.654  11.619  -47.142 0.0000000000
144987  27.283  12.116  -46.957 0.0000000000
144990  25.298  11.879  -47.254 0.0000000000
145004  24.141  11.892  -47.628 0.0000000000
145015  28.890  11.465  -48.723 0.0000000000
145017  22.536  11.854  -48.728 0.0000000000
145018  21.897  11.841  -49.047 0.0000000000
145028  28.878  11.999  -48.886 0.0000000000
145031  19.734  12.218  -49.316 0.0000000000
145052  28.721  11.971  -50.365 0.0000000000
145069  28.507  12.072  -50.901 0.0000000000
146216  27.009  12.655  -46.964 0.0000000000
146218  25.805  12.785  -47.140 0.0000000000
146237  28.058  12.555  -47.467 0.0000000000
146238  24.857  12.769  -47.512 0.0000000000
146240  23.400  12.343  -48.266 0.0000000000
146254  23.185  12.882  -48.381 0.0000000000
146269  28.940  12.264  -49.399 0.0000000000
146270  28.835  12.470  -48.976 0.0000000000
146283  28.824  12.486  -49.943 0.0000000000
147381  26.830  13.167  -47.087 0.0000000000
147383  25.755  13.261  -47.300 0.0000000000
147397  27.802  13.158  -47.396 0.0000000000
147400  24.836  13.392  -47.722 0.0000000000
147402  23.728  13.075  -48.123 0.0000000000
147418  28.370  13.458  -48.264 0.0000000000
147422  22.213  13.353  -48.836 0.0000000000
147435  28.813  12.786  -49.242 0.0000000000
147438  20.527  13.312  -49.537 0.0000000000
147454  28.760  13.338  -49.165 0.0000000000
148589  26.667  13.697  -47.200 0.0000000000
148600  26.396  14.251  -47.311 0.0000000000
148603  24.512  13.959  -47.889 0.0000000000
148616  28.047  14.143  -48.097 0.0000000000
149729  26.059  14.710  -47.509 0.0000000000
149742  28.232  14.667  -48.480 0.0000000000
149743  27.580  15.037  -48.146 0.0000000000
149744  24.271  14.394  -48.022 0.0000000000
149746  23.327  14.720  -48.565 0.0000000000
150885  26.805  15.147  -47.804 0.0000000000
150888  25.066  15.068  -47.878 0.0000000000
150911  27.935  15.554  -48.782 0.0000000000
150917  18.280  15.899  -49.235 0.0000000000
152044  26.340  15.999  -48.168 0.0000000000
152046  23.894  15.965  -48.727 0.0000000000
153268  26.015  16.847  -48.638 0.0000000000
153271  23.660  16.820  -49.246 0.0000000000
154456  18.621  17.993  -47.863 0.0000000000
154464  23.601  17.407  -49.554 0.0000000000
154470  19.050  17.891  -48.353 0.0000000000
226420  27.845  6.115  -46.345 0.0000000000
226618  24.645  1.832  -44.769 0.0000000000
227160  25.150  -6.563  -40.217 0.0000000000
228294  25.402  5.223  -46.224 0.0000000000
228679  27.761  9.521  -46.906 0.0000000000
229665  22.841  -6.778  -40.238 0.0000000000
230287  25.708  8.137  -47.126 0.0000000000
230420  28.708  9.425  -47.662 0.0000000000
230607  25.870  -0.553  -43.906 0.0000000000
230681  26.061  12.329  -46.906 0.0000000000
230770  20.794  -4.878  -40.126 0.0000000000
231607  23.519  14.175  -48.454 0.0000000000
232196  22.945  -4.872  -41.387 0.0000000000
232204  29.309  9.237  -49.399 0.0000000000
232306  29.197  9.337  -48.514 0.0000000000
232989  23.422  0.013  -43.944 0.0000000000
233285  25.673  12.262  -47.035 0.0000000000
233292  28.925  5.838  -47.357 0.0000000000
233433  24.187  10.801  -47.671 0.0000000000
234072  26.062  2.522  -44.744 0.0000000000
235128  21.255  14.188  -49.289 0.0000000000
235283  22.781  3.218  -46.553 0.0000000000
235844  28.499  12.842  -48.220 0.0000000000
236872  18.862  -2.571  -39.968 0.0000000000
237181  21.615  -8.029  -38.734 0.0000000000
237678  28.736  11.867  -48.318 0.0000000000
237962  22.056  -2.803  -41.904 0.0000000000
238059  22.184  8.100  -48.736 0.0000000000
240532  26.253  5.421  -46.064 0.0000000000
240742  27.800  12.179  -47.190 0.0000000000
241262  23.807  -5.252  -41.587 0.0000000000
241561  28.892  10.784  -50.006 0.0000000000
242090  20.665  7.931  -48.533 0.0000000000
243173  22.740  1.183  -45.017 0.0000000000
243940  19.928  10.722  -49.521 0.0000000000
245072  21.293  13.687  -49.235 0.0000000000
245465  19.188  12.501  -49.268 0.0000000000
245610  24.982  -0.005  -43.896 0.0000000000
246362  20.162  7.026  -47.760 0.0000000000
246435  20.708  15.123  -49.593 0.0000000000
246538  20.253  12.955  -49.552 0.0000000000
248131  24.135  8.151  -47.792 0.0000000000
248475  27.117  6.846  -46.427 0.0000000000
248493  29.066  10.260  -50.053 0.0000000000
248939  27.015  4.789  -45.815 0.0000000000
249139  21.881  10.861  -48.991 0.0000000000
249874  23.693  13.642  -48.410 0.0000000000
250168  23.301  10.849  -47.887 0.0000000000
250598  26.113  9.317  -47.005 0.0000000000
251175  22.865  10.866  -48.163 0.0000000000
251179  20.730  10.149  -49.428 0.0000000000
251537  25.149  -3.073  -42.959 0.0000000000
252033  28.243  10.923  -47.400 0.0000000000
252582  21.671  10.002  -49.094 0.0000000000
253367  21.324  12.956  -49.060 0.0000000000
253620  29.099  9.757  -50.102 0.0000000000
254377  28.815  10.810  -48.115 0.0000000000
254488  27.160  14.854  -47.794 0.0000000000
254500  23.326  -0.385  -43.664 0.0000000000
254752  25.776  15.920  -48.131 0.0000000000
255769  19.718  13.772  -49.552 0.0000000000
257401  28.502  8.848  -47.322 0.0000000000
259050  23.496  8.859  -48.124 0.0000000000
259593  19.965  15.381  -49.710 0.0000000000
261415  20.512  -1.766  -42.059 0.0000000000
261865  20.368  -0.319  -42.728 0.0000000000
263255  21.446  12.404  -49.154 0.0000000000
265097  25.430  10.284  -47.231 0.0000000000
265816  19.946  -7.798  -37.765 0.0000000000
266311  23.938  11.547  -47.644 0.0000000000
267296  24.914  12.282  -47.378 0.0000000000
267370  27.911  14.723  -48.201 0.0000000000
267388  23.959  8.615  -47.904 0.0000000000
268314  20.219  19.703  -49.051 0.0000000000
268334  23.246  -9.133  -38.635 0.0000000000
268665  19.338  7.107  -47.082 0.0000000000
268744  20.608  6.192  -47.717 0.0000000000
269117  27.524  1.212  -45.389 0.0000000000
269252  19.432  0.990  -42.711 0.0000000000
269893  28.953  10.694  -49.059 0.0000000000
269969  27.988  9.794  -47.028 0.0000000000
270953  27.746  13.585  -47.474 0.0000000000
271529  21.942  8.363  -48.859 0.0000000000
