#!ascii label  , from subject corrected_filled vox2ras=TkReg
1483
124680  18.626  1.098  -41.753 0.2500000000
123503  18.999  0.004  -41.890 0.7500000000
129722  18.616  3.672  -43.140 0.2500000000
128375  18.592  2.849  -42.533 0.1250000000
129739  18.954  3.364  -43.553 0.3750000000
127091  18.544  2.324  -42.379 0.2500000000
228899  18.220  1.677  -41.622 0.2500000000
124692  19.062  1.016  -42.405 0.7500000000
125907  18.676  1.678  -42.192 0.3750000000
122281  19.468  -0.026  -42.385 0.8750000000
124679  18.986  0.468  -42.214 0.8750000000
122280  20.028  -0.499  -42.460 0.8750000000
127103  18.847  2.570  -42.904 0.3750000000
127090  19.044  1.981  -42.765 0.3750000000
125929  19.600  1.615  -43.176 0.8750000000
124719  20.565  1.002  -43.838 1.0000000000
125928  20.095  1.265  -43.549 1.0000000000
123515  20.052  0.035  -42.803 1.0000000000
124703  19.757  0.991  -43.056 0.8750000000
122299  21.174  -0.396  -43.097 1.0000000000
129740  18.799  3.832  -43.621 0.2500000000
128399  19.430  3.008  -43.987 0.7500000000
128398  19.971  2.663  -44.306 0.8750000000
127115  20.216  2.123  -44.104 0.8750000000
127102  19.378  2.214  -43.298 0.7500000000
124732  21.445  1.124  -44.346 1.0000000000
125943  20.426  1.551  -43.947 1.0000000000
127114  20.748  1.878  -44.321 1.0000000000
124717  22.038  0.519  -44.273 1.0000000000
235363  21.615  0.682  -44.130 1.0000000000
123520  21.530  -0.070  -43.500 1.0000000000
123521  20.986  0.115  -43.350 1.0000000000
131115  18.682  4.130  -43.393 0.1250000000
129750  19.183  3.632  -44.179 0.6250000000
128416  20.311  2.918  -44.719 1.0000000000
128417  19.781  3.215  -44.501 0.8750000000
127134  20.502  2.392  -44.547 1.0000000000
125957  22.233  1.173  -44.950 1.0000000000
125958  21.766  1.367  -44.794 1.0000000000
125959  21.271  1.640  -44.537 1.0000000000
127133  21.040  2.169  -44.762 1.0000000000
123551  22.454  0.697  -44.586 1.0000000000
124731  21.916  0.871  -44.581 1.0000000000
124728  24.309  1.207  -44.420 1.0000000000
123536  22.959  0.363  -44.205 1.0000000000
243588  18.331  6.791  -45.474 0.2500000000
131121  18.847  4.216  -43.941 0.2500000000
131133  18.831  4.695  -44.245 0.3750000000
265032  19.919  3.992  -45.218 1.0000000000
131132  19.183  4.197  -44.553 0.6250000000
129763  20.170  3.375  -44.871 1.0000000000
128433  21.050  2.942  -45.466 1.0000000000
128434  20.599  3.203  -45.123 1.0000000000
125970  22.960  1.653  -45.366 1.0000000000
125972  22.088  1.671  -45.218 1.0000000000
128449  21.831  2.986  -46.219 1.0000000000
127147  23.607  2.313  -45.606 1.0000000000
125954  24.199  1.638  -44.818 1.0000000000
128414  24.446  2.537  -45.282 1.0000000000
127130  24.330  2.114  -45.094 1.0000000000
135265  18.746  6.658  -45.875 0.5000000000
135249  18.523  6.406  -45.407 0.3750000000
133788  18.786  5.781  -45.408 0.3750000000
132430  18.996  5.247  -45.095 0.5000000000
133787  19.306  5.319  -45.616 0.5000000000
132448  20.060  4.689  -46.062 0.8750000000
131150  20.050  4.214  -45.614 1.0000000000
133802  20.137  5.212  -46.478 1.0000000000
129796  21.633  3.513  -46.393 1.0000000000
131169  20.505  4.255  -46.163 1.0000000000
238038  23.232  3.226  -46.368 1.0000000000
129795  22.245  3.315  -46.564 1.0000000000
129779  24.431  3.362  -45.668 1.0000000000
266680  23.959  3.109  -45.896 1.0000000000
128413  24.865  2.748  -45.100 0.8750000000
136581  18.278  7.023  -45.916 0.5000000000
133804  18.898  6.136  -45.875 0.5000000000
135279  19.270  6.341  -46.425 0.6250000000
135278  19.806  6.421  -47.025 0.6250000000
133819  19.929  5.861  -46.735 1.0000000000
132449  19.696  5.120  -45.972 0.7500000000
132468  20.764  4.961  -46.889 1.0000000000
132462  24.259  5.216  -46.767 1.0000000000
132463  23.654  4.945  -47.004 1.0000000000
131185  22.757  4.109  -47.033 1.0000000000
131187  21.729  4.316  -46.955 1.0000000000
132447  23.969  4.693  -46.611 1.0000000000
131167  23.974  4.160  -46.361 1.0000000000
129809  22.986  3.644  -46.693 1.0000000000
132445  25.039  4.895  -46.155 0.8750000000
131166  24.470  4.013  -45.967 1.0000000000
129778  25.632  3.755  -45.304 0.8750000000
239467  18.814  6.911  -46.391 0.5000000000
257450  19.332  6.835  -46.845 0.8750000000
135302  21.581  6.455  -48.311 1.0000000000
133834  20.823  5.773  -47.618 1.0000000000
133816  23.861  5.505  -47.178 1.0000000000
135291  22.700  6.097  -48.120 1.0000000000
132467  21.437  4.819  -47.133 1.0000000000
136605  24.498  7.200  -47.238 1.0000000000
133799  25.798  5.594  -46.224 1.0000000000
229101  24.875  5.226  -46.526 1.0000000000
135264  24.562  6.182  -46.893 1.0000000000
135262  25.715  6.144  -46.386 1.0000000000
137785  18.318  7.322  -46.403 0.5000000000
136610  19.322  7.381  -47.318 0.8750000000
136609  19.726  7.397  -47.741 1.0000000000
138927  21.663  8.077  -48.780 1.0000000000
135303  21.158  6.921  -48.287 1.0000000000
136621  20.588  7.227  -48.068 1.0000000000
241300  24.435  8.665  -47.736 1.0000000000
137822  23.276  7.654  -48.269 1.0000000000
138892  25.189  8.174  -47.314 1.0000000000
138907  24.636  8.186  -47.531 1.0000000000
137820  24.324  7.654  -47.594 1.0000000000
136593  25.763  7.347  -46.469 1.0000000000
137804  24.787  7.719  -47.190 1.0000000000
247371  26.210  6.427  -46.342 0.8750000000
145019  18.521  11.800  -48.993 1.0000000000
142529  17.338  11.079  -47.852 0.3750000000
143755  19.056  11.338  -49.183 0.8750000000
238879  20.641  9.204  -49.098 1.0000000000
140089  24.124  9.199  -47.873 1.0000000000
140109  22.792  8.881  -48.437 1.0000000000
146273  18.835  13.030  -49.214 0.8750000000
145032  19.104  11.973  -49.206 1.0000000000
243937  19.709  11.632  -49.314 1.0000000000
246321  19.425  10.865  -49.251 1.0000000000
258148  20.751  11.627  -49.566 1.0000000000
243805  21.228  10.057  -49.248 1.0000000000
140108  23.194  9.404  -48.240 1.0000000000
141347  22.958  9.883  -48.326 1.0000000000
141329  24.528  9.714  -47.708 1.0000000000
147441  18.366  13.589  -49.226 0.7500000000
145030  20.281  11.892  -49.463 1.0000000000
145029  21.263  11.745  -49.419 1.0000000000
143726  23.207  11.323  -48.033 1.0000000000
143739  22.377  10.853  -48.571 1.0000000000
142524  22.653  10.353  -48.429 1.0000000000
248004  20.280  12.483  -49.487 1.0000000000
248643  20.817  12.152  -49.506 1.0000000000
249656  22.210  11.351  -48.884 1.0000000000
158189  19.192  20.199  -47.550 0.1250000000
158188  19.947  20.386  -47.917 0.1250000000
156964  19.871  19.109  -48.997 0.2500000000
156952  19.761  19.900  -48.436 0.1250000000
155706  20.475  18.372  -49.564 0.3750000000
156962  20.599  19.883  -49.408 0.2500000000
155705  21.242  18.403  -49.797 0.5000000000
156971  21.227  19.155  -49.795 0.2500000000
155718  21.968  18.463  -49.892 0.3750000000
158202  20.604  20.594  -49.279 0.2500000000
156961  20.959  20.000  -49.874 0.2500000000
158207  21.330  19.952  -50.306 0.2500000000
232821  21.858  19.127  -50.041 0.2500000000
156970  22.034  19.385  -50.250 0.2500000000
230772  22.699  18.774  -50.154 0.3750000000
156977  22.585  19.241  -50.536 0.2500000000
125887  18.250  1.400  -41.195 0.1250000000
243370  18.415  2.570  -42.218 0.1250000000
122316  22.904  -0.148  -43.851 1.0000000000
135294  20.209  6.540  -47.501 0.8750000000
136618  22.926  7.203  -48.403 1.0000000000
124621  18.339  0.451  -40.523 0.1250000000
123492  18.939  -0.348  -41.550 0.6250000000
121019  19.797  -1.111  -41.858 0.7500000000
238568  18.653  3.321  -42.763 0.1250000000
121018  20.246  -1.518  -42.013 1.0000000000
127059  18.165  1.738  -41.366 0.1250000000
122278  21.329  -1.045  -42.899 1.0000000000
122297  22.293  -0.635  -43.338 1.0000000000
122315  23.824  -0.386  -43.703 1.0000000000
132407  18.642  4.605  -43.774 0.3750000000
261177  18.260  5.935  -44.596 0.2500000000
133780  18.479  5.653  -44.760 0.2500000000
127128  25.578  2.106  -44.648 0.8750000000
131147  26.094  4.237  -45.405 0.8750000000
129761  25.852  3.144  -45.061 0.8750000000
133798  26.774  5.455  -46.117 0.8750000000
143729  16.877  11.892  -47.176 0.1250000000
142516  16.952  11.090  -46.988 0.1250000000
138893  18.286  8.150  -46.850 0.3750000000
138910  18.839  8.323  -47.575 0.6250000000
268897  25.867  7.765  -46.784 1.0000000000
237952  26.234  5.877  -46.225 0.8750000000
145020  17.763  12.046  -48.591 0.5000000000
146259  18.471  12.490  -48.915 0.8750000000
141350  18.758  9.809  -48.335 0.8750000000
140088  24.729  9.167  -47.663 1.0000000000
141310  25.430  9.735  -47.284 1.0000000000
142511  24.947  10.161  -47.484 1.0000000000
146272  19.650  12.860  -49.491 1.0000000000
142513  23.751  10.467  -47.857 1.0000000000
148633  19.145  14.158  -49.443 0.8750000000
148631  20.819  13.736  -49.461 1.0000000000
146257  21.858  12.890  -48.840 1.0000000000
145016  23.081  11.852  -48.367 1.0000000000
158175  19.697  20.640  -46.937 0.1250000000
156937  18.733  18.965  -47.646 0.1250000000
246973  20.327  17.098  -49.390 0.6250000000
154477  21.907  17.783  -49.813 0.5000000000
158203  20.275  20.314  -48.811 0.2500000000
249097  22.460  17.940  -49.854 0.5000000000
159471  20.962  20.920  -48.706 0.2500000000
155717  22.624  18.410  -49.917 0.5000000000
155716  23.168  18.292  -49.939 0.5000000000
159475  21.577  20.424  -50.118 0.1250000000
158206  21.696  19.908  -50.600 0.2500000000
158212  22.726  19.525  -51.028 0.2500000000
156969  23.571  18.513  -50.197 0.3750000000
156988  23.630  19.127  -51.178 0.2500000000
124667  18.452  0.810  -41.205 0.1250000000
123504  18.732  0.492  -41.683 0.3750000000
123493  18.615  0.158  -41.256 0.5000000000
127079  18.290  2.065  -41.884 0.1250000000
122266  19.475  -0.537  -41.983 0.7500000000
270565  19.899  -0.820  -42.180 1.0000000000
122279  20.691  -0.663  -42.709 1.0000000000
127101  19.916  1.860  -43.657 1.0000000000
124690  20.006  0.506  -43.052 1.0000000000
122298  21.728  -0.582  -43.258 1.0000000000
123537  22.371  0.157  -44.043 1.0000000000
129764  19.705  3.754  -44.842 0.8750000000
128415  20.822  2.695  -44.954 1.0000000000
125956  23.293  1.392  -45.031 1.0000000000
127132  21.578  1.936  -44.996 1.0000000000
127151  21.319  2.453  -45.242 1.0000000000
124730  23.113  0.856  -44.663 1.0000000000
124716  23.561  0.561  -44.240 1.0000000000
251455  18.668  5.155  -44.530 0.3750000000
132415  19.155  4.738  -44.835 0.5000000000
132429  19.559  4.793  -45.490 0.8750000000
129798  20.564  3.920  -45.742 1.0000000000
129780  20.811  3.479  -45.613 1.0000000000
127131  23.893  1.998  -45.268 1.0000000000
127163  22.875  2.515  -45.886 1.0000000000
127150  21.911  2.246  -45.545 1.0000000000
128448  22.483  2.834  -46.239 1.0000000000
128446  23.410  2.903  -46.080 1.0000000000
128428  24.572  2.939  -45.382 1.0000000000
133803  19.411  5.661  -46.098 0.6250000000
258266  20.472  4.665  -46.491 1.0000000000
133818  20.504  5.507  -47.092 1.0000000000
129811  22.019  3.853  -46.737 1.0000000000
261939  21.476  3.966  -46.596 1.0000000000
131188  21.015  4.364  -46.677 1.0000000000
129793  23.984  3.549  -46.115 1.0000000000
131165  24.967  4.454  -45.842 0.8750000000
128412  25.383  2.694  -44.899 0.8750000000
135277  20.296  6.011  -47.334 1.0000000000
133833  21.442  5.616  -47.813 1.0000000000
268516  24.902  6.014  -46.678 1.0000000000
131183  23.508  4.353  -46.716 1.0000000000
132481  22.741  4.938  -47.593 1.0000000000
133817  23.258  5.273  -47.528 1.0000000000
132444  25.963  5.050  -45.940 0.8750000000
136619  22.406  7.053  -48.561 1.0000000000
135304  20.660  6.694  -47.864 1.0000000000
136608  22.800  6.684  -48.276 1.0000000000
250233  22.241  5.868  -48.076 1.0000000000
135289  23.654  6.421  -47.611 1.0000000000
133831  22.627  5.446  -47.892 1.0000000000
251967  23.151  6.419  -47.985 1.0000000000
238157  24.902  7.312  -46.861 1.0000000000
135263  25.167  6.373  -46.622 1.0000000000
137824  18.863  7.757  -47.184 0.6250000000
137823  19.306  7.808  -47.700 0.7500000000
137838  20.382  7.690  -48.284 1.0000000000
137837  20.900  7.544  -48.398 1.0000000000
138946  20.724  8.320  -48.743 1.0000000000
137835  22.044  7.520  -48.745 1.0000000000
246071  20.833  8.740  -48.981 1.0000000000
138926  22.200  8.659  -48.825 1.0000000000
235475  22.588  8.311  -48.599 1.0000000000
138906  25.002  8.667  -47.560 1.0000000000
138925  23.081  8.262  -48.353 1.0000000000
137834  22.654  7.699  -48.608 1.0000000000
143741  17.662  11.420  -48.410 0.7500000000
142526  19.059  10.202  -48.607 1.0000000000
238888  18.140  10.882  -48.376 0.7500000000
140110  20.275  8.763  -48.688 1.0000000000
140125  21.838  9.129  -49.064 1.0000000000
140127  20.042  9.376  -48.902 1.0000000000
141370  20.429  9.746  -49.228 1.0000000000
252322  22.767  9.441  -48.501 1.0000000000
147440  19.150  13.524  -49.479 0.8750000000
142538  20.195  10.245  -49.397 1.0000000000
245243  20.521  10.653  -49.629 1.0000000000
142536  21.548  10.443  -49.136 1.0000000000
141367  22.005  9.662  -49.011 1.0000000000
142537  21.046  10.549  -49.425 1.0000000000
142512  24.356  10.291  -47.701 1.0000000000
146271  20.786  12.794  -49.425 1.0000000000
270431  21.414  10.868  -49.268 1.0000000000
252416  22.197  12.381  -48.807 1.0000000000
147437  21.029  13.306  -49.279 1.0000000000
147439  19.958  13.346  -49.563 1.0000000000
158169  18.885  20.393  -46.740 0.1250000000
156953  19.254  19.472  -48.024 0.1250000000
156936  18.469  19.771  -47.242 0.1250000000
158187  20.476  20.733  -48.427 0.2500000000
156963  20.606  19.126  -49.505 0.2500000000
155697  19.338  18.718  -48.460 0.3750000000
155707  19.812  18.269  -49.118 0.5000000000
154467  21.170  17.683  -49.679 0.7500000000
156976  23.494  18.871  -50.684 0.2500000000
253333  18.370  0.550  -40.804 0.2500000000
123475  18.337  0.072  -40.636 0.1250000000
122253  18.603  -0.428  -41.040 0.6250000000
122252  19.195  -0.817  -41.423 0.7500000000
247292  20.852  -1.203  -42.561 1.0000000000
142515  17.460  10.320  -47.345 0.5000000000
138911  18.302  8.767  -47.193 0.6250000000
138930  19.740  8.454  -48.300 0.8750000000
140091  18.637  8.949  -47.780 0.7500000000
138931  19.165  8.689  -48.089 0.8750000000
141332  18.003  9.959  -47.781 0.7500000000
140092  18.370  9.515  -47.923 0.8750000000
140112  18.969  9.263  -48.230 1.0000000000
141349  19.424  9.703  -48.649 1.0000000000
257181  20.281  13.739  -49.575 1.0000000000
148620  21.830  13.791  -49.071 1.0000000000
146256  22.529  12.878  -48.642 1.0000000000
155698  18.890  18.327  -48.041 0.3750000000
235034  21.037  17.034  -49.541 0.7500000000
154468  20.370  17.668  -49.452 0.7500000000
262454  23.990  18.660  -50.378 0.3750000000
113950  20.605  -4.489  -40.358 0.7500000000
112526  22.777  -5.229  -41.110 0.7500000000
115370  20.108  -4.287  -40.095 0.7500000000
115386  19.913  -3.778  -40.255 0.7500000000
115399  22.788  -4.420  -41.532 0.7500000000
115383  21.445  -4.471  -40.779 0.7500000000
116771  20.584  -3.708  -40.964 0.7500000000
116772  20.159  -3.520  -40.643 0.7500000000
115414  23.162  -4.069  -41.893 0.7500000000
116784  21.988  -3.790  -41.465 0.7500000000
116785  21.496  -3.428  -41.410 0.7500000000
119723  19.734  -1.933  -41.279 0.7500000000
121005  19.439  -1.355  -41.353 0.6250000000
118279  21.123  -2.865  -41.486 0.7500000000
119721  20.744  -2.398  -41.657 0.8750000000
260303  20.310  -2.290  -41.320 0.8750000000
116799  23.585  -3.635  -42.171 0.7500000000
116800  22.929  -3.379  -41.975 0.7500000000
118296  22.555  -2.855  -41.983 0.7500000000
237995  21.339  -2.145  -42.278 0.8750000000
121017  20.667  -1.539  -42.273 0.8750000000
118313  23.748  -2.804  -42.547 0.7500000000
119734  22.801  -2.421  -42.216 0.7500000000
119751  22.467  -2.037  -42.382 0.8750000000
121034  21.719  -1.479  -42.747 0.8750000000
119767  24.018  -1.777  -42.923 0.7500000000
121032  22.974  -1.420  -42.791 0.8750000000
121054  22.636  -1.020  -43.003 0.8750000000
122293  24.852  -0.958  -43.465 0.8750000000
122294  24.161  -0.905  -43.469 0.8750000000
250321  24.512  -0.330  -43.744 0.8750000000
123534  24.575  0.318  -44.013 0.8750000000
251949  27.661  0.216  -45.172 0.3750000000
125938  26.438  0.911  -44.441 0.6250000000
264678  25.923  0.903  -44.250 0.7500000000
124714  24.695  0.919  -44.172 0.7500000000
125951  27.560  0.728  -45.347 0.5000000000
251846  27.145  1.344  -44.975 0.5000000000
127127  26.756  2.080  -44.788 0.7500000000
244710  26.164  1.937  -44.596 0.7500000000
127162  28.667  1.686  -46.899 0.1250000000
127145  27.749  2.133  -45.428 0.3750000000
128410  27.213  2.380  -45.080 0.6250000000
128411  26.682  2.901  -45.038 0.6250000000
128443  29.409  1.773  -47.668 0.1250000000
128444  29.105  1.624  -47.628 0.1250000000
129792  28.322  3.364  -46.383 0.1250000000
129791  28.595  3.469  -46.864 0.1250000000
131145  27.603  4.046  -45.768 0.6250000000
131164  27.643  4.640  -46.078 0.6250000000
132443  26.489  5.077  -45.927 0.7500000000
129808  29.086  2.489  -47.972 0.1250000000
238430  29.148  4.075  -48.185 0.1250000000
132461  28.610  4.929  -46.941 0.1250000000
133795  28.379  5.182  -46.616 0.5000000000
132442  27.418  5.161  -46.192 0.6250000000
133797  27.319  5.769  -46.233 0.7500000000
254044  29.266  2.205  -48.047 0.1250000000
133814  28.650  5.528  -46.872 0.5000000000
135273  28.667  6.185  -46.885 0.5000000000
135274  28.262  6.466  -46.609 0.6250000000
245875  26.709  6.666  -46.341 0.7500000000
250070  18.382  14.108  -49.217 0.6250000000
149762  18.084  15.402  -49.239 0.5000000000
149761  19.146  14.752  -49.482 0.7500000000
137800  28.512  7.427  -46.897 0.6250000000
138868  27.261  8.091  -46.631 0.6250000000
137802  26.160  8.076  -46.942 0.8750000000
252397  28.919  7.790  -47.753 0.5000000000
243522  28.228  7.926  -46.981 0.6250000000
235145  28.081  8.438  -47.014 0.6250000000
259699  26.956  8.573  -46.788 0.7500000000
150916  19.133  15.368  -49.569 0.7500000000
140064  26.053  8.856  -47.104 0.8750000000
142496  24.672  10.768  -47.509 0.8750000000
143724  24.335  11.329  -47.545 0.8750000000
140063  26.600  9.111  -46.882 0.7500000000
245786  25.875  10.109  -47.086 0.8750000000
234050  25.213  10.739  -47.307 0.8750000000
143706  24.972  11.298  -47.393 0.8750000000
146220  24.690  11.843  -47.450 0.8750000000
137848  29.317  7.885  -48.744 0.3750000000
138905  28.724  8.323  -47.592 0.5000000000
140086  28.949  8.865  -47.790 0.5000000000
141307  27.118  9.627  -46.835 0.6250000000
138942  29.365  8.065  -49.269 0.2500000000
140106  29.236  8.822  -48.317 0.3750000000
141305  28.307  9.540  -47.155 0.5000000000
242507  19.359  15.946  -49.548 0.6250000000
150915  20.454  15.691  -49.638 0.7500000000
148632  19.864  14.203  -49.587 0.8750000000
149760  20.062  14.791  -49.635 0.7500000000
240893  20.541  14.190  -49.537 0.8750000000
146255  22.873  12.354  -48.582 0.8750000000
267021  23.567  12.700  -48.175 0.7500000000
146239  24.461  12.371  -47.578 0.8750000000
142493  26.983  10.197  -46.822 0.6250000000
250600  26.949  10.703  -46.676 0.7500000000
140107  29.011  9.368  -48.117 0.3750000000
141346  28.886  9.916  -47.977 0.5000000000
144988  26.595  12.075  -46.840 0.7500000000
140123  29.343  9.033  -48.861 0.2500000000
242970  19.164  16.561  -49.184 0.6250000000
149759  20.835  14.633  -49.498 0.8750000000
148630  21.999  14.341  -49.139 0.8750000000
148619  22.556  13.906  -48.898 0.8750000000
149757  22.223  14.887  -49.109 0.7500000000
147420  23.378  13.375  -48.509 0.8750000000
147384  25.323  13.056  -47.389 0.7500000000
246353  27.001  11.579  -46.865 0.5000000000
142551  28.981  10.592  -49.501 0.2500000000
253918  28.919  10.853  -48.623 0.5000000000
142523  28.748  10.454  -47.851 0.5000000000
140143  29.215  8.975  -50.335 0.2500000000
153276  19.804  16.881  -49.277 0.5000000000
153275  20.682  16.586  -49.489 0.6250000000
152055  21.758  15.899  -49.784 0.7500000000
150912  22.584  15.334  -49.177 0.7500000000
152054  22.420  15.852  -49.740 0.7500000000
150905  23.154  15.261  -48.840 0.7500000000
150904  23.731  15.114  -48.525 0.7500000000
149756  22.793  14.850  -48.839 0.7500000000
152053  23.001  15.779  -49.326 0.7500000000
149745  23.855  14.563  -48.287 0.7500000000
148602  25.116  14.018  -47.668 0.7500000000
149731  24.776  14.489  -47.859 0.7500000000
147380  27.332  13.052  -47.132 0.5000000000
147398  27.347  13.575  -47.265 0.3750000000
148590  26.032  13.689  -47.283 0.6250000000
143750  28.903  11.078  -49.147 0.2500000000
146236  28.501  12.345  -47.899 0.3750000000
147396  28.200  13.006  -47.815 0.3750000000
153274  21.502  16.398  -49.849 0.6250000000
153272  22.839  16.309  -49.815 0.7500000000
152047  23.563  15.635  -48.889 0.7500000000
249247  24.759  15.542  -48.193 0.7500000000
150887  25.724  15.143  -47.706 0.6250000000
148598  27.675  13.964  -47.598 0.3750000000
149728  26.665  14.748  -47.577 0.3750000000
143769  28.802  11.284  -50.284 0.1250000000
269127  28.848  12.637  -49.564 0.1250000000
147436  28.681  12.982  -48.713 0.2500000000
154466  22.557  16.695  -49.993 0.6250000000
152052  23.439  16.221  -49.163 0.6250000000
152045  24.425  16.041  -48.451 0.7500000000
150886  26.344  15.166  -47.712 0.3750000000
150903  25.420  15.564  -47.994 0.3750000000
150889  24.382  14.943  -48.210 0.7500000000
148615  28.455  14.079  -48.563 0.2500000000
149727  27.603  14.515  -47.842 0.3750000000
149730  25.406  14.624  -47.611 0.6250000000
238177  28.227  12.086  -51.426 0.1250000000
146295  28.679  12.587  -50.583 0.1250000000
145068  28.623  11.584  -50.712 0.1250000000
153282  21.890  17.012  -49.795 0.6250000000
154476  22.523  17.324  -49.860 0.6250000000
153270  24.303  16.947  -48.926 0.3750000000
265337  23.225  16.568  -49.502 0.3750000000
153262  24.669  16.584  -48.537 0.3750000000
152041  27.634  16.025  -48.728 0.2500000000
150902  26.052  15.570  -47.922 0.3750000000
257275  25.183  16.110  -48.273 0.3750000000
148653  28.728  13.716  -50.427 0.1250000000
241956  27.961  15.134  -48.450 0.3750000000
150900  27.142  15.358  -48.069 0.3750000000
143813  27.875  11.310  -52.416 0.1250000000
148629  28.690  13.962  -49.066 0.1250000000
155715  23.647  18.002  -49.752 0.3750000000
154465  23.066  16.948  -49.753 0.3750000000
154463  24.573  17.436  -49.135 0.3750000000
231391  24.042  17.265  -49.241 0.3750000000
263464  26.098  17.248  -48.919 0.3750000000
249556  25.602  17.210  -48.825 0.3750000000
153269  24.972  17.079  -48.842 0.3750000000
153259  26.983  16.554  -48.648 0.3750000000
153260  26.503  16.487  -48.455 0.3750000000
253574  25.385  16.718  -48.526 0.3750000000
268968  28.416  14.148  -51.545 0.1250000000
149755  28.268  15.116  -48.822 0.1250000000
152050  27.989  15.979  -49.120 0.2500000000
146322  27.708  12.500  -52.138 0.1250000000
155713  24.932  18.431  -49.795 0.2500000000
155702  25.501  18.156  -49.441 0.2500000000
155703  24.778  17.932  -49.435 0.3750000000
154473  27.257  17.697  -49.680 0.1250000000
154461  25.851  17.691  -49.065 0.3750000000
154462  25.230  17.609  -49.081 0.3750000000
153281  27.583  17.202  -49.345 0.1250000000
154459  26.986  17.387  -49.241 0.2500000000
150925  28.618  15.556  -50.968 0.1250000000
152051  27.751  16.565  -49.108 0.1250000000
156968  24.393  18.602  -50.109 0.3750000000
155714  24.265  18.201  -49.788 0.3750000000
155712  25.510  18.681  -49.848 0.2500000000
155710  26.991  18.219  -49.989 0.1250000000
155722  26.664  18.732  -50.269 0.1250000000
154482  27.498  17.934  -50.204 0.1250000000
156973  27.317  18.500  -50.671 0.1250000000
150928  28.590  15.099  -51.352 0.1250000000
154480  28.271  17.254  -50.712 0.1250000000
156984  26.790  18.926  -50.922 0.1250000000
154486  28.015  17.651  -51.068 0.1250000000
156983  27.268  18.704  -51.443 0.1250000000
152070  28.437  16.164  -51.996 0.1250000000
150931  28.483  15.172  -51.966 0.1250000000
121033  22.367  -1.550  -42.692 0.8750000000
123533  25.500  -0.008  -43.943 0.6250000000
136591  28.647  6.832  -46.907 0.6250000000
141308  26.407  9.792  -46.926 0.8750000000
143701  27.823  11.038  -47.109 0.5000000000
141366  29.203  9.595  -48.945 0.3750000000
152057  20.140  16.277  -49.489 0.6250000000
150914  21.238  15.460  -49.563 0.8750000000
149758  21.465  14.865  -49.325 0.8750000000
150913  21.950  15.365  -49.453 0.7500000000
259932  22.524  14.459  -48.937 0.8750000000
149747  22.993  14.319  -48.712 0.7500000000
148617  23.991  14.039  -48.138 0.7500000000
148604  24.160  13.509  -47.976 0.7500000000
145003  28.167  11.955  -47.521 0.5000000000
146215  27.585  12.632  -47.120 0.5000000000
146217  26.406  12.731  -46.991 0.7500000000
145002  28.534  11.663  -47.865 0.5000000000
150922  28.616  15.384  -50.342 0.1250000000
155711  26.443  18.413  -49.763 0.2500000000
155721  27.707  17.987  -50.734 0.1250000000
153291  28.404  16.733  -51.700 0.1250000000
129775  27.882  3.165  -45.797 0.5000000000
129776  27.124  3.506  -45.350 0.6250000000
129777  26.355  3.641  -45.227 0.7500000000
136604  29.229  6.757  -47.695 0.3750000000
238195  29.185  7.289  -47.948 0.3750000000
137854  29.393  7.620  -49.790 0.2500000000
144989  25.962  11.745  -47.020 0.7500000000
153280  28.003  16.927  -49.603 0.1250000000
263983  29.318  7.938  -50.182 0.1250000000
112499  21.627  -5.715  -39.895 0.7500000000
112501  20.633  -5.235  -39.800 0.7500000000
113935  19.810  -4.584  -39.644 0.7500000000
115371  19.494  -3.990  -39.708 0.7500000000
112515  22.617  -5.672  -40.651 0.7500000000
113948  21.668  -4.880  -40.544 0.7500000000
249010  23.626  -5.539  -41.237 0.7500000000
119709  19.188  -2.132  -40.799 0.6250000000
118268  19.849  -2.980  -40.594 0.7500000000
113973  24.091  -4.835  -41.856 0.6250000000
116811  23.983  -3.219  -42.436 0.7500000000
116810  24.624  -3.281  -42.625 0.6250000000
231352  24.914  -1.988  -43.149 0.6250000000
122292  25.563  -1.040  -43.615 0.5000000000
122313  27.132  -0.946  -44.305 0.3750000000
235531  26.486  -0.586  -44.106 0.5000000000
124726  28.128  0.189  -45.565 0.1250000000
125981  28.985  1.098  -46.710 0.1250000000
127161  29.000  1.320  -47.005 0.1250000000
128442  29.892  2.426  -46.921 0.1250000000
129806  29.498  2.929  -47.917 0.1250000000
129816  29.673  3.264  -48.310 0.1250000000
131201  29.535  3.385  -48.485 0.1250000000
148634  18.354  14.702  -49.197 0.3750000000
132491  29.502  3.452  -48.729 0.1250000000
132492  29.165  4.406  -48.228 0.1250000000
135299  29.468  6.090  -48.771 0.1250000000
136616  29.445  6.662  -48.549 0.2500000000
137832  29.361  7.254  -48.561 0.2500000000
269121  18.244  16.703  -48.732 0.5000000000
138991  29.078  8.540  -50.880 0.1250000000
138975  29.296  8.429  -50.282 0.2500000000
141410  28.477  9.370  -51.541 0.1250000000
250228  28.735  11.036  -50.886 0.1250000000
236491  28.205  10.336  -52.008 0.1250000000
154469  19.559  17.556  -48.932 0.3750000000
142587  27.608  10.795  -52.686 0.1250000000
143828  26.996  11.427  -53.446 0.1250000000
244111  27.200  10.796  -53.188 0.1250000000
147485  28.047  13.652  -52.143 0.1250000000
238224  27.359  13.631  -53.422 0.1250000000
159455  20.882  20.855  -47.811 0.1250000000
239523  25.008  18.957  -50.568 0.2500000000
156986  25.450  19.112  -50.952 0.1250000000
158220  25.615  19.315  -51.520 0.1250000000
155725  27.738  18.166  -51.425 0.1250000000
154485  28.365  17.257  -51.365 0.1250000000
149784  28.281  14.770  -52.402 0.1250000000
125941  24.718  1.427  -44.455 0.7500000000
137780  26.313  7.584  -46.596 0.7500000000
136578  26.758  7.149  -46.550 0.7500000000
146260  17.845  13.307  -48.748 0.3750000000
145005  23.628  11.801  -47.935 0.8750000000
122295  23.546  -0.802  -43.444 0.8750000000
121004  19.899  -1.600  -41.688 0.7500000000
119722  20.324  -1.940  -41.761 0.8750000000
121055  22.002  -1.047  -42.992 0.8750000000
125939  25.872  1.456  -44.435 0.7500000000
131146  26.771  4.203  -45.448 0.6250000000
140065  25.720  9.214  -47.228 0.8750000000
147423  21.584  13.321  -49.019 0.8750000000
147421  22.888  13.372  -48.688 0.8750000000
246905  23.898  12.452  -47.928 0.8750000000
154475  23.051  17.750  -49.813 0.3750000000
156987  24.603  19.123  -51.083 0.1250000000
156975  24.339  18.842  -50.570 0.2500000000
115385  20.362  -4.023  -40.594 0.7500000000
113934  20.341  -4.780  -39.940 0.7500000000
113933  21.283  -5.178  -40.070 0.7500000000
113965  21.925  -4.583  -40.981 0.7500000000
113947  22.254  -5.053  -40.763 0.7500000000
112514  23.186  -5.648  -41.023 0.7500000000
113963  23.415  -4.718  -41.682 0.7500000000
116757  19.444  -3.408  -39.955 0.7500000000
116773  19.762  -3.328  -40.356 0.7500000000
115401  21.557  -4.081  -41.166 0.7500000000
116786  20.898  -3.259  -41.169 0.7500000000
116801  22.187  -3.278  -41.695 0.7500000000
118280  20.006  -2.468  -40.866 0.7500000000
120986  19.096  -1.643  -40.976 0.6250000000
236909  20.606  -2.727  -41.210 0.7500000000
118297  21.643  -2.887  -41.718 0.8750000000
118294  23.427  -3.098  -42.322 0.7500000000
119735  22.228  -2.437  -42.174 0.8750000000
119752  21.831  -1.984  -42.453 0.8750000000
119749  23.770  -2.254  -42.689 0.7500000000
119766  24.447  -2.253  -42.959 0.7500000000
121051  24.484  -1.535  -43.190 0.7500000000
121052  23.826  -1.308  -43.179 0.8750000000
121050  25.177  -1.546  -43.358 0.6250000000
243757  25.129  0.478  -44.047 0.7500000000
123549  27.994  -0.387  -45.066 0.2500000000
123531  26.880  -0.194  -44.313 0.5000000000
124712  26.339  0.440  -44.206 0.6250000000
125952  26.577  1.420  -44.622 0.7500000000
127126  27.381  1.799  -45.142 0.5000000000
125967  28.306  1.072  -46.113 0.2500000000
124748  28.415  0.548  -45.991 0.1250000000
128445  28.519  2.559  -46.513 0.2500000000
128427  27.473  2.798  -45.340 0.6250000000
128458  29.316  2.038  -47.962 0.1250000000
128457  29.558  2.261  -47.801 0.1250000000
128459  28.866  2.330  -47.474 0.1250000000
131163  28.147  4.165  -46.357 0.5000000000
131162  28.482  4.398  -46.842 0.1250000000
131181  29.009  3.801  -47.831 0.1250000000
132441  28.027  4.834  -46.383 0.5000000000
131196  29.292  3.515  -48.142 0.1250000000
132480  28.993  4.301  -47.867 0.1250000000
133830  29.140  5.177  -47.762 0.1250000000
135258  28.375  5.829  -46.521 0.6250000000
250627  29.200  5.841  -47.831 0.1250000000
136592  28.175  7.058  -46.677 0.6250000000
137778  27.502  7.606  -46.672 0.6250000000
140061  27.945  9.005  -46.994 0.6250000000
239624  26.468  11.490  -46.895 0.7500000000
146219  25.296  12.516  -47.240 0.7500000000
141327  28.179  10.076  -47.219 0.5000000000
152056  20.986  15.987  -49.647 0.6250000000
147401  24.303  12.941  -47.765 0.7500000000
142535  29.105  10.236  -48.941 0.3750000000
148618  23.240  13.770  -48.714 0.7500000000
147382  26.231  13.223  -47.150 0.6250000000
147399  25.462  13.581  -47.482 0.7500000000
143723  28.165  11.383  -47.511 0.5000000000
142562  28.889  10.599  -50.482 0.1250000000
141395  28.941  9.894  -50.556 0.1250000000
141384  29.166  9.870  -49.553 0.2500000000
140144  28.933  9.243  -50.744 0.1250000000
153273  22.220  16.305  -50.037 0.7500000000
237794  24.127  15.519  -48.509 0.7500000000
148601  25.746  14.168  -47.423 0.6250000000
147419  27.982  13.563  -47.775 0.3750000000
148599  27.106  14.259  -47.444 0.3750000000
145027  28.932  11.643  -49.282 0.1250000000
146253  28.715  12.416  -48.485 0.3750000000
153263  24.018  16.469  -48.726 0.3750000000
253219  28.624  13.569  -48.732 0.3750000000
145041  28.869  11.814  -49.823 0.1250000000
147453  28.789  13.008  -49.637 0.1250000000
143784  28.486  11.545  -51.191 0.1250000000
150901  26.647  15.553  -47.983 0.3750000000
153261  25.875  16.366  -48.328 0.3750000000
149741  28.521  14.583  -48.917 0.2500000000
146307  28.439  12.696  -51.234 0.1250000000
145097  27.731  11.989  -52.419 0.1250000000
224916  28.178  11.079  -52.007 0.1250000000
147461  28.766  13.113  -50.196 0.1250000000
150899  27.575  15.535  -48.409 0.2500000000
147462  28.694  13.197  -50.842 0.1250000000
239932  28.602  14.204  -50.620 0.1250000000
238080  28.745  14.279  -50.079 0.1250000000
155704  24.125  17.779  -49.379 0.3750000000
154474  26.712  17.910  -49.508 0.3750000000
147478  28.190  13.147  -51.741 0.1250000000
149767  28.644  14.710  -50.458 0.1250000000
249828  28.643  15.061  -50.832 0.1250000000
247429  28.247  14.157  -52.040 0.1250000000
150920  28.473  15.460  -49.698 0.1250000000
152049  28.252  15.855  -49.505 0.1250000000
252014  27.434  12.179  -52.858 0.1250000000
147479  27.604  13.078  -52.168 0.1250000000
156974  25.539  18.918  -50.308 0.2500000000
156967  24.984  18.801  -50.141 0.2500000000
156966  26.066  18.781  -50.016 0.2500000000
154472  27.772  17.456  -49.861 0.1250000000
152063  28.399  16.357  -50.533 0.1250000000
153279  28.264  16.598  -50.020 0.1250000000
248091  28.516  15.642  -51.597 0.1250000000
231206  26.136  18.989  -50.584 0.1250000000
154481  27.908  17.593  -50.431 0.1250000000
269735  28.327  16.821  -50.449 0.1250000000
156985  26.209  19.143  -51.322 0.1250000000
112500  21.037  -5.662  -39.658 0.7500000000
112516  21.953  -5.383  -40.311 0.7500000000
112498  22.204  -5.941  -40.139 0.7500000000
113919  20.055  -5.096  -39.510 0.7500000000
112483  20.352  -5.665  -39.332 0.7500000000
118270  18.914  -2.340  -40.374 0.5000000000
241375  19.412  -2.567  -40.589 0.6250000000
118326  25.044  -2.512  -43.077 0.6250000000
121049  25.887  -1.616  -43.515 0.5000000000
230579  29.405  3.782  -49.089 0.1250000000
247822  29.396  3.091  -49.637 0.1250000000
264850  29.436  5.569  -48.517 0.1250000000
142578  28.456  9.999  -51.494 0.1250000000
147493  27.339  13.263  -52.834 0.1250000000
148678  27.921  14.178  -52.613 0.1250000000
113920  19.455  -4.827  -39.182 0.7500000000
116758  18.975  -3.453  -39.448 0.5000000000
109544  22.016  -6.762  -39.619 0.6250000000
111039  22.364  -6.515  -40.017 0.6250000000
244009  24.816  -6.242  -40.583 0.3750000000
259124  23.555  -6.360  -40.705 0.6250000000
112510  25.741  -5.693  -40.912 0.2500000000
112523  24.678  -5.600  -41.356 0.3750000000
121069  26.437  -1.165  -43.902 0.3750000000
261326  18.544  16.274  -49.081 0.3750000000
153277  18.739  17.145  -48.669 0.2500000000
271280  19.371  18.129  -48.600 0.2500000000
111040  21.849  -6.215  -39.759 0.6250000000
113971  25.154  -4.682  -41.959 0.5000000000
115422  25.290  -3.622  -42.610 0.5000000000
118311  25.653  -3.293  -42.902 0.3750000000
109539  24.936  -6.961  -40.016 0.5000000000
111037  24.516  -6.765  -40.415 0.6250000000
119765  25.443  -2.091  -43.251 0.5000000000
108051  21.706  -7.504  -38.997 0.6250000000
116743  18.478  -3.439  -38.890 0.3750000000
113921  18.688  -4.464  -38.848 0.3750000000
109526  21.630  -6.998  -39.265 0.6250000000
111024  21.473  -6.479  -39.449 0.6250000000
229991  19.646  -5.383  -39.073 0.6250000000
108046  25.166  -7.747  -39.029 0.3750000000
109523  24.321  -7.554  -39.802 0.5000000000
109525  22.276  -7.356  -39.357 0.6250000000
118238  18.667  -2.936  -39.141 0.2500000000
234422  26.019  -6.776  -39.167 0.3750000000
113946  26.185  -5.296  -41.181 0.2500000000
112497  25.994  -5.885  -40.280 0.2500000000
250060  18.809  -1.020  -40.792 0.3750000000
113970  25.743  -4.638  -41.928 0.2500000000
249279  25.992  -3.778  -42.736 0.3750000000
118310  26.147  -3.180  -42.910 0.2500000000
119764  26.094  -2.060  -43.265 0.2500000000
254534  27.244  -1.773  -43.801 0.2500000000
250867  18.355  5.508  -44.369 0.1250000000
137786  17.825  7.514  -45.957 0.2500000000
264364  27.993  -0.868  -44.774 0.2500000000
141317  17.914  9.674  -47.348 0.3750000000
140047  17.844  8.689  -46.603 0.2500000000
267153  17.614  12.806  -48.480 0.2500000000
267853  18.824  17.589  -48.326 0.2500000000
225066  18.260  6.306  -44.745 0.1250000000
132416  18.524  5.047  -44.115 0.2500000000
122240  18.303  -0.472  -40.402 0.2500000000
234159  18.226  9.219  -47.455 0.3750000000
115412  24.553  -4.322  -42.063 0.5000000000
115352  19.293  -4.364  -39.293 0.5000000000
115353  18.785  -3.943  -39.160 0.5000000000
111038  23.337  -6.692  -40.523 0.6250000000
112512  24.454  -5.881  -40.877 0.5000000000
113962  24.369  -5.306  -41.702 0.5000000000
121068  27.386  -1.523  -44.175 0.2500000000
118256  18.999  -2.967  -39.707 0.3750000000
118269  19.326  -2.888  -40.237 0.3750000000
119691  18.614  -2.115  -39.911 0.3750000000
118325  25.666  -2.696  -43.079 0.2500000000
109524  22.975  -7.484  -39.659 0.6250000000
109541  23.929  -7.111  -40.252 0.5000000000
111048  25.408  -6.086  -40.460 0.2500000000
111036  25.721  -6.337  -40.012 0.2500000000
112509  26.335  -5.505  -40.595 0.2500000000
113960  25.486  -5.123  -41.735 0.3750000000
241034  25.547  -4.353  -42.172 0.3750000000
109540  24.545  -7.184  -40.051 0.5000000000
109521  25.561  -7.255  -39.100 0.3750000000
109528  20.558  -6.603  -38.965 0.6250000000
108032  24.836  -8.124  -38.867 0.3750000000
108049  23.356  -8.012  -39.540 0.5000000000
115409  26.518  -4.197  -42.186 0.2500000000
118324  26.377  -2.451  -42.979 0.2500000000
133750  18.442  5.675  -42.979 0.1250000000
109497  19.971  -7.331  -38.105 0.5000000000
108033  24.316  -8.266  -39.070 0.2500000000
106758  22.774  -8.901  -38.912 0.3750000000
106775  22.553  -8.433  -39.149 0.5000000000
109512  20.267  -6.952  -38.585 0.5000000000
247567  19.542  -7.409  -37.505 0.3750000000
110987  19.194  -6.365  -37.935 0.5000000000
111005  20.038  -6.411  -38.697 0.5000000000
109513  19.722  -6.695  -38.272 0.5000000000
112465  19.195  -5.597  -38.577 0.3750000000
112484  19.818  -5.920  -38.898 0.5000000000
107997  18.130  -7.431  -36.568 0.1250000000
109481  18.925  -6.951  -37.337 0.3750000000
112466  18.616  -5.112  -38.107 0.2500000000
105511  18.805  -9.093  -36.140 0.1250000000
106732  18.635  -8.098  -36.642 0.2500000000
106730  19.776  -8.694  -37.513 0.3750000000
105547  23.731  -9.069  -38.504 0.2500000000
105536  21.539  -9.174  -37.959 0.3750000000
106746  21.272  -8.696  -38.155 0.5000000000
106719  17.928  -7.937  -36.141 0.1250000000
108010  18.958  -7.589  -37.038 0.3750000000
106748  20.140  -8.298  -37.762 0.3750000000
109467  18.049  -6.332  -36.543 0.1250000000
232853  18.417  -5.671  -37.190 0.1250000000
249483  29.495  7.075  -49.591 0.1250000000
113902  19.005  -5.051  -38.732 0.3750000000
245640  22.726  -7.997  -39.412 0.3750000000
264825  21.258  -7.180  -39.006 0.5000000000
109510  21.149  -7.562  -38.734 0.5000000000
113903  18.479  -4.728  -38.384 0.2500000000
247453  18.178  -4.334  -38.342 0.2500000000
266670  24.950  -8.245  -38.386 0.2500000000
108022  20.386  -7.925  -38.087 0.5000000000
106761  21.037  -8.095  -38.366 0.5000000000
109498  19.427  -6.875  -37.765 0.5000000000
234110  23.425  -8.821  -38.935 0.3750000000
106759  22.096  -8.606  -38.828 0.3750000000
105549  21.819  -8.929  -38.369 0.3750000000
108023  19.649  -8.007  -37.414 0.3750000000
110988  18.780  -6.134  -37.560 0.1250000000
112447  18.797  -5.730  -37.899 0.1250000000
111006  19.445  -6.148  -38.418 0.5000000000
107998  17.714  -7.210  -36.020 0.1250000000
109468  17.814  -6.788  -36.296 0.1250000000
109482  18.278  -6.911  -36.878 0.1250000000
113883  18.086  -4.980  -37.343 0.1250000000
105512  18.164  -8.611  -35.894 0.1250000000
106718  18.501  -8.510  -36.313 0.1250000000
106731  19.254  -8.413  -37.102 0.3750000000
243123  22.933  -9.693  -38.025 0.2500000000
110968  18.469  -6.342  -37.121 0.1250000000
105524  19.542  -8.959  -37.070 0.2500000000
104414  21.195  -9.807  -37.291 0.2500000000
269250  18.460  -1.620  -39.677 0.2500000000
234051  23.429  -9.472  -38.313 0.2500000000
105510  19.407  -9.267  -36.544 0.1250000000
106717  18.989  -8.765  -36.722 0.1250000000
105538  20.386  -8.834  -37.680 0.2500000000
105523  20.142  -9.137  -37.305 0.2500000000
104415  20.522  -9.608  -37.057 0.1250000000
148635  17.676  14.648  -48.858 0.1250000000
147442  17.702  14.036  -48.812 0.1250000000
149763  17.644  15.150  -48.970 0.1250000000
149749  17.471  15.556  -48.386 0.1250000000
150906  17.577  15.937  -48.455 0.1250000000
152038  17.988  16.834  -48.112 0.1250000000
150918  17.671  15.857  -48.933 0.1250000000
238827  18.156  16.081  -47.533 0.1250000000
150895  17.769  16.383  -48.064 0.1250000000
154449  18.250  17.512  -47.401 0.1250000000
148611  17.189  14.158  -47.662 0.1250000000
152037  18.076  16.701  -47.472 0.1250000000
153256  18.184  17.119  -47.423 0.1250000000
153254  19.628  16.782  -46.417 0.1250000000
145021  17.078  12.791  -47.983 0.1250000000
147425  16.924  13.843  -47.674 0.1250000000
138879  17.767  8.146  -46.183 0.1250000000
115335  18.214  -3.900  -38.564 0.1250000000
119642  18.522  -1.930  -38.808 0.1250000000
140072  17.449  9.837  -46.678 0.1250000000
146227  16.784  13.080  -46.825 0.1250000000
147408  17.146  14.175  -47.479 0.1250000000
148610  17.417  14.680  -47.848 0.1250000000
243417  18.548  15.642  -47.648 0.1250000000
152035  20.254  16.211  -46.822 0.1250000000
250445  19.374  17.632  -45.301 0.1250000000
154447  18.258  17.663  -46.612 0.1250000000
145010  16.799  12.876  -47.175 0.1250000000
119710  18.582  -1.665  -40.380 0.1250000000
152058  17.829  16.270  -48.637 0.1250000000
153264  18.306  17.340  -47.906 0.1250000000
232403  18.648  -2.494  -39.494 0.1250000000
243374  18.555  -2.384  -38.870 0.1250000000
140048  17.560  9.217  -46.460 0.1250000000
234841  18.372  -0.949  -40.188 0.1250000000
120966  18.342  -1.129  -39.710 0.1250000000
119668  18.520  -1.953  -39.275 0.1250000000
122195  18.305  -0.937  -39.468 0.1250000000
120946  18.411  -1.411  -39.262 0.1250000000
149738  17.648  15.224  -47.953 0.1250000000
152036  18.162  16.574  -47.186 0.1250000000
250482  18.325  17.430  -47.020 0.1250000000
153255  18.355  16.901  -46.940 0.1250000000
149736  20.082  14.804  -47.213 0.1250000000
154432  20.015  17.639  -45.163 0.1250000000
109496  26.098  -7.358  -38.090 0.1250000000
111004  26.594  -6.654  -38.735 0.1250000000
111022  26.423  -6.317  -39.286 0.1250000000
112482  26.692  -5.806  -39.456 0.1250000000
113944  27.066  -4.767  -40.479 0.1250000000
113958  26.439  -4.814  -41.372 0.1250000000
115408  26.998  -3.988  -41.868 0.1250000000
233766  26.774  -3.800  -42.369 0.1250000000
118291  28.498  -2.547  -41.694 0.1250000000
118293  27.527  -3.039  -42.204 0.1250000000
116808  27.014  -3.296  -42.473 0.1250000000
119745  28.517  -2.016  -42.603 0.1250000000
119762  27.413  -2.015  -43.457 0.1250000000
122277  28.872  -1.110  -43.202 0.1250000000
121046  28.096  -1.714  -44.052 0.1250000000
121067  27.957  -1.562  -44.410 0.1250000000
104427  23.609  -9.723  -37.819 0.1250000000
243128  21.730  -9.667  -37.712 0.1250000000
105520  24.549  -9.218  -37.217 0.1250000000
263745  24.745  -8.814  -37.418 0.1250000000
106727  26.208  -8.124  -37.240 0.1250000000
109508  26.931  -6.742  -38.261 0.1250000000
108020  26.475  -7.388  -37.694 0.1250000000
111021  26.930  -6.104  -38.994 0.1250000000
113917  28.028  -4.947  -39.310 0.1250000000
115380  27.837  -4.053  -40.489 0.1250000000
116770  27.676  -3.913  -41.028 0.1250000000
118267  28.318  -3.105  -40.898 0.1250000000
121016  28.872  -1.673  -42.217 0.1250000000
122310  28.364  -0.941  -44.540 0.1250000000
123519  28.914  -0.555  -44.136 0.1250000000
122290  29.170  -0.645  -43.439 0.1250000000
123548  28.341  -0.272  -45.384 0.1250000000
259538  25.636  -7.648  -38.458 0.1250000000
109509  26.050  -7.100  -38.595 0.1250000000
121047  27.736  -1.800  -44.007 0.1250000000
112495  27.001  -5.409  -39.726 0.1250000000
118308  27.299  -2.766  -42.605 0.1250000000
106744  24.757  -8.554  -37.925 0.1250000000
106729  25.189  -8.597  -37.455 0.1250000000
104411  23.106  -9.990  -37.479 0.1250000000
108021  25.983  -7.825  -37.736 0.1250000000
112480  27.757  -5.430  -39.048 0.1250000000
115381  27.381  -4.345  -40.759 0.1250000000
115369  27.551  -4.506  -40.223 0.1250000000
116796  27.247  -3.511  -42.027 0.1250000000
119733  28.295  -2.376  -42.239 0.1250000000
229050  27.914  -3.428  -41.234 0.1250000000
119732  28.735  -2.133  -41.953 0.1250000000
119761  27.909  -1.949  -43.506 0.1250000000
122291  28.675  -1.085  -43.933 0.1250000000
122265  28.969  -1.118  -42.470 0.1250000000
104401  23.936  -10.009  -36.665 0.1250000000
105507  25.271  -9.123  -36.540 0.1250000000
112463  28.043  -5.677  -38.539 0.1250000000
250855  29.374  -0.127  -43.613 0.1250000000
104400  24.470  -9.779  -36.420 0.1250000000
104410  23.757  -9.871  -37.237 0.1250000000
104412  22.395  -9.934  -37.697 0.1250000000
104428  22.202  -9.438  -38.156 0.2500000000
104429  21.230  -9.391  -37.659 0.2500000000
105509  19.971  -9.401  -36.804 0.1250000000
105519  24.988  -8.950  -37.033 0.1250000000
105521  24.154  -9.564  -37.552 0.1250000000
105522  20.741  -9.307  -37.482 0.2500000000
105533  24.391  -9.014  -37.692 0.1250000000
105534  23.961  -9.360  -38.051 0.2500000000
105535  22.812  -9.287  -38.435 0.2500000000
105537  20.983  -8.983  -37.814 0.2500000000
105548  22.330  -9.056  -38.565 0.3750000000
106728  25.741  -8.355  -37.386 0.1250000000
106743  25.351  -8.161  -37.986 0.2500000000
106745  24.184  -8.769  -38.189 0.1250000000
106747  20.702  -8.479  -37.984 0.3750000000
106756  24.516  -8.425  -38.536 0.2500000000
106757  23.993  -8.640  -38.760 0.3750000000
106760  21.566  -8.480  -38.480 0.3750000000
106773  23.712  -8.377  -39.196 0.2500000000
106774  23.083  -8.448  -39.225 0.3750000000
108009  26.487  -7.803  -37.352 0.1250000000
108019  27.052  -7.027  -37.765 0.1250000000
108031  25.200  -7.987  -38.566 0.1250000000
108034  20.553  -7.524  -38.514 0.5000000000
108047  24.634  -7.876  -39.352 0.3750000000
108048  24.021  -7.972  -39.497 0.5000000000
108050  22.155  -7.999  -39.102 0.5000000000
108062  23.653  -7.532  -39.783 0.6250000000
109495  26.499  -7.025  -38.160 0.1250000000
109511  20.789  -7.103  -38.849 0.5000000000
109522  24.980  -7.390  -39.623 0.5000000000
109527  21.089  -6.755  -39.149 0.6250000000
109542  23.218  -7.123  -40.045 0.5000000000
109543  22.595  -7.027  -39.840 0.6250000000
110967  18.930  -6.548  -37.590 0.1250000000
111003  27.176  -6.384  -38.517 0.1250000000
111023  25.480  -6.832  -39.684 0.5000000000
111025  20.897  -6.179  -39.304 0.6250000000
111026  20.336  -6.156  -39.046 0.5000000000
111035  26.245  -6.088  -39.777 0.1250000000
111041  21.383  -6.031  -39.596 0.6250000000
111049  24.296  -6.287  -40.672 0.3750000000
111050  23.896  -6.579  -40.619 0.6250000000
111051  23.198  -6.119  -40.724 0.7500000000
111052  22.754  -6.309  -40.415 0.6250000000
112464  27.454  -5.873  -38.738 0.1250000000
112481  27.207  -5.613  -39.225 0.1250000000
112496  26.507  -5.634  -39.987 0.2500000000
112511  25.036  -5.859  -40.862 0.2500000000
112513  23.784  -5.953  -40.863 0.5000000000
112521  25.756  -5.357  -41.418 0.3750000000
112522  25.276  -5.526  -41.400 0.3750000000
112524  24.104  -5.586  -41.277 0.7500000000
112525  23.286  -5.230  -41.369 0.7500000000
113918  27.516  -5.198  -39.514 0.1250000000
113930  27.801  -4.731  -39.770 0.1250000000
113931  27.271  -4.963  -39.973 0.1250000000
113932  26.775  -5.191  -40.223 0.2500000000
113945  26.626  -5.056  -40.830 0.1250000000
113949  21.118  -4.681  -40.452 0.7500000000
113959  25.992  -4.938  -41.603 0.2500000000
113961  24.933  -5.277  -41.769 0.3750000000
113964  22.479  -4.734  -41.191 0.7500000000
113972  24.619  -4.924  -41.885 0.5000000000
115368  28.058  -4.229  -40.012 0.1250000000
115382  26.903  -4.600  -41.060 0.1250000000
115384  20.938  -4.179  -40.820 0.7500000000
115396  27.202  -4.172  -41.317 0.1250000000
115397  26.701  -4.380  -41.608 0.1250000000
115398  26.221  -4.530  -41.849 0.2500000000
115400  22.199  -4.256  -41.354 0.7500000000
115402  21.056  -3.773  -41.157 0.7500000000
115410  26.036  -4.244  -42.341 0.2500000000
115411  25.159  -4.119  -42.230 0.3750000000
115413  23.827  -4.239  -42.017 0.6250000000
115415  22.528  -3.885  -41.689 0.7500000000
115421  25.631  -4.049  -42.455 0.3750000000
115423  24.787  -3.769  -42.279 0.5000000000
116782  27.745  -3.254  -41.738 0.1250000000
116783  27.467  -3.717  -41.533 0.1250000000
116787  20.377  -3.094  -40.881 0.7500000000
116797  26.390  -3.998  -42.590 0.1250000000
116798  24.223  -3.739  -42.272 0.7500000000
116809  26.509  -3.578  -42.708 0.2500000000
118278  28.185  -2.952  -41.436 0.1250000000
118292  28.023  -2.793  -41.958 0.1250000000
118295  23.010  -2.865  -42.177 0.7500000000
118298  21.226  -2.477  -41.917 0.8750000000
118307  27.818  -2.589  -42.456 0.1250000000
118309  26.724  -2.939  -42.752 0.2500000000
118312  24.700  -2.808  -42.910 0.6250000000
118314  23.311  -2.579  -42.438 0.7500000000
118323  27.002  -2.359  -42.917 0.2500000000
119736  21.704  -2.460  -42.087 0.8750000000
119737  20.855  -2.003  -42.098 0.8750000000
119746  28.095  -2.176  -42.849 0.1250000000
119747  27.622  -2.318  -42.960 0.1250000000
119748  24.213  -2.782  -42.717 0.7500000000
119750  23.072  -1.924  -42.508 0.8750000000
119753  21.208  -1.667  -42.541 0.8750000000
119763  26.764  -2.023  -43.315 0.2500000000
121029  28.655  -1.594  -42.937 0.1250000000
121030  28.307  -1.879  -43.355 0.1250000000
121031  23.509  -1.599  -42.796 0.8750000000
121035  20.305  -1.065  -42.316 1.0000000000
121045  28.452  -1.547  -43.711 0.1250000000
121048  26.645  -1.692  -43.694 0.2500000000
121053  23.239  -1.128  -43.113 0.8750000000
121066  28.206  -1.508  -44.354 0.1250000000
122276  29.260  -0.658  -42.746 0.1250000000
122296  22.921  -0.616  -43.419 0.8750000000
122311  28.032  -1.224  -44.621 0.2500000000
122312  27.788  -1.251  -44.572 0.2500000000
122314  25.204  -0.482  -43.759 0.6250000000
122317  22.489  -0.297  -43.682 1.0000000000
122318  22.026  -0.237  -43.685 1.0000000000
123514  20.631  -0.162  -42.976 1.0000000000
123522  20.431  0.278  -43.234 1.0000000000
123529  28.137  -0.711  -44.903 0.1250000000
123530  27.609  -0.702  -44.686 0.3750000000
123532  26.129  -0.052  -44.065 0.6250000000
123535  24.001  0.154  -43.958 1.0000000000
123538  21.827  0.246  -43.902 1.0000000000
123539  21.331  0.441  -43.701 1.0000000000
123550  27.392  -0.001  -44.724 0.5000000000
124691  19.500  0.536  -42.698 0.8750000000
124701  20.753  0.564  -43.623 1.0000000000
124702  20.268  0.741  -43.433 1.0000000000
124711  26.852  0.398  -44.452 0.6250000000
124713  25.721  0.504  -44.072 0.7500000000
124715  24.144  0.738  -44.200 1.0000000000
124718  21.092  0.857  -43.973 1.0000000000
124727  27.106  0.731  -44.800 0.3750000000
124729  23.766  1.149  -44.639 1.0000000000
124740  27.950  0.834  -45.711 0.5000000000
125917  19.286  1.387  -42.706 0.8750000000
125940  25.308  1.100  -44.207 0.7500000000
125942  20.925  1.324  -44.157 1.0000000000
125953  25.161  1.700  -44.567 0.7500000000
125955  23.740  1.627  -45.058 1.0000000000
125968  27.855  1.479  -45.590 0.5000000000
125969  23.471  1.860  -45.389 1.0000000000
125971  22.511  1.515  -45.244 1.0000000000
125982  28.721  1.265  -46.584 0.1250000000
127116  19.679  2.437  -43.814 0.8750000000
127129  24.889  2.268  -44.865 1.0000000000
127144  28.235  1.683  -46.055 0.3750000000
127146  24.019  2.396  -45.518 1.0000000000
127148  23.168  2.177  -45.630 1.0000000000
127149  22.559  2.007  -45.572 1.0000000000
127160  29.241  1.426  -47.052 0.1250000000
127164  22.409  2.472  -45.842 1.0000000000
127165  22.008  2.631  -45.968 1.0000000000
128386  19.143  2.796  -43.440 0.7500000000
128387  18.713  3.130  -43.026 0.3750000000
128426  28.135  2.395  -45.897 0.3750000000
128429  24.163  2.815  -45.644 1.0000000000
128430  23.724  2.741  -45.844 1.0000000000
128431  23.334  2.600  -45.863 1.0000000000
128432  21.553  2.733  -45.753 1.0000000000
128447  23.049  2.877  -46.180 1.0000000000
128450  21.286  3.211  -45.972 1.0000000000
129762  25.087  3.233  -45.252 1.0000000000
129781  20.274  3.710  -45.284 1.0000000000
129794  23.623  3.170  -46.141 1.0000000000
129797  21.042  3.825  -46.157 1.0000000000
129807  29.404  2.944  -47.976 0.1250000000
129810  22.541  3.722  -46.787 1.0000000000
131148  25.494  4.307  -45.563 0.8750000000
131149  24.983  3.883  -45.533 1.0000000000
131151  19.598  4.274  -45.109 0.6250000000
131168  23.487  3.691  -46.491 1.0000000000
131182  28.929  3.572  -47.505 0.1250000000
131184  23.123  4.055  -46.823 1.0000000000
131186  22.292  4.223  -47.042 1.0000000000
131200  29.819  3.390  -48.657 0.1250000000
132426  26.388  4.696  -45.622 0.8750000000
132427  25.886  4.634  -45.633 0.8750000000
132428  25.454  4.777  -45.872 0.8750000000
132446  24.492  4.687  -46.298 1.0000000000
132460  28.800  4.374  -47.349 0.1250000000
132464  23.053  4.588  -47.171 1.0000000000
132465  22.525  4.575  -47.352 1.0000000000
132466  22.022  4.678  -47.323 1.0000000000
132482  22.284  5.027  -47.643 1.0000000000
132483  21.752  5.155  -47.542 1.0000000000
132484  21.156  5.324  -47.318 1.0000000000
133772  18.248  5.505  -43.323 0.1250000000
133796  27.903  5.459  -46.373 0.6250000000
133800  25.225  5.761  -46.485 1.0000000000
133801  24.681  5.683  -46.730 1.0000000000
133813  28.866  5.061  -47.310 0.1250000000
133815  24.276  5.732  -46.956 1.0000000000
133832  22.019  5.483  -47.894 1.0000000000
133844  29.463  5.171  -48.960 0.1250000000
133845  29.326  5.372  -48.169 0.1250000000
135241  18.342  6.145  -44.918 0.2500000000
135259  27.684  6.771  -46.445 0.6250000000
135260  27.234  6.389  -46.297 0.7500000000
135261  26.734  6.105  -46.258 0.8750000000
135272  29.005  6.544  -47.235 0.5000000000
135275  24.028  6.056  -47.210 1.0000000000
135276  23.610  5.821  -47.496 1.0000000000
135288  29.159  6.274  -47.638 0.1250000000
135290  23.174  5.896  -47.817 1.0000000000
135292  21.748  5.964  -48.124 1.0000000000
135293  21.120  6.168  -48.043 1.0000000000
135300  29.346  6.221  -48.160 0.1250000000
135301  22.175  6.420  -48.327 1.0000000000
136576  27.725  7.231  -46.642 0.6250000000
136577  27.257  7.191  -46.630 0.7500000000
136579  26.232  6.994  -46.419 0.8750000000
136580  25.721  6.710  -46.453 1.0000000000
136594  25.268  7.043  -46.624 1.0000000000
136595  24.762  6.793  -46.885 1.0000000000
136596  24.229  6.628  -47.216 1.0000000000
136597  19.704  6.948  -47.330 0.8750000000
136598  18.909  7.264  -46.867 0.8750000000
136606  24.007  7.080  -47.640 1.0000000000
136607  23.406  7.000  -48.052 1.0000000000
136617  29.346  6.857  -48.170 0.2500000000
136620  21.808  6.951  -48.539 1.0000000000
136622  20.116  7.431  -48.021 1.0000000000
136628  29.529  6.725  -49.107 0.2500000000
137779  26.937  7.584  -46.698 0.7500000000
137799  28.935  7.221  -47.323 0.3750000000
137801  28.005  7.553  -46.747 0.6250000000
137803  25.339  7.654  -46.851 1.0000000000
137805  18.460  7.628  -46.758 0.5000000000
137806  18.089  7.748  -46.413 0.3750000000
137819  28.597  7.818  -47.310 0.6250000000
137821  23.826  7.607  -47.944 1.0000000000
137833  29.170  7.798  -48.243 0.5000000000
137836  21.455  7.492  -48.578 1.0000000000
137839  19.812  7.857  -48.122 1.0000000000
137847  29.408  7.455  -49.178 0.2500000000
137858  29.411  7.450  -50.406 0.1250000000
138867  27.781  8.039  -46.714 0.6250000000
138869  26.672  8.075  -46.728 0.8750000000
138887  28.425  8.270  -47.256 0.6250000000
138888  27.563  8.544  -46.799 0.6250000000
138889  26.383  8.513  -46.920 0.8750000000
138890  25.967  8.436  -47.119 0.8750000000
138891  25.590  8.645  -47.371 1.0000000000
138904  29.049  8.322  -48.011 0.5000000000
138908  23.632  8.190  -48.061 1.0000000000
138909  19.348  8.207  -48.002 0.6250000000
138924  29.230  8.263  -48.417 0.3750000000
138928  21.101  7.963  -48.682 1.0000000000
138929  20.255  8.155  -48.471 1.0000000000
138943  29.358  8.472  -48.810 0.3750000000
138944  21.687  8.620  -48.995 1.0000000000
138945  21.212  8.457  -48.937 1.0000000000
138962  29.382  8.270  -49.783 0.2500000000
140062  27.316  9.073  -46.851 0.6250000000
140071  17.879  9.233  -46.933 0.1250000000
140087  25.250  9.160  -47.467 1.0000000000
140090  23.669  9.449  -48.044 1.0000000000
140111  19.608  9.047  -48.453 0.8750000000
140122  29.466  8.677  -49.326 0.2500000000
140124  22.353  9.257  -48.793 1.0000000000
140126  21.254  9.039  -49.153 1.0000000000
140134  29.408  8.838  -49.840 0.2500000000
140135  29.193  9.360  -49.928 0.2500000000
141306  27.668  10.039  -46.898 0.6250000000
141309  25.894  9.631  -47.084 0.8750000000
141326  28.575  9.995  -47.576 0.5000000000
141328  24.983  9.587  -47.539 1.0000000000
141330  23.994  9.842  -47.888 1.0000000000
141331  23.462  9.909  -48.078 1.0000000000
141345  29.092  9.811  -48.449 0.5000000000
141348  22.478  9.807  -48.661 1.0000000000
141351  18.302  9.973  -48.121 0.8750000000
141368  21.501  9.570  -49.204 1.0000000000
141369  20.975  9.629  -49.247 1.0000000000
141371  19.928  9.872  -49.082 1.0000000000
141403  28.668  9.624  -51.086 0.1250000000
142492  27.467  10.593  -46.840 0.5000000000
142494  26.386  10.522  -46.919 0.8750000000
142495  25.758  10.672  -47.114 0.8750000000
142509  28.438  10.517  -47.499 0.5000000000
142510  27.999  10.530  -47.142 0.5000000000
142514  23.170  10.389  -48.116 1.0000000000
142522  28.953  10.353  -48.307 0.3750000000
142525  22.099  10.282  -48.864 1.0000000000
142527  18.519  10.326  -48.386 0.7500000000
142528  17.927  10.386  -48.028 0.7500000000
142539  19.566  10.347  -49.043 1.0000000000
142540  18.888  10.760  -48.802 1.0000000000
142572  28.748  10.347  -51.010 0.1250000000
142586  27.954  10.752  -52.314 0.1250000000
142603  26.739  10.762  -53.737 0.1250000000
143702  27.273  11.116  -46.843 0.5000000000
143703  26.694  11.078  -46.795 0.7500000000
143704  26.130  11.116  -46.991 0.7500000000
143705  25.560  11.242  -47.209 0.8750000000
143715  16.774  11.937  -46.435 0.1250000000
143722  28.556  11.043  -47.748 0.5000000000
143725  23.748  11.164  -47.744 0.8750000000
143737  28.765  11.296  -48.202 0.5000000000
143738  22.709  11.365  -48.441 1.0000000000
143740  18.306  11.363  -48.809 0.7500000000
143742  17.133  11.966  -47.968 0.5000000000
143751  21.627  11.310  -49.234 1.0000000000
143752  20.992  11.141  -49.549 1.0000000000
143753  20.274  11.234  -49.570 1.0000000000
143754  19.675  11.125  -49.390 1.0000000000
143762  28.882  11.201  -49.682 0.1250000000
143800  28.544  10.862  -51.508 0.1250000000
143827  27.480  11.528  -52.911 0.1250000000
144986  27.654  11.619  -47.142 0.5000000000
144987  27.283  12.116  -46.957 0.7500000000
144990  25.298  11.879  -47.254 0.7500000000
145004  24.141  11.892  -47.628 0.8750000000
145015  28.890  11.465  -48.723 0.2500000000
145017  22.536  11.854  -48.728 1.0000000000
145018  21.897  11.841  -49.047 1.0000000000
145028  28.878  11.999  -48.886 0.1250000000
145031  19.734  12.218  -49.316 1.0000000000
145052  28.721  11.971  -50.365 0.1250000000
145069  28.507  12.072  -50.901 0.1250000000
145105  27.169  12.084  -53.298 0.1250000000
146216  27.009  12.655  -46.964 0.7500000000
146218  25.805  12.785  -47.140 0.7500000000
146237  28.058  12.555  -47.467 0.5000000000
146238  24.857  12.769  -47.512 0.7500000000
146240  23.400  12.343  -48.266 0.8750000000
146246  16.775  13.580  -47.307 0.1250000000
146254  23.185  12.882  -48.381 1.0000000000
146261  17.010  13.448  -48.104 0.3750000000
146269  28.940  12.264  -49.399 0.3750000000
146270  28.835  12.470  -48.976 0.3750000000
146283  28.824  12.486  -49.943 0.1250000000
146321  28.006  12.591  -51.778 0.1250000000
146335  27.436  12.628  -52.533 0.1250000000
147381  26.830  13.167  -47.087 0.6250000000
147383  25.755  13.261  -47.300 0.6250000000
147389  16.832  13.581  -47.099 0.1250000000
147397  27.802  13.158  -47.396 0.5000000000
147400  24.836  13.392  -47.722 0.7500000000
147402  23.728  13.075  -48.123 0.7500000000
147418  28.370  13.458  -48.264 0.3750000000
147422  22.213  13.353  -48.836 0.8750000000
147424  17.177  13.934  -48.206 0.1250000000
147435  28.813  12.786  -49.242 0.1250000000
147438  20.527  13.312  -49.537 1.0000000000
147454  28.760  13.338  -49.165 0.1250000000
147470  28.546  13.299  -51.352 0.1250000000
148589  26.667  13.697  -47.200 0.3750000000
148600  26.396  14.251  -47.311 0.3750000000
148603  24.512  13.959  -47.889 0.7500000000
148616  28.047  14.143  -48.097 0.3750000000
148621  17.412  14.464  -48.289 0.1250000000
148644  28.793  13.699  -49.708 0.1250000000
148663  28.606  13.793  -51.123 0.1250000000
148679  27.605  13.614  -52.511 0.1250000000
148687  27.569  13.883  -53.040 0.1250000000
149729  26.059  14.710  -47.509 0.6250000000
149742  28.232  14.667  -48.480 0.3750000000
149743  27.580  15.037  -48.146 0.3750000000
149744  24.271  14.394  -48.022 0.7500000000
149746  23.327  14.720  -48.565 0.7500000000
149748  17.641  15.645  -47.952 0.1250000000
149750  17.491  15.110  -48.501 0.1250000000
149754  28.514  15.031  -49.306 0.1250000000
149764  28.638  14.892  -49.879 0.1250000000
150885  26.805  15.147  -47.804 0.3750000000
150888  25.066  15.068  -47.878 0.6250000000
150907  17.517  15.570  -48.804 0.1250000000
150910  28.233  15.510  -49.198 0.2500000000
150911  27.935  15.554  -48.782 0.2500000000
150917  18.280  15.899  -49.235 0.3750000000
152042  27.367  16.398  -48.755 0.3750000000
152043  27.061  16.018  -48.353 0.2500000000
152044  26.340  15.999  -48.168 0.3750000000
152046  23.894  15.965  -48.727 0.7500000000
152060  28.438  15.995  -50.017 0.1250000000
152061  28.129  16.323  -49.536 0.1250000000
152066  28.482  16.154  -51.179 0.1250000000
153266  27.260  16.855  -48.975 0.3750000000
153267  26.605  16.983  -48.877 0.2500000000
153268  26.015  16.847  -48.638 0.3750000000
153271  23.660  16.820  -49.246 0.3750000000
153284  28.179  17.156  -50.132 0.1250000000
153287  28.407  16.763  -50.967 0.1250000000
154446  20.013  17.231  -46.163 0.1250000000
154448  18.133  17.837  -47.196 0.1250000000
154456  18.621  17.993  -47.863 0.1250000000
154460  26.412  17.579  -49.128 0.3750000000
154464  23.601  17.407  -49.554 0.3750000000
154470  19.050  17.891  -48.353 0.2500000000
155701  26.163  18.069  -49.385 0.2500000000
225718  27.330  -6.617  -38.084 0.1250000000
226420  27.845  6.115  -46.345 0.7500000000
226618  24.645  1.832  -44.769 0.7500000000
227160  25.150  -6.563  -40.217 0.3750000000
228294  25.402  5.223  -46.224 1.0000000000
228679  27.761  9.521  -46.906 0.6250000000
229665  22.841  -6.778  -40.238 0.6250000000
230287  25.708  8.137  -47.126 1.0000000000
230420  28.708  9.425  -47.662 0.5000000000
230607  25.870  -0.553  -43.906 0.6250000000
230681  26.061  12.329  -46.906 0.7500000000
230770  20.794  -4.878  -40.126 0.7500000000
231376  28.720  14.421  -49.471 0.2500000000
231607  23.519  14.175  -48.454 0.7500000000
232196  22.945  -4.872  -41.387 0.7500000000
232204  29.309  9.237  -49.399 0.2500000000
232306  29.197  9.337  -48.514 0.3750000000
232869  26.811  18.950  -51.552 0.1250000000
232989  23.422  0.013  -43.944 1.0000000000
233285  25.673  12.262  -47.035 0.7500000000
233292  28.925  5.838  -47.357 0.1250000000
233433  24.187  10.801  -47.671 0.8750000000
234072  26.062  2.522  -44.744 0.8750000000
235128  21.255  14.188  -49.289 0.8750000000
235283  22.781  3.218  -46.553 1.0000000000
235844  28.499  12.842  -48.220 0.3750000000
236524  29.351  4.644  -48.610 0.1250000000
236872  18.862  -2.571  -39.968 0.3750000000
237181  21.615  -8.029  -38.734 0.5000000000
237678  28.736  11.867  -48.318 0.3750000000
237962  22.056  -2.803  -41.904 0.7500000000
238059  22.184  8.100  -48.736 1.0000000000
240532  26.253  5.421  -46.064 0.8750000000
240742  27.800  12.179  -47.190 0.5000000000
241262  23.807  -5.252  -41.587 0.7500000000
241561  28.892  10.784  -50.006 0.1250000000
241794  28.472  13.674  -51.730 0.1250000000
242090  20.665  7.931  -48.533 1.0000000000
243173  22.740  1.183  -45.017 1.0000000000
243940  19.928  10.722  -49.521 1.0000000000
245072  21.293  13.687  -49.235 1.0000000000
245465  19.188  12.501  -49.268 1.0000000000
245610  24.982  -0.005  -43.896 0.8750000000
246362  20.162  7.026  -47.760 1.0000000000
246435  20.708  15.123  -49.593 0.8750000000
246538  20.253  12.955  -49.552 1.0000000000
246552  28.413  14.624  -51.721 0.1250000000
248131  24.135  8.151  -47.792 1.0000000000
248475  27.117  6.846  -46.427 0.7500000000
248493  29.066  10.260  -50.053 0.2500000000
248816  28.491  14.511  -51.068 0.1250000000
248939  27.015  4.789  -45.815 0.7500000000
249139  21.881  10.861  -48.991 1.0000000000
249287  28.566  15.892  -50.602 0.1250000000
249874  23.693  13.642  -48.410 0.8750000000
250168  23.301  10.849  -47.887 1.0000000000
250598  26.113  9.317  -47.005 0.8750000000
250628  28.308  11.554  -51.726 0.1250000000
251175  22.865  10.866  -48.163 1.0000000000
251179  20.730  10.149  -49.428 1.0000000000
251537  25.149  -3.073  -42.959 0.3750000000
252033  28.243  10.923  -47.400 0.5000000000
252582  21.671  10.002  -49.094 1.0000000000
253367  21.324  12.956  -49.060 1.0000000000
253620  29.099  9.757  -50.102 0.2500000000
254377  28.815  10.810  -48.115 0.5000000000
254488  27.160  14.854  -47.794 0.3750000000
254500  23.326  -0.385  -43.664 0.8750000000
254752  25.776  15.920  -48.131 0.3750000000
255769  19.718  13.772  -49.552 1.0000000000
256649  28.759  0.933  -46.312 0.1250000000
257401  28.502  8.848  -47.322 0.6250000000
258636  27.982  12.074  -51.911 0.1250000000
259050  23.496  8.859  -48.124 1.0000000000
259593  19.965  15.381  -49.710 0.7500000000
259741  25.952  18.468  -49.664 0.2500000000
261415  20.512  -1.766  -42.059 0.8750000000
261865  20.368  -0.319  -42.728 1.0000000000
263255  21.446  12.404  -49.154 1.0000000000
265097  25.430  10.284  -47.231 0.8750000000
265816  19.946  -7.798  -37.765 0.5000000000
266026  29.023  9.430  -50.335 0.1250000000
266311  23.938  11.547  -47.644 0.8750000000
266729  28.771  1.938  -47.315 0.1250000000
267195  25.983  -6.472  -39.585 0.3750000000
267296  24.914  12.282  -47.378 0.8750000000
267370  27.911  14.723  -48.201 0.3750000000
267388  23.959  8.615  -47.904 1.0000000000
267525  28.082  11.619  -52.130 0.1250000000
267746  18.261  -3.419  -38.477 0.1250000000
268314  20.219  19.703  -49.051 0.1250000000
268334  23.246  -9.133  -38.635 0.3750000000
268665  19.338  7.107  -47.082 0.8750000000
268744  20.608  6.192  -47.717 1.0000000000
269117  27.524  1.212  -45.389 0.5000000000
269252  19.432  0.990  -42.711 0.7500000000
269893  28.953  10.694  -49.059 0.2500000000
269969  27.988  9.794  -47.028 0.6250000000
270953  27.746  13.585  -47.474 0.3750000000
271529  21.942  8.363  -48.859 1.0000000000
