#!ascii label  , from subject corrected_filled vox2ras=TkReg
1638
28822  25.067  -55.347  -29.487 0.6000000238
27668  23.093  -55.238  -21.584 0.6999999881
27698  24.120  -55.095  -22.921 0.6999999881
29838  25.851  -54.149  -24.511 0.8999999762
29867  25.388  -54.155  -26.024 0.8000000119
29900  25.616  -54.122  -26.975 0.8000000119
27754  24.460  -55.477  -29.344 0.6000000238
27777  23.988  -55.780  -30.618 0.6999999881
28845  24.094  -55.383  -31.186 0.6999999881
27669  22.386  -54.925  -21.823 0.6999999881
27655  22.181  -55.215  -20.977 0.6999999881
28696  22.633  -54.762  -22.846 0.6999999881
28729  22.679  -54.637  -23.989 0.6000000238
247882  23.447  -54.732  -24.237 0.6999999881
28727  24.466  -54.773  -23.993 0.6999999881
251570  24.092  -54.710  -24.852 0.8000000119
28758  24.286  -54.607  -25.775 0.8000000119
28772  24.809  -54.427  -26.311 0.8000000119
28792  24.464  -54.621  -26.902 0.8000000119
28811  24.450  -54.999  -28.078 0.6000000238
257990  23.384  -55.674  -30.554 0.6000000238
29945  23.618  -54.855  -30.993 0.6999999881
29943  24.954  -54.394  -31.088 0.6999999881
28698  21.073  -54.239  -22.569 0.5000000000
27656  21.669  -54.888  -20.929 0.6000000238
29813  20.753  -53.682  -23.596 0.4000000060
28714  21.897  -54.557  -23.444 0.6000000238
28741  21.175  -54.067  -24.407 0.5000000000
28740  22.603  -54.585  -24.954 0.6000000238
239588  23.486  -54.713  -24.803 0.8000000119
225946  22.843  -54.636  -25.980 0.6999999881
251907  22.784  -54.758  -27.490 0.6999999881
28812  22.393  -54.962  -28.712 0.6999999881
28835  22.332  -54.814  -30.452 0.5000000000
29946  22.819  -54.327  -30.803 0.6000000238
31010  24.055  -53.258  -30.221 0.6000000238
29935  24.619  -53.745  -30.428 0.6000000238
31021  25.995  -53.521  -30.658 0.5000000000
31943  22.126  -52.874  -22.598 0.5000000000
231821  21.124  -53.839  -21.691 0.6000000238
28643  21.462  -54.531  -20.097 0.6000000238
30912  21.030  -53.440  -22.567 0.5000000000
262572  21.179  -53.887  -25.322 0.5000000000
29868  21.291  -53.764  -26.212 0.6000000238
29901  21.619  -54.032  -27.178 0.6000000238
28806  21.959  -54.455  -28.267 0.6000000238
29928  21.538  -54.158  -29.623 0.5000000000
29937  21.677  -54.135  -30.288 0.5000000000
238259  22.061  -53.784  -30.718 0.6000000238
31011  23.164  -53.415  -30.606 0.6000000238
32084  24.769  -53.020  -29.974 0.5000000000
32068  25.536  -52.337  -29.528 0.5000000000
32055  26.954  -52.095  -29.115 0.5000000000
239342  26.106  -52.422  -29.425 0.5000000000
30890  21.333  -53.337  -21.269 0.5000000000
30875  21.515  -53.329  -20.541 0.5000000000
30925  20.957  -53.432  -23.118 0.5000000000
30943  22.185  -52.947  -24.258 0.4000000060
32013  23.593  -52.692  -25.379 0.3000000119
259681  22.075  -53.009  -25.193 0.4000000060
238629  23.178  -52.735  -26.370 0.3000000119
32028  23.737  -52.599  -25.960 0.3000000119
30960  21.607  -53.285  -26.043 0.5000000000
30989  22.103  -53.180  -27.189 0.5000000000
32051  21.870  -52.934  -28.268 0.5000000000
251867  21.298  -53.740  -29.091 0.5000000000
31002  21.074  -53.147  -30.195 0.5000000000
32100  21.390  -52.617  -30.733 0.6000000238
33143  22.294  -52.042  -30.971 0.6000000238
32085  24.295  -52.539  -30.020 0.5000000000
33114  25.139  -51.709  -29.589 0.5000000000
34154  26.206  -51.323  -28.943 0.5000000000
240567  21.994  -52.636  -21.494 0.5000000000
31942  22.951  -52.677  -22.364 0.5000000000
31962  23.978  -52.571  -23.120 0.5000000000
244726  24.243  -52.523  -24.157 0.4000000060
31985  23.038  -52.746  -24.012 0.5000000000
31998  24.096  -52.535  -24.842 0.4000000060
263963  24.756  -52.218  -25.935 0.3000000119
256798  23.825  -52.387  -27.065 0.3000000119
32050  22.658  -52.567  -27.985 0.4000000060
247460  21.420  -53.031  -28.830 0.5000000000
32071  21.373  -52.380  -29.358 0.4000000060
34179  23.426  -51.404  -30.872 0.5000000000
35195  24.188  -50.322  -30.707 0.5000000000
34166  24.633  -51.348  -29.983 0.5000000000
225317  26.986  -50.705  -28.477 0.5000000000
35166  26.696  -50.217  -28.685 0.4000000060
34164  25.568  -51.184  -29.272 0.5000000000
31909  23.479  -52.288  -21.299 0.5000000000
225836  24.159  -52.476  -22.432 0.5000000000
31961  24.568  -52.475  -22.956 0.5000000000
229411  24.813  -52.434  -24.058 0.4000000060
33041  25.327  -52.052  -25.107 0.4000000060
251759  25.194  -51.878  -26.040 0.3000000119
32043  24.554  -51.810  -27.269 0.3000000119
32048  23.797  -52.065  -27.803 0.4000000060
237553  23.347  -51.400  -28.710 0.4000000060
34167  22.719  -50.816  -29.203 0.4000000060
32057  22.904  -52.000  -28.512 0.4000000060
33115  21.930  -51.172  -29.466 0.4000000060
34169  21.440  -50.925  -30.038 0.5000000000
34192  21.497  -50.753  -30.664 0.5000000000
33144  21.761  -51.434  -30.881 0.6000000238
35194  24.923  -50.282  -30.138 0.4000000060
35181  25.471  -50.537  -29.427 0.5000000000
31922  24.982  -52.167  -21.983 0.4000000060
33022  25.850  -51.925  -23.977 0.4000000060
31959  25.714  -52.068  -22.867 0.4000000060
33058  25.829  -51.677  -25.098 0.4000000060
34130  26.102  -50.841  -26.116 0.4000000060
33087  25.340  -51.207  -27.036 0.4000000060
34143  24.879  -50.440  -27.888 0.4000000060
33090  24.278  -51.696  -27.844 0.4000000060
33101  24.036  -51.236  -28.350 0.4000000060
259868  23.066  -50.239  -29.074 0.4000000060
34168  21.699  -50.471  -29.754 0.5000000000
35198  21.517  -49.836  -30.686 0.5000000000
36198  22.214  -49.452  -31.010 0.6000000238
35213  23.794  -49.737  -30.907 0.5000000000
37142  24.871  -48.695  -30.905 0.4000000060
36183  24.545  -49.847  -30.611 0.4000000060
32978  25.562  -51.601  -21.746 0.4000000060
33021  26.359  -51.637  -23.757 0.4000000060
33002  26.221  -51.730  -22.783 0.4000000060
250072  26.646  -50.941  -25.091 0.4000000060
35131  25.918  -50.462  -26.678 0.4000000060
35168  24.596  -49.878  -28.135 0.4000000060
258214  24.137  -49.825  -28.514 0.4000000060
35182  22.903  -49.584  -29.256 0.4000000060
36171  21.939  -49.382  -29.753 0.5000000000
235453  22.258  -48.428  -30.481 0.4000000060
247531  23.785  -49.208  -30.939 0.6000000238
35036  27.062  -50.631  -22.627 0.4000000060
34058  27.095  -50.949  -23.714 0.4000000060
256303  27.174  -50.456  -24.517 0.4000000060
35116  26.537  -50.419  -25.831 0.4000000060
35142  26.013  -49.860  -26.751 0.4000000060
36134  25.752  -49.524  -27.195 0.4000000060
37099  25.230  -48.925  -27.841 0.5000000000
36148  24.902  -49.377  -28.024 0.4000000060
36158  24.317  -49.275  -28.524 0.3000000119
37110  24.149  -48.689  -28.698 0.3000000119
36169  23.085  -49.030  -29.162 0.4000000060
38105  22.402  -47.959  -30.151 0.4000000060
39071  22.852  -47.709  -30.536 0.4000000060
237292  23.081  -48.689  -30.865 0.5000000000
34023  25.592  -51.160  -21.481 0.4000000060
35115  26.887  -50.046  -25.629 0.4000000060
37070  26.684  -49.009  -26.267 0.4000000060
266604  26.245  -48.669  -26.956 0.3000000119
237443  25.593  -47.911  -27.731 0.3000000119
38077  24.788  -48.301  -28.313 0.3000000119
38078  24.312  -48.274  -28.636 0.3000000119
248399  23.245  -47.661  -29.125 0.3000000119
40025  23.077  -46.541  -30.095 0.4000000060
40032  23.851  -46.672  -30.546 0.4000000060
35064  27.526  -49.969  -23.720 0.3000000119
36093  27.573  -49.131  -24.742 0.3000000119
37048  27.368  -49.060  -25.186 0.3000000119
38039  27.030  -48.462  -25.961 0.3000000119
39015  26.545  -47.879  -26.670 0.3000000119
39979  26.126  -47.021  -27.329 0.3000000119
39037  25.415  -47.460  -27.910 0.4000000060
42250  24.918  -45.770  -28.354 0.4000000060
39998  24.699  -46.904  -28.586 0.3000000119
39999  24.036  -46.498  -28.860 0.3000000119
41084  23.294  -46.254  -29.424 0.3000000119
264176  23.149  -45.929  -29.807 0.4000000060
42276  23.974  -45.181  -30.035 0.4000000060
43473  24.905  -44.915  -30.156 0.4000000060
39989  25.701  -46.964  -27.701 0.4000000060
43442  24.745  -44.674  -28.208 0.4000000060
43449  24.416  -45.203  -28.472 0.4000000060
43450  23.578  -45.188  -28.939 0.3000000119
42252  23.271  -45.264  -29.520 0.4000000060
235999  23.141  -43.441  -29.567 0.4000000060
226351  23.919  -43.175  -29.985 0.4000000060
44672  23.518  -44.430  -29.894 0.4000000060
44671  24.047  -44.186  -30.053 0.4000000060
45817  23.694  -43.760  -28.611 0.4000000060
45818  23.206  -43.859  -28.955 0.5000000000
47022  22.852  -43.269  -29.222 0.4000000060
47030  23.026  -42.893  -29.604 0.4000000060
45835  25.379  -43.182  -30.334 0.3000000119
48280  23.573  -42.373  -29.868 0.3000000119
28803  25.148  -54.713  -28.086 0.6999999881
28747  25.024  -54.416  -25.041 0.8000000119
27768  23.472  -55.746  -29.506 0.6000000238
28793  23.494  -54.931  -27.422 0.6999999881
27745  23.529  -55.262  -28.267 0.6999999881
31009  25.206  -53.272  -30.083 0.6000000238
29825  20.790  -53.654  -24.227 0.4000000060
251046  21.390  -53.274  -25.528 0.4000000060
28760  21.977  -54.467  -26.112 0.6999999881
28794  22.001  -54.450  -27.555 0.6999999881
28823  22.259  -55.060  -29.359 0.6999999881
31964  22.702  -52.799  -22.991 0.5000000000
30994  21.536  -53.470  -28.340 0.5000000000
32040  22.625  -52.968  -26.815 0.4000000060
33130  21.300  -51.882  -30.539 0.6000000238
34190  22.840  -50.753  -30.972 0.5000000000
258926  22.874  -49.751  -31.047 0.6000000238
35154  25.401  -49.854  -27.413 0.3000000119
37120  22.814  -48.414  -29.280 0.4000000060
36051  27.439  -50.113  -22.820 0.4000000060
39048  23.879  -47.737  -28.864 0.3000000119
256601  23.424  -45.537  -29.199 0.3000000119
44659  23.293  -44.713  -29.289 0.3000000119
47029  24.667  -43.000  -30.159 0.3000000119
243217  28.450  -57.670  -24.233 0.6000000238
23632  27.820  -58.133  -24.807 0.6000000238
19889  29.181  -60.499  -26.287 0.6000000238
250313  30.164  -59.563  -25.936 0.6000000238
20732  26.381  -60.151  -24.963 0.5000000000
22643  27.877  -58.785  -23.805 0.6000000238
25631  28.622  -56.595  -22.721 0.6999999881
24614  28.944  -56.985  -23.482 0.6999999881
21688  27.231  -58.852  -24.774 0.6000000238
24639  28.893  -57.014  -24.618 0.6000000238
24655  28.829  -57.138  -25.210 0.6000000238
25666  29.327  -56.896  -25.923 0.6000000238
24672  29.338  -57.338  -26.216 0.6000000238
23664  29.913  -58.293  -26.086 0.6000000238
230674  30.450  -57.599  -26.636 0.6000000238
24717  31.370  -57.292  -26.877 0.6999999881
20712  27.277  -60.391  -23.091 0.6000000238
246064  27.819  -57.626  -21.655 0.6999999881
20723  27.192  -60.131  -23.807 0.5000000000
23583  28.267  -58.259  -22.352 0.6999999881
22629  28.076  -58.883  -23.073 0.6999999881
253013  28.900  -54.998  -23.800 0.6999999881
26668  29.282  -55.965  -24.016 0.6999999881
26681  29.600  -55.884  -25.290 0.5000000000
226426  29.837  -56.661  -26.682 0.6000000238
229944  30.233  -56.841  -27.628 0.6000000238
24718  30.642  -57.334  -26.979 0.6999999881
26737  30.334  -56.776  -28.236 0.6999999881
25718  31.622  -56.952  -27.281 0.6999999881
26769  30.619  -56.850  -29.381 0.6999999881
26793  36.688  -56.207  -32.863 0.4000000060
26815  33.957  -57.184  -32.918 0.5000000000
25808  32.963  -57.252  -32.286 0.6000000238
226613  32.451  -57.173  -31.656 0.6000000238
25784  31.357  -56.767  -29.880 0.6999999881
18968  24.736  -61.373  -21.954 0.5000000000
251462  26.539  -60.382  -21.690 0.5000000000
23546  26.901  -58.219  -21.089 0.6000000238
20694  26.785  -60.610  -22.062 0.5000000000
24583  27.406  -57.378  -21.449 0.6999999881
21583  27.282  -59.166  -21.547 0.5000000000
270179  27.425  -59.869  -22.204 0.6000000238
27676  27.717  -55.459  -22.432 0.6999999881
26650  28.334  -56.165  -22.516 0.6999999881
27705  28.392  -54.909  -23.385 0.6999999881
27710  29.468  -54.983  -24.634 0.6999999881
26700  29.973  -56.035  -26.600 0.6000000238
27722  30.210  -55.431  -27.310 0.6000000238
28808  30.226  -55.359  -28.618 0.6999999881
26770  30.297  -56.728  -29.621 0.6999999881
238388  30.456  -57.186  -30.599 0.6999999881
25796  31.818  -57.237  -31.340 0.6000000238
25798  30.677  -57.445  -31.246 0.6000000238
21588  23.670  -59.332  -21.160 0.5000000000
19832  23.086  -60.770  -22.282 0.4000000060
21586  25.323  -59.468  -21.075 0.5000000000
21587  24.441  -59.869  -21.268 0.5000000000
20667  25.736  -60.001  -21.232 0.5000000000
23548  25.788  -57.960  -20.950 0.6000000238
240622  26.319  -58.251  -21.009 0.6000000238
27677  26.472  -55.244  -22.322 0.6999999881
25613  26.646  -56.700  -21.367 0.6000000238
243479  27.117  -55.304  -22.322 0.6999999881
28706  27.740  -54.668  -23.225 0.6999999881
29833  28.886  -54.070  -24.899 0.6999999881
28756  29.632  -54.243  -25.615 0.6999999881
28755  29.983  -54.569  -26.111 0.6999999881
234098  30.135  -54.310  -27.168 0.6999999881
28800  30.043  -54.525  -28.321 0.6999999881
28817  29.822  -54.910  -29.438 0.8000000119
26779  29.838  -56.593  -30.720 0.6999999881
27812  32.685  -55.844  -32.327 0.5000000000
25824  31.124  -57.236  -32.171 0.6000000238
26791  29.762  -56.852  -31.909 0.6000000238
236008  22.725  -59.516  -21.594 0.4000000060
23550  24.527  -58.198  -20.816 0.6000000238
255825  24.899  -58.495  -20.935 0.6000000238
25600  24.881  -56.875  -20.840 0.6000000238
25615  25.495  -56.361  -21.247 0.6000000238
27679  25.168  -55.248  -22.387 0.6000000238
232039  26.100  -54.411  -23.572 0.6999999881
29823  26.731  -54.254  -23.581 0.6999999881
29836  27.376  -53.824  -24.552 0.6999999881
28735  28.174  -54.135  -24.251 0.6999999881
29847  27.076  -53.603  -25.603 0.8000000119
29863  28.230  -53.444  -25.557 0.8000000119
30986  28.651  -53.336  -27.172 0.6000000238
29915  29.328  -53.786  -28.585 0.6000000238
28838  28.729  -55.238  -30.822 0.8000000119
27781  29.498  -55.914  -30.735 0.6999999881
28852  33.135  -54.530  -31.838 0.5000000000
254065  32.028  -55.709  -32.210 0.6000000238
26803  29.608  -56.546  -32.109 0.6999999881
28853  32.638  -54.562  -31.781 0.6000000238
23526  22.963  -58.196  -20.347 0.5000000000
229282  22.225  -58.755  -20.372 0.4000000060
21564  20.991  -59.287  -20.455 0.4000000060
24539  23.645  -57.503  -20.358 0.5000000000
238970  23.601  -58.858  -20.862 0.5000000000
26624  24.460  -56.386  -20.792 0.6000000238
26640  24.496  -55.809  -21.261 0.6000000238
27697  24.751  -55.076  -22.945 0.6000000238
28726  25.070  -54.608  -24.028 0.6999999881
29837  26.974  -53.949  -24.151 0.8000000119
29865  26.469  -53.818  -26.052 0.8000000119
29882  27.038  -53.675  -26.930 0.6000000238
29918  27.461  -53.941  -28.705 0.6000000238
29925  28.389  -53.937  -29.280 0.6999999881
28829  28.478  -54.612  -30.296 0.6999999881
254050  28.367  -55.354  -32.192 0.6999999881
28855  31.139  -54.673  -31.907 0.6000000238
29973  29.570  -54.243  -32.051 0.6000000238
31034  29.566  -52.949  -31.762 0.6000000238
29957  31.540  -53.979  -31.749 0.6000000238
31033  30.578  -53.107  -31.718 0.6000000238
25584  22.518  -56.451  -20.072 0.5000000000
23527  22.457  -58.237  -20.153 0.5000000000
22518  21.351  -58.576  -19.778 0.5000000000
22543  20.540  -59.075  -20.070 0.5000000000
26626  23.189  -55.845  -20.741 0.5000000000
24540  23.140  -57.279  -20.185 0.5000000000
238164  23.644  -55.284  -21.858 0.6000000238
245505  26.068  -53.976  -26.987 0.6999999881
29910  26.209  -54.121  -27.878 0.6000000238
28820  26.578  -54.490  -29.105 0.6000000238
28832  26.496  -55.103  -30.347 0.6000000238
27785  27.429  -55.589  -31.752 0.6999999881
27786  26.635  -55.558  -31.553 0.6000000238
28877  27.860  -55.238  -32.204 0.6000000238
29974  28.928  -54.630  -32.173 0.6999999881
31031  32.066  -52.697  -31.601 0.5000000000
33155  30.440  -51.767  -31.745 0.4000000060
25585  21.983  -56.104  -19.961 0.5000000000
25563  21.689  -56.567  -19.669 0.5000000000
24514  21.002  -57.162  -19.224 0.5000000000
236535  19.901  -57.425  -18.705 0.5000000000
24496  18.932  -57.659  -18.568 0.5000000000
24497  18.323  -57.739  -18.718 0.5000000000
27765  25.185  -55.637  -30.338 0.6000000238
27787  25.913  -55.678  -31.598 0.6000000238
28858  26.429  -54.961  -32.072 0.4000000060
31037  27.873  -53.457  -31.681 0.5000000000
32097  28.631  -52.565  -31.042 0.4000000060
33141  29.623  -51.668  -31.021 0.4000000060
31035  29.015  -53.178  -31.729 0.5000000000
26615  21.685  -55.545  -19.979 0.6000000238
267647  21.144  -56.075  -19.287 0.5000000000
26581  20.844  -56.167  -18.880 0.5000000000
25528  19.957  -56.426  -18.218 0.5000000000
25530  18.647  -56.776  -18.181 0.5000000000
26565  18.153  -56.334  -18.092 0.5000000000
26583  17.336  -56.297  -18.550 0.4000000060
226953  16.314  -55.897  -18.883 0.5000000000
26585  15.766  -55.870  -19.006 0.4000000060
25547  14.451  -56.499  -19.015 0.4000000060
25570  13.672  -57.012  -19.484 0.4000000060
28843  25.350  -54.914  -31.618 0.6000000238
29941  26.232  -53.819  -31.154 0.4000000060
31018  27.721  -53.135  -31.238 0.4000000060
32079  29.083  -52.126  -30.813 0.4000000060
27615  21.322  -55.057  -19.277 0.5000000000
27596  20.708  -55.121  -18.263 0.4000000060
27598  19.707  -55.504  -17.774 0.4000000060
26556  19.004  -55.698  -17.709 0.5000000000
267623  17.808  -54.795  -17.680 0.4000000060
27600  16.969  -55.284  -18.050 0.5000000000
28613  17.169  -54.436  -17.811 0.4000000060
28621  16.247  -54.491  -18.042 0.5000000000
27601  16.373  -55.084  -18.178 0.5000000000
265520  15.134  -54.150  -18.026 0.3000000119
27604  13.999  -55.289  -18.312 0.3000000119
26571  13.014  -55.399  -18.359 0.3000000119
32083  26.873  -52.897  -29.821 0.4000000060
29734  21.252  -54.037  -19.112 0.5000000000
28618  20.505  -54.652  -17.978 0.5000000000
28608  20.061  -54.690  -17.680 0.4000000060
30861  21.587  -53.059  -19.992 0.4000000060
30847  21.188  -53.469  -18.743 0.4000000060
30833  20.870  -53.508  -18.311 0.4000000060
31831  20.095  -52.417  -17.990 0.4000000060
31898  22.048  -52.261  -20.489 0.4000000060
237902  21.619  -52.113  -19.502 0.4000000060
231954  20.594  -52.682  -18.145 0.4000000060
32943  23.186  -51.603  -20.584 0.4000000060
33956  21.037  -51.444  -18.829 0.4000000060
32892  20.176  -51.756  -18.152 0.4000000060
224717  19.248  -51.374  -18.102 0.4000000060
32923  21.859  -51.682  -19.675 0.4000000060
32962  24.073  -51.974  -21.172 0.3000000119
33955  21.225  -50.999  -19.114 0.4000000060
34963  20.382  -50.502  -18.744 0.4000000060
34955  19.261  -50.506  -18.442 0.4000000060
255928  24.313  -51.563  -20.918 0.4000000060
33959  18.237  -50.990  -18.755 0.4000000060
35999  18.946  -49.632  -19.267 0.4000000060
35020  25.554  -50.674  -21.238 0.3000000119
35006  24.131  -50.611  -20.504 0.4000000060
34990  23.019  -50.298  -20.123 0.4000000060
35995  22.218  -49.731  -19.717 0.4000000060
35986  20.520  -49.891  -19.021 0.4000000060
35987  19.862  -49.640  -19.042 0.4000000060
243975  21.262  -49.391  -19.505 0.3000000119
227104  26.062  -54.758  -29.124 0.6000000238
26625  23.834  -55.988  -20.894 0.5000000000
27788  25.333  -55.679  -31.520 0.6000000238
32082  27.421  -52.751  -29.984 0.4000000060
21702  28.725  -59.117  -25.946 0.6000000238
25757  30.530  -56.879  -28.393 0.6999999881
27763  30.130  -56.385  -29.282 0.6999999881
25837  34.688  -57.436  -32.988 0.5000000000
28870  33.586  -54.912  -32.057 0.5000000000
25807  33.630  -57.336  -32.314 0.5000000000
27811  33.321  -55.793  -32.394 0.4000000060
241634  32.136  -57.114  -32.352 0.6000000238
20676  24.739  -60.410  -21.454 0.5000000000
29862  28.728  -53.512  -25.876 0.6999999881
26802  30.272  -56.686  -32.211 0.6000000238
25614  26.018  -56.478  -21.343 0.6000000238
29895  29.480  -53.671  -27.089 0.6999999881
29930  29.166  -54.249  -29.572 0.8000000119
26787  29.316  -56.491  -31.886 0.6999999881
257053  22.505  -59.302  -21.143 0.4000000060
30988  27.600  -53.447  -27.141 0.6000000238
29906  28.371  -53.532  -28.390 0.6000000238
27784  27.937  -55.570  -31.647 0.6999999881
27793  28.782  -55.993  -31.992 0.6999999881
31029  33.095  -53.264  -31.531 0.5000000000
31028  33.765  -53.315  -31.434 0.5000000000
28876  28.883  -55.604  -32.192 0.6999999881
261698  30.543  -54.695  -31.936 0.6000000238
29909  26.694  -53.995  -28.014 0.6999999881
29926  27.669  -54.104  -29.341 0.6999999881
28831  27.195  -54.898  -30.521 0.6999999881
31036  28.444  -53.336  -31.715 0.6000000238
253539  31.204  -53.282  -31.683 0.6000000238
32109  31.010  -51.989  -31.789 0.6000000238
24513  21.967  -57.080  -19.721 0.5000000000
231337  21.242  -57.569  -19.487 0.5000000000
23502  20.455  -58.274  -19.398 0.4000000060
28833  25.833  -55.379  -30.338 0.6000000238
28879  26.966  -55.098  -32.206 0.6000000238
224981  15.202  -56.556  -19.791 0.3000000119
31038  27.249  -53.618  -31.579 0.5000000000
33126  28.892  -52.082  -30.014 0.4000000060
27599  17.803  -55.807  -17.978 0.5000000000
27619  15.291  -55.249  -18.434 0.4000000060
25549  13.437  -56.739  -18.982 0.4000000060
33988  23.699  -51.068  -20.504 0.4000000060
33990  22.650  -50.806  -20.035 0.4000000060
260444  40.216  -62.602  -23.651 0.3000000119
254005  40.374  -61.520  -23.123 0.3000000119
20834  37.823  -61.480  -29.128 0.4000000060
20831  39.426  -61.105  -29.058 0.4000000060
20793  38.230  -60.569  -27.316 0.4000000060
21734  38.985  -59.868  -27.141 0.4000000060
267989  37.279  -58.617  -28.554 0.4000000060
20836  36.156  -60.519  -28.952 0.4000000060
21776  35.805  -59.819  -28.652 0.4000000060
21777  35.146  -59.745  -28.582 0.5000000000
19959  34.139  -60.772  -29.051 0.5000000000
20839  33.693  -60.406  -28.571 0.5000000000
23747  39.012  -58.604  -29.556 0.4000000060
21773  38.497  -59.856  -29.005 0.5000000000
20835  36.970  -60.885  -29.014 0.5000000000
19961  32.822  -61.338  -28.873 0.5000000000
22755  39.523  -59.192  -29.500 0.5000000000
21772  39.138  -60.682  -29.171 0.5000000000
21803  40.373  -59.356  -29.698 0.5000000000
20813  39.558  -60.913  -28.340 0.4000000060
21754  40.412  -60.146  -27.818 0.4000000060
22712  39.192  -59.206  -27.050 0.4000000060
23702  39.454  -58.605  -26.863 0.4000000060
25682  38.439  -56.627  -25.735 0.3000000119
26671  38.587  -56.046  -24.380 0.4000000060
25801  37.548  -57.212  -31.190 0.4000000060
264619  36.659  -56.594  -29.699 0.4000000060
25772  36.066  -56.530  -29.163 0.4000000060
235219  38.004  -57.403  -31.361 0.4000000060
24771  37.693  -57.415  -29.384 0.4000000060
25771  37.131  -57.148  -29.227 0.4000000060
24756  35.940  -57.479  -28.509 0.4000000060
24735  35.413  -57.486  -28.274 0.5000000000
262799  34.615  -58.928  -28.037 0.5000000000
23764  38.848  -57.885  -30.625 0.4000000060
23748  38.425  -58.209  -29.332 0.4000000060
22743  37.865  -58.999  -28.772 0.4000000060
24736  34.986  -57.416  -28.043 0.5000000000
245425  34.132  -58.842  -27.762 0.5000000000
20817  33.504  -59.955  -28.027 0.5000000000
22715  33.044  -59.078  -27.050 0.6000000238
252212  32.796  -58.570  -26.651 0.6000000238
20819  32.234  -60.594  -27.793 0.6000000238
25755  31.903  -56.449  -28.536 0.6000000238
25717  32.507  -56.823  -27.137 0.6000000238
20773  32.150  -59.796  -26.752 0.5000000000
21731  40.688  -59.604  -27.406 0.4000000060
22674  31.028  -58.884  -25.985 0.5000000000
24692  39.571  -57.620  -26.440 0.4000000060
25702  40.055  -57.304  -26.150 0.4000000060
26689  38.730  -56.262  -25.382 0.4000000060
26782  35.327  -56.885  -31.564 0.4000000060
26783  34.750  -56.639  -31.248 0.5000000000
26764  34.723  -55.806  -29.190 0.5000000000
26765  34.118  -55.720  -29.168 0.5000000000
23705  33.949  -57.660  -27.391 0.5000000000
26777  33.131  -56.032  -29.930 0.5000000000
25716  33.281  -56.798  -27.363 0.6000000238
264899  32.308  -56.411  -30.121 0.6000000238
26736  32.572  -56.215  -28.326 0.6000000238
15257  39.892  -64.394  -24.818 0.3000000119
19827  40.973  -60.563  -22.582 0.3000000119
27690  40.894  -55.362  -23.355 0.3000000119
238094  37.436  -57.365  -32.744 0.4000000060
24810  36.907  -57.183  -33.002 0.4000000060
25817  35.830  -57.407  -32.689 0.4000000060
25793  35.964  -56.827  -31.479 0.4000000060
25805  35.207  -57.555  -32.497 0.4000000060
26784  34.196  -56.509  -31.050 0.5000000000
26790  34.317  -57.116  -31.817 0.4000000060
261070  33.515  -56.063  -30.319 0.5000000000
264882  32.398  -58.028  -26.501 0.6000000238
22673  31.653  -58.822  -26.137 0.5000000000
25818  35.261  -57.545  -32.851 0.4000000060
22745  36.680  -58.730  -28.421 0.4000000060
19943  32.631  -60.867  -28.294 0.5000000000
27702  40.531  -55.382  -23.793 0.3000000119
25792  36.553  -56.856  -31.215 0.4000000060
26763  35.305  -56.135  -29.225 0.5000000000
25736  34.149  -56.596  -27.803 0.5000000000
25737  33.581  -56.456  -27.759 0.6000000238
39059  22.926  -47.404  -29.542 0.3000000119
15280  39.785  -64.813  -25.239 0.3000000119
16187  40.258  -63.490  -24.136 0.3000000119
16205  40.035  -63.952  -24.456 0.3000000119
17136  39.934  -63.032  -23.845 0.3000000119
18075  40.133  -62.070  -23.373 0.3000000119
18977  26.131  -61.362  -22.682 0.5000000000
18980  24.413  -61.766  -22.293 0.5000000000
18983  22.691  -61.180  -22.554 0.4000000060
19077  32.062  -61.119  -28.151 0.6000000238
19095  37.636  -61.987  -29.033 0.4000000060
19097  32.327  -61.347  -28.581 0.5000000000
19122  32.987  -61.773  -29.640 0.5000000000
19815  26.242  -60.802  -21.858 0.5000000000
19816  25.673  -60.925  -21.712 0.5000000000
19817  25.055  -60.937  -21.678 0.5000000000
19818  24.342  -60.844  -21.766 0.5000000000
19831  26.428  -60.976  -22.339 0.5000000000
19839  40.649  -61.032  -22.876 0.3000000119
19865  26.921  -60.461  -23.994 0.5000000000
19866  26.616  -60.599  -24.373 0.5000000000
19888  29.628  -60.347  -26.187 0.6000000238
19908  28.990  -60.812  -26.593 0.6000000238
19939  39.604  -60.937  -28.893 0.4000000060
19940  39.214  -61.301  -28.965 0.4000000060
19960  33.657  -60.925  -28.941 0.5000000000
19970  33.890  -61.292  -29.360 0.5000000000
20666  26.240  -59.661  -21.288 0.5000000000
20668  25.058  -59.973  -21.200 0.5000000000
20672  27.060  -60.086  -21.873 0.5000000000
20673  26.680  -59.887  -21.546 0.5000000000
20674  25.997  -60.512  -21.504 0.5000000000
20675  25.394  -60.518  -21.382 0.5000000000
20677  24.130  -60.236  -21.580 0.5000000000
20679  22.819  -59.792  -22.041 0.4000000060
20690  41.198  -60.063  -22.520 0.3000000119
20691  40.742  -60.104  -22.598 0.3000000119
20693  27.221  -60.305  -22.390 0.6000000238
20711  27.629  -59.820  -22.774 0.6000000238
20722  27.520  -59.759  -23.498 0.5000000000
20731  26.811  -59.909  -24.491 0.5000000000
20753  30.583  -59.868  -26.062 0.6000000238
20754  30.144  -60.112  -26.116 0.6000000238
20755  29.115  -60.056  -26.069 0.6000000238
20774  31.578  -60.250  -26.770 0.5000000000
20791  39.299  -60.459  -27.587 0.4000000060
20792  38.775  -60.536  -27.442 0.4000000060
20797  32.992  -60.035  -27.649 0.6000000238
20798  32.468  -60.148  -27.385 0.6000000238
20799  31.938  -60.388  -27.261 0.5000000000
20811  40.702  -60.426  -28.347 0.4000000060
20812  40.081  -60.663  -28.374 0.4000000060
20814  39.100  -61.147  -28.248 0.4000000060
20816  34.023  -59.850  -28.309 0.5000000000
20818  33.114  -60.412  -28.193 0.5000000000
20830  40.262  -60.628  -28.875 0.4000000060
20832  39.038  -61.427  -29.062 0.5000000000
20837  35.437  -60.305  -28.850 0.4000000060
20838  34.566  -59.765  -28.471 0.5000000000
20840  33.211  -60.873  -28.660 0.5000000000
20850  40.189  -60.466  -29.192 0.5000000000
20851  39.741  -60.616  -29.159 0.4000000060
21584  26.754  -59.300  -21.310 0.6000000238
21585  26.133  -59.115  -21.102 0.5000000000
21589  23.076  -59.228  -21.084 0.5000000000
21590  22.080  -59.437  -21.463 0.4000000060
21592  20.913  -59.562  -21.046 0.4000000060
21604  27.699  -59.047  -21.878 0.6000000238
21605  27.387  -59.557  -21.880 0.5000000000
21606  27.061  -59.624  -21.618 0.5000000000
21607  23.872  -59.742  -21.403 0.5000000000
21608  23.284  -59.651  -21.572 0.4000000060
21633  27.719  -59.442  -22.293 0.6000000238
21654  27.925  -59.313  -22.765 0.6000000238
21666  27.626  -59.256  -23.826 0.6000000238
21676  27.497  -58.940  -24.243 0.6000000238
21677  27.255  -59.438  -24.228 0.6000000238
21698  31.987  -59.323  -26.339 0.5000000000
21699  31.388  -59.367  -26.084 0.5000000000
21700  30.772  -59.419  -25.963 0.6000000238
21701  29.626  -59.832  -25.955 0.6000000238
21719  32.473  -59.225  -26.635 0.6000000238
21720  31.586  -59.803  -26.377 0.5000000000
21732  40.090  -59.692  -27.364 0.4000000060
21733  39.519  -59.784  -27.281 0.4000000060
21735  38.384  -59.815  -27.013 0.4000000060
21738  33.294  -59.537  -27.514 0.6000000238
21739  32.748  -59.645  -27.139 0.6000000238
21753  41.127  -59.976  -27.853 0.4000000060
21755  39.826  -60.310  -27.719 0.4000000060
21756  35.509  -59.248  -28.350 0.5000000000
21757  34.894  -59.302  -28.237 0.5000000000
21758  34.335  -59.360  -28.111 0.5000000000
21759  33.810  -59.417  -27.883 0.5000000000
21774  37.951  -59.987  -28.884 0.4000000060
21775  37.352  -60.220  -28.826 0.5000000000
21789  40.556  -59.859  -29.468 0.5000000000
21790  40.001  -59.787  -29.411 0.5000000000
21791  39.423  -60.007  -29.261 0.5000000000
21792  38.915  -59.739  -29.169 0.5000000000
22519  20.775  -58.642  -19.710 0.5000000000
22520  20.200  -58.787  -19.643 0.4000000060
22541  22.675  -58.580  -20.433 0.5000000000
22542  21.593  -58.981  -20.283 0.4000000060
22565  27.078  -58.745  -21.249 0.6000000238
22566  26.531  -58.714  -21.099 0.6000000238
22567  25.943  -58.588  -21.010 0.6000000238
22568  25.050  -58.938  -21.009 0.6000000238
22569  24.490  -58.840  -20.987 0.6000000238
22570  24.064  -58.543  -20.843 0.6000000238
22571  23.101  -58.705  -20.643 0.5000000000
22572  22.597  -58.965  -20.764 0.4000000060
22573  22.054  -59.208  -20.830 0.4000000060
22588  27.944  -58.479  -21.913 0.6999999881
22589  27.526  -58.577  -21.523 0.5000000000
22607  28.311  -58.522  -22.806 0.6999999881
22608  28.028  -58.869  -22.413 0.6999999881
22628  28.270  -58.389  -23.381 0.6999999881
22642  28.068  -58.156  -24.151 0.6000000238
22654  27.638  -58.535  -24.480 0.6000000238
22675  30.252  -58.910  -25.915 0.6000000238
22676  29.508  -59.186  -25.908 0.6000000238
22677  28.864  -58.527  -25.958 0.6000000238
22694  32.211  -58.702  -26.377 0.6000000238
22710  40.367  -59.110  -27.139 0.4000000060
22711  39.766  -59.142  -27.130 0.4000000060
22730  35.156  -58.671  -28.161 0.5000000000
22731  34.598  -58.398  -27.911 0.5000000000
22732  34.136  -58.223  -27.547 0.5000000000
22733  33.577  -58.990  -27.441 0.5000000000
22742  38.539  -58.972  -29.080 0.5000000000
22744  37.307  -59.253  -28.602 0.4000000060
22746  35.886  -58.670  -28.332 0.4000000060
22754  40.017  -59.059  -29.744 0.5000000000
22756  39.054  -59.256  -29.289 0.4000000060
22763  40.446  -58.973  -30.137 0.5000000000
22764  39.617  -58.688  -29.941 0.5000000000
23489  20.137  -57.846  -19.091 0.5000000000
23490  19.471  -57.965  -18.843 0.5000000000
23491  18.804  -58.144  -18.908 0.5000000000
23492  17.843  -57.883  -19.123 0.5000000000
23500  21.567  -58.007  -19.677 0.5000000000
23501  21.014  -58.141  -19.548 0.5000000000
23503  19.856  -58.431  -19.239 0.4000000060
23528  21.931  -58.430  -19.915 0.5000000000
23547  26.449  -57.765  -20.984 0.6000000238
23549  25.104  -58.001  -20.897 0.6000000238
23551  23.636  -58.190  -20.534 0.5000000000
23562  27.418  -57.994  -21.357 0.6999999881
23584  28.113  -57.913  -21.940 0.6999999881
23602  28.508  -58.031  -22.884 0.6999999881
23615  28.548  -57.874  -23.581 0.6999999881
23631  28.137  -57.809  -24.675 0.6000000238
23647  28.158  -57.828  -25.269 0.6000000238
23648  27.773  -58.270  -25.304 0.6000000238
23661  31.820  -58.223  -26.298 0.5000000000
23662  31.266  -58.370  -26.168 0.5000000000
23663  30.617  -58.381  -26.097 0.6000000238
23665  29.213  -58.136  -26.064 0.6000000238
23674  40.432  -58.072  -26.624 0.4000000060
23675  39.779  -58.088  -26.650 0.4000000060
23676  39.198  -58.055  -26.620 0.4000000060
23677  38.636  -57.937  -26.527 0.4000000060
23681  33.088  -57.892  -26.776 0.6000000238
23682  31.419  -57.933  -26.357 0.6999999881
23683  30.874  -57.949  -26.335 0.5000000000
23684  30.205  -57.902  -26.331 0.6000000238
23685  29.535  -57.799  -26.306 0.6000000238
23701  40.064  -58.570  -26.919 0.4000000060
23703  38.789  -58.610  -26.800 0.4000000060
23706  33.649  -58.086  -27.178 0.5000000000
23721  35.032  -57.974  -28.106 0.5000000000
23722  34.517  -57.685  -27.796 0.5000000000
23734  38.070  -58.428  -28.950 0.4000000060
23735  37.589  -58.246  -28.766 0.4000000060
23736  36.242  -58.068  -28.469 0.4000000060
23737  35.584  -58.061  -28.319 0.4000000060
23749  37.926  -57.896  -29.117 0.4000000060
23758  38.712  -57.979  -29.888 0.4000000060
24485  19.074  -57.134  -18.363 0.5000000000
24486  18.531  -57.301  -18.410 0.5000000000
24494  20.469  -57.307  -18.948 0.5000000000
24495  19.410  -57.446  -18.554 0.5000000000
24498  17.792  -57.380  -18.792 0.5000000000
24512  22.159  -56.664  -19.847 0.5000000000
24515  20.716  -57.697  -19.310 0.5000000000
24518  13.663  -57.360  -20.101 0.4000000060
24541  22.574  -57.075  -19.917 0.5000000000
24542  22.158  -57.712  -19.823 0.5000000000
24545  14.742  -56.855  -20.193 0.3000000119
24564  26.989  -57.621  -21.152 0.6000000238
24565  26.559  -57.236  -21.112 0.6000000238
24566  25.997  -57.325  -20.989 0.6000000238
24567  25.351  -57.321  -20.917 0.6000000238
24568  24.755  -57.528  -20.775 0.6000000238
24569  24.205  -57.697  -20.524 0.5000000000
24584  27.005  -57.141  -21.279 0.6000000238
24599  28.438  -57.662  -22.367 0.6999999881
24600  28.186  -57.331  -21.984 0.6999999881
24624  28.982  -56.948  -23.986 0.6999999881
24625  28.773  -57.377  -23.763 0.6999999881
24640  28.481  -57.431  -24.849 0.6000000238
24656  28.560  -57.486  -25.424 0.6000000238
24690  41.041  -57.805  -26.349 0.4000000060
24691  40.482  -57.642  -26.323 0.4000000060
24696  32.520  -57.377  -26.696 0.6000000238
24697  31.849  -57.593  -26.509 0.6999999881
24698  31.137  -57.617  -26.591 0.5000000000
24699  29.790  -57.467  -26.567 0.6000000238
24713  34.143  -57.132  -27.586 0.5000000000
24714  33.647  -57.192  -27.287 0.5000000000
24715  33.123  -57.216  -26.956 0.6000000238
24716  32.011  -57.149  -26.829 0.6000000238
24753  37.394  -57.666  -28.952 0.4000000060
24754  36.944  -57.457  -28.873 0.4000000060
24755  36.504  -57.496  -28.694 0.4000000060
24770  38.233  -57.648  -29.591 0.4000000060
24780  38.385  -57.557  -30.236 0.4000000060
24781  37.908  -57.289  -29.945 0.4000000060
24788  38.923  -57.810  -31.403 0.4000000060
24789  38.444  -57.547  -31.006 0.4000000060
24790  37.990  -57.302  -30.655 0.4000000060
24795  37.477  -57.563  -31.855 0.4000000060
24803  36.898  -57.374  -32.583 0.4000000060
24804  36.287  -57.284  -32.874 0.4000000060
24805  35.680  -57.320  -32.997 0.4000000060
25529  19.278  -56.602  -18.135 0.5000000000
25531  18.066  -56.956  -18.399 0.5000000000
25532  17.728  -56.534  -18.364 0.5000000000
25542  20.725  -56.777  -18.879 0.5000000000
25543  20.215  -56.917  -18.569 0.5000000000
25544  19.653  -57.004  -18.389 0.5000000000
25546  17.019  -56.464  -19.015 0.4000000060
25548  13.966  -56.636  -19.026 0.4000000060
25564  21.178  -56.537  -19.333 0.5000000000
25569  14.940  -56.418  -19.212 0.4000000060
25582  23.559  -56.905  -20.350 0.5000000000
25583  23.037  -56.695  -20.209 0.5000000000
25589  14.154  -57.088  -19.942 0.4000000060
25599  26.176  -56.901  -21.127 0.6000000238
25601  24.415  -57.025  -20.617 0.6000000238
25611  27.796  -57.033  -21.728 0.6999999881
25612  27.280  -56.821  -21.547 0.6999999881
25632  28.177  -56.663  -22.159 0.6999999881
25640  29.087  -56.491  -23.625 0.6999999881
25641  28.869  -56.754  -23.189 0.6999999881
25649  29.187  -56.531  -24.303 0.6000000238
25655  29.131  -56.700  -24.973 0.6000000238
25667  29.090  -56.896  -25.483 0.6000000238
25680  39.700  -56.725  -25.828 0.4000000060
25681  39.049  -56.638  -25.788 0.3000000119
25686  29.617  -56.985  -26.461 0.6000000238
25701  40.742  -57.315  -26.086 0.4000000060
25703  39.358  -57.144  -26.137 0.3000000119
25704  38.769  -57.071  -26.079 0.3000000119
25706  30.046  -57.152  -26.977 0.6000000238
25715  33.767  -56.829  -27.550 0.6000000238
25719  30.773  -57.153  -27.419 0.6999999881
25720  30.319  -57.133  -27.399 0.6999999881
25734  35.230  -57.027  -28.123 0.5000000000
25735  34.705  -56.935  -27.923 0.5000000000
25738  32.882  -56.473  -27.762 0.6000000238
25739  31.953  -56.622  -27.887 0.6999999881
25740  31.039  -56.948  -27.907 0.6999999881
25741  30.449  -57.056  -27.861 0.6999999881
25752  36.675  -57.083  -28.947 0.4000000060
25753  35.681  -56.888  -28.482 0.5000000000
25754  35.106  -56.633  -28.321 0.5000000000
25756  31.180  -56.785  -28.462 0.6999999881
25773  31.419  -56.633  -29.085 0.6999999881
25781  37.440  -56.993  -29.714 0.4000000060
25782  37.092  -56.766  -30.060 0.4000000060
25783  36.675  -56.627  -30.385 0.4000000060
25785  30.556  -56.985  -30.027 0.6999999881
25790  37.544  -57.017  -30.379 0.4000000060
25791  37.092  -56.899  -30.825 0.4000000060
25794  33.205  -57.097  -31.643 0.5000000000
25795  32.922  -56.552  -30.756 0.6000000238
25797  30.979  -57.173  -30.546 0.6999999881
25799  30.161  -57.239  -31.732 0.6000000238
25802  36.899  -57.264  -31.834 0.4000000060
25803  36.133  -57.191  -32.044 0.4000000060
25804  35.588  -57.394  -32.311 0.4000000060
25806  34.571  -57.612  -32.632 0.4000000060
25809  31.917  -57.363  -31.921 0.6000000238
25810  31.315  -57.439  -31.752 0.6000000238
25811  30.727  -57.398  -31.857 0.6000000238
25816  36.381  -57.350  -32.476 0.4000000060
25819  34.828  -57.631  -32.890 0.4000000060
25820  34.386  -57.551  -32.836 0.4000000060
25821  33.757  -57.356  -32.738 0.5000000000
25822  32.925  -57.158  -32.550 0.6000000238
25823  31.722  -57.259  -32.217 0.6000000238
25825  30.502  -57.147  -32.108 0.6000000238
25826  30.014  -56.948  -32.037 0.6000000238
25834  36.888  -57.089  -33.087 0.4000000060
25835  36.297  -57.152  -33.092 0.4000000060
25836  35.188  -57.472  -32.993 0.4000000060
25838  33.484  -57.119  -32.832 0.5000000000
26557  18.392  -55.772  -17.798 0.5000000000
26562  20.419  -56.011  -18.392 0.4000000060
26563  19.463  -55.992  -17.907 0.4000000060
26564  18.819  -56.208  -17.942 0.5000000000
26566  17.650  -56.166  -18.223 0.4000000060
26567  17.232  -55.821  -18.230 0.5000000000
26568  14.410  -55.790  -18.458 0.3000000119
26569  13.930  -55.880  -18.452 0.3000000119
26570  13.482  -55.667  -18.365 0.3000000119
26580  21.109  -55.624  -19.200 0.5000000000
26582  20.455  -56.477  -18.543 0.5000000000
26584  16.857  -56.055  -18.711 0.5000000000
26586  15.235  -55.994  -18.963 0.4000000060
26587  14.694  -56.136  -18.805 0.4000000060
26588  14.174  -56.247  -18.689 0.4000000060
26589  13.572  -56.275  -18.630 0.4000000060
26590  12.986  -55.939  -18.469 0.3000000119
26600  21.454  -55.988  -19.608 0.5000000000
26601  16.611  -56.246  -19.281 0.5000000000
26602  16.115  -56.139  -19.435 0.5000000000
26603  15.550  -56.184  -19.430 0.4000000060
26612  23.438  -56.334  -20.488 0.5000000000
26613  22.888  -56.136  -20.365 0.5000000000
26614  21.996  -55.485  -20.418 0.5000000000
26623  24.986  -56.303  -21.042 0.6000000238
26627  22.606  -55.650  -20.585 0.6999999881
26635  27.659  -56.425  -21.835 0.6999999881
26636  27.034  -56.257  -21.715 0.6999999881
26637  26.379  -56.102  -21.654 0.6000000238
26638  25.782  -55.956  -21.592 0.6000000238
26639  25.188  -55.873  -21.460 0.6000000238
26651  27.933  -56.032  -22.249 0.6999999881
26652  27.398  -55.840  -22.041 0.6999999881
26653  26.766  -55.655  -21.921 0.6999999881
26659  40.776  -55.734  -22.946 0.3000000119
26662  29.074  -55.924  -23.453 0.6999999881
26663  28.657  -55.915  -22.947 0.6999999881
26664  28.227  -55.660  -22.622 0.6999999881
26667  38.457  -56.195  -23.921 0.4000000060
26669  28.845  -55.417  -23.361 0.6999999881
26672  38.044  -56.222  -24.426 0.4000000060
26673  29.633  -55.284  -25.055 0.5000000000
26674  29.395  -56.079  -24.738 0.6000000238
26679  38.480  -56.091  -24.880 0.4000000060
26682  29.388  -56.469  -25.411 0.6000000238
26688  39.383  -56.212  -25.384 0.4000000060
26690  29.693  -56.287  -26.040 0.6000000238
26714  30.096  -56.061  -27.173 0.6000000238
26715  30.002  -56.748  -27.075 0.6000000238
26733  34.579  -56.318  -28.154 0.5000000000
26734  33.978  -56.094  -28.102 0.6000000238
26735  33.313  -56.078  -28.168 0.6000000238
26746  35.430  -56.462  -28.746 0.5000000000
26747  34.934  -56.182  -28.676 0.5000000000
26748  34.368  -55.949  -28.610 0.5000000000
26749  33.733  -55.861  -28.614 0.6000000238
26750  33.033  -55.981  -28.756 0.6000000238
26751  32.308  -56.210  -28.936 0.6000000238
26752  30.675  -56.825  -28.868 0.6999999881
26753  30.369  -56.721  -28.925 0.6999999881
26762  35.643  -56.129  -29.910 0.4000000060
26766  33.439  -55.845  -29.255 0.5000000000
26767  32.726  -56.063  -29.415 0.6000000238
26768  32.044  -56.332  -29.488 0.6000000238
26773  35.771  -56.425  -30.768 0.4000000060
26774  35.204  -56.183  -30.617 0.5000000000
26775  34.629  -56.020  -30.439 0.5000000000
26776  34.048  -55.975  -30.348 0.5000000000
26778  30.228  -56.867  -30.311 0.6999999881
26785  30.126  -57.164  -31.013 0.6000000238
26786  29.749  -56.887  -31.508 0.6000000238
26789  34.922  -57.212  -31.925 0.4000000060
26797  34.251  -56.619  -32.890 0.5000000000
26798  33.626  -56.655  -32.817 0.5000000000
26799  33.032  -56.698  -32.677 0.4000000060
26800  31.592  -56.999  -32.372 0.6000000238
26801  30.940  -56.845  -32.310 0.6000000238
26810  37.544  -56.763  -32.954 0.4000000060
26812  36.453  -56.955  -33.194 0.4000000060
27590  19.789  -55.080  -17.672 0.4000000060
27591  19.302  -55.240  -17.602 0.5000000000
27593  17.956  -55.237  -17.739 0.5000000000
27597  20.200  -55.205  -17.917 0.4000000060
27602  15.740  -54.853  -18.205 0.5000000000
27603  14.681  -55.224  -18.363 0.3000000119
27605  13.376  -55.081  -18.280 0.3000000119
27606  12.857  -54.913  -18.342 0.3000000119
27616  21.055  -55.091  -18.740 0.4000000060
27617  16.598  -55.617  -18.387 0.5000000000
27618  15.918  -55.454  -18.527 0.5000000000
27620  14.956  -55.684  -18.612 0.4000000060
27630  21.504  -55.039  -19.805 0.6000000238
27643  21.624  -55.022  -20.368 0.6000000238
27654  23.393  -55.566  -21.086 0.5000000000
27664  26.133  -55.566  -21.918 0.6999999881
27665  25.512  -55.501  -21.877 0.6000000238
27666  24.865  -55.472  -21.808 0.6000000238
27667  23.810  -55.498  -21.362 0.6000000238
27678  25.820  -55.230  -22.382 0.6000000238
27680  24.511  -55.244  -22.353 0.6000000238
27681  23.862  -55.182  -22.348 0.6999999881
27682  22.428  -54.824  -22.296 0.6999999881
27691  40.339  -55.581  -23.381 0.3000000119
27692  28.465  -55.388  -23.000 0.6999999881
27693  28.017  -55.152  -22.873 0.6999999881
27694  26.804  -54.850  -22.681 0.6999999881
27695  26.147  -54.898  -22.770 0.6999999881
27696  25.449  -54.943  -22.975 0.6999999881
27699  23.441  -54.940  -22.887 0.6999999881
27701  41.174  -55.192  -23.837 0.3000000119
27703  39.967  -55.619  -23.810 0.3000000119
27704  29.264  -55.011  -24.210 0.6999999881
27708  40.718  -55.293  -24.179 0.3000000119
27719  30.037  -55.291  -26.186 0.6999999881
27723  30.150  -55.405  -26.785 0.6000000238
27731  30.191  -56.075  -27.730 0.6000000238
27743  30.259  -55.913  -28.196 0.6999999881
27744  23.946  -55.243  -28.336 0.6999999881
27746  23.228  -55.048  -27.915 0.6999999881
27753  30.194  -56.398  -28.724 0.6999999881
27755  23.561  -55.505  -28.802 0.6000000238
27756  23.033  -55.227  -28.479 0.6999999881
27764  30.042  -55.656  -29.721 0.6999999881
27766  24.545  -55.735  -30.174 0.6999999881
27767  23.980  -55.751  -29.838 0.6000000238
27769  22.850  -55.498  -29.245 0.6999999881
27770  22.497  -55.281  -29.957 0.6999999881
27773  30.048  -56.484  -29.946 0.6999999881
27774  26.066  -55.492  -30.810 0.6000000238
27775  25.363  -55.744  -30.816 0.6000000238
27776  24.739  -55.780  -30.983 0.6000000238
27778  22.884  -55.331  -30.503 0.5000000000
27782  29.029  -55.967  -31.404 0.6999999881
27783  28.461  -55.697  -31.583 0.6999999881
27789  23.251  -55.366  -30.788 0.6000000238
27794  28.250  -55.709  -31.978 0.6999999881
27795  27.724  -55.601  -31.996 0.6000000238
27796  27.240  -55.583  -32.016 0.6999999881
27797  26.262  -55.632  -31.904 0.4000000060
27798  25.805  -55.668  -31.815 0.6000000238
27799  25.310  -55.556  -31.677 0.6000000238
27800  24.755  -55.612  -31.333 0.6999999881
27806  36.394  -55.599  -32.578 0.4000000060
27809  34.568  -55.714  -32.575 0.5000000000
27810  33.941  -55.722  -32.492 0.5000000000
27813  31.471  -56.378  -32.360 0.6000000238
27814  30.777  -56.140  -32.270 0.6000000238
27815  30.060  -56.057  -32.252 0.6999999881
27816  29.015  -56.165  -32.099 0.6999999881
27817  28.027  -55.578  -32.038 0.6999999881
27818  27.530  -55.503  -32.060 0.6000000238
27819  27.075  -55.482  -32.081 0.6000000238
27820  26.618  -55.496  -32.034 0.6000000238
28609  19.552  -54.704  -17.547 0.4000000060
28611  18.268  -54.667  -17.570 0.4000000060
28612  17.677  -54.362  -17.700 0.4000000060
28617  20.898  -54.604  -18.388 0.5000000000
28619  17.383  -54.915  -17.774 0.4000000060
28620  16.810  -54.745  -17.942 0.4000000060
28622  15.062  -54.620  -18.170 0.3000000119
28632  21.167  -54.569  -18.910 0.5000000000
28659  21.424  -54.472  -20.749 0.6000000238
28676  21.772  -54.735  -21.514 0.6999999881
28677  21.296  -54.363  -21.348 0.6000000238
28690  21.685  -54.595  -22.149 0.6999999881
28691  21.136  -54.293  -21.949 0.5000000000
28697  21.709  -54.580  -22.754 0.6000000238
28707  27.105  -54.548  -23.133 0.6999999881
28708  26.473  -54.578  -23.136 0.6999999881
28709  25.508  -54.603  -23.535 0.6999999881
28710  24.910  -54.830  -23.498 0.6999999881
28711  24.319  -54.974  -23.471 0.6999999881
28712  23.727  -54.889  -23.421 0.6999999881
28713  23.004  -54.723  -23.402 0.6999999881
28715  21.049  -54.177  -23.198 0.4000000060
28722  28.522  -54.554  -23.951 0.6999999881
28723  27.978  -54.406  -23.754 0.6999999881
28724  27.367  -54.258  -23.638 0.6999999881
28725  25.669  -54.366  -24.029 0.6999999881
28728  23.913  -54.811  -23.902 0.6999999881
28730  21.037  -54.078  -23.824 0.6000000238
28734  28.687  -54.295  -24.420 0.6999999881
28736  25.279  -54.404  -24.520 0.8000000119
28737  24.629  -54.624  -24.580 0.8000000119
28738  24.016  -54.744  -24.399 0.6999999881
28739  22.915  -54.644  -24.491 0.6000000238
28746  29.545  -54.696  -25.075 0.6999999881
28748  24.464  -54.592  -25.195 0.8000000119
28749  23.859  -54.693  -25.305 0.8000000119
28750  22.258  -54.510  -25.529 0.6000000238
28751  21.454  -54.216  -25.692 0.6000000238
28757  24.896  -54.399  -25.626 0.8000000119
28759  23.607  -54.714  -25.870 0.6999999881
28761  21.434  -54.133  -26.182 0.6000000238
28771  30.217  -54.857  -26.941 0.6999999881
28773  24.038  -54.674  -26.364 0.8000000119
28774  23.327  -54.736  -26.438 0.6999999881
28775  21.748  -54.364  -26.639 0.6999999881
28776  21.451  -54.041  -26.514 0.6000000238
28788  30.219  -54.862  -27.482 0.6000000238
28789  30.100  -54.358  -27.740 0.6999999881
28790  25.390  -54.357  -27.492 0.8000000119
28791  25.091  -54.379  -26.942 0.8000000119
28799  30.211  -55.025  -28.016 0.6000000238
28801  26.245  -54.396  -28.506 0.6000000238
28802  25.749  -54.414  -28.041 0.6000000238
28804  23.824  -55.082  -27.898 0.6999999881
28805  22.572  -54.815  -28.057 0.6999999881
28809  29.976  -54.701  -28.881 0.6999999881
28810  24.854  -55.121  -28.720 0.6999999881
28813  21.812  -54.466  -29.031 0.5000000000
28816  30.136  -55.427  -29.158 0.6999999881
28818  29.443  -54.586  -29.667 0.8000000119
28819  26.975  -54.566  -29.701 0.6999999881
28821  25.664  -55.147  -29.620 0.6000000238
28824  21.964  -54.716  -29.858 0.6999999881
28827  29.600  -55.209  -30.082 0.8000000119
28828  29.074  -54.670  -30.131 0.8000000119
28830  27.889  -54.675  -30.399 0.6999999881
28834  22.813  -54.929  -30.744 0.5000000000
28837  29.211  -55.322  -30.633 0.8000000119
28839  28.174  -55.208  -30.947 0.6999999881
28840  27.612  -55.231  -31.080 0.6999999881
28841  27.056  -55.396  -31.326 0.6000000238
28842  26.676  -55.335  -30.951 0.6000000238
28844  24.762  -55.275  -31.430 0.6999999881
28846  23.454  -54.901  -30.933 0.6999999881
28851  33.939  -54.312  -31.776 0.5000000000
28854  31.935  -54.765  -31.874 0.6000000238
28856  30.075  -54.417  -32.003 0.6000000238
28857  26.999  -54.363  -32.073 0.6000000238
28859  25.876  -55.129  -31.878 0.6000000238
28871  32.989  -55.082  -32.076 0.5000000000
28872  32.471  -55.149  -32.029 0.5000000000
28873  31.341  -55.469  -32.114 0.6000000238
28874  30.654  -55.344  -32.100 0.6000000238
28875  29.475  -55.009  -32.192 0.6000000238
28878  27.401  -55.181  -32.207 0.6000000238
29714  19.829  -54.299  -17.528 0.4000000060
29718  17.256  -53.964  -17.838 0.4000000060
29719  16.765  -54.125  -17.927 0.4000000060
29723  20.685  -54.097  -18.120 0.5000000000
29725  16.200  -53.845  -18.029 0.5000000000
29726  15.216  -53.782  -18.075 0.3000000119
29727  14.710  -54.036  -18.102 0.3000000119
29735  21.028  -54.048  -18.559 0.5000000000
29746  21.400  -54.031  -19.724 0.5000000000
29762  21.418  -53.978  -20.364 0.5000000000
29778  21.298  -53.897  -21.035 0.5000000000
29795  20.972  -53.796  -22.323 0.5000000000
29805  20.850  -53.770  -22.933 0.5000000000
29822  27.629  -53.998  -24.126 0.6999999881
29824  26.301  -54.147  -24.044 0.8999999762
29834  28.380  -53.898  -24.728 0.6999999881
29835  27.865  -53.832  -24.612 0.6999999881
29839  20.923  -53.690  -24.821 0.5000000000
29844  29.111  -53.876  -25.428 0.6999999881
29845  28.572  -53.698  -25.247 0.6999999881
29846  28.049  -53.624  -25.105 0.6999999881
29848  26.845  -53.788  -24.904 0.8000000119
29849  26.058  -53.971  -25.073 0.8000000119
29850  25.444  -54.169  -25.407 0.8999999762
29851  21.219  -53.849  -25.808 0.5000000000
29860  29.764  -54.054  -26.295 0.6999999881
29861  29.313  -53.781  -26.016 0.6999999881
29864  27.009  -53.637  -26.304 0.8000000119
29866  25.938  -53.964  -25.756 0.8000000119
29880  29.845  -53.966  -26.864 0.6999999881
29881  29.430  -53.722  -26.581 0.6999999881
29883  26.485  -53.842  -26.687 0.6999999881
29884  25.890  -53.985  -26.439 0.8000000119
29885  25.367  -54.183  -26.537 0.8000000119
29886  21.554  -54.121  -26.815 0.6000000238
29894  29.850  -53.933  -27.421 0.6999999881
29896  27.705  -53.503  -27.723 0.6000000238
29897  27.131  -53.740  -27.553 0.6999999881
29898  26.498  -53.919  -27.364 0.6000000238
29899  25.914  -54.107  -27.455 0.6999999881
29904  29.742  -53.915  -28.076 0.6000000238
29905  29.445  -53.619  -27.596 0.6999999881
29907  27.862  -53.650  -28.271 0.6000000238
29908  27.277  -53.821  -28.147 0.6000000238
29911  21.663  -53.900  -27.815 0.5000000000
29914  29.776  -54.146  -28.611 0.6999999881
29916  28.696  -53.699  -28.747 0.6000000238
29917  28.067  -53.796  -28.790 0.6000000238
29919  26.879  -54.114  -28.593 0.6999999881
29920  21.160  -53.679  -29.912 0.5000000000
29923  29.551  -54.211  -29.159 0.8000000119
29924  29.009  -53.909  -29.202 0.6000000238
29927  27.091  -54.223  -29.091 0.6000000238
29931  28.723  -54.201  -29.722 0.8000000119
29932  28.134  -54.239  -29.834 0.6999999881
29933  27.597  -54.421  -29.943 0.6999999881
29934  25.377  -53.648  -30.533 0.5000000000
29936  23.749  -54.093  -30.602 0.6000000238
29938  21.215  -53.572  -30.392 0.5000000000
29942  25.638  -54.094  -31.152 0.6000000238
29944  24.248  -54.709  -31.075 0.6000000238
29947  21.610  -53.664  -30.585 0.5000000000
29948  21.247  -53.161  -30.572 0.6000000238
29955  32.954  -53.941  -31.661 0.5000000000
29956  32.256  -53.973  -31.689 0.6000000238
29958  30.741  -53.943  -31.817 0.6000000238
29959  29.996  -53.576  -31.808 0.6000000238
29960  29.298  -53.708  -31.896 0.6999999881
29961  28.673  -53.858  -31.960 0.6000000238
29962  28.085  -53.923  -31.975 0.6000000238
29963  27.539  -54.029  -31.990 0.5000000000
29964  26.586  -54.063  -31.674 0.4000000060
29965  26.003  -54.526  -31.663 0.6000000238
29975  28.270  -54.598  -32.197 0.6000000238
29976  27.745  -54.579  -32.190 0.6000000238
29977  27.325  -54.630  -32.181 0.6000000238
30846  21.365  -52.978  -19.091 0.4000000060
30897  21.566  -53.028  -22.262 0.5000000000
30898  21.217  -53.344  -21.902 0.6000000238
30911  21.415  -53.157  -22.747 0.5000000000
30924  21.729  -53.089  -23.227 0.5000000000
30935  22.428  -52.909  -23.644 0.5000000000
30936  21.502  -53.154  -23.899 0.4000000060
30937  20.844  -53.477  -24.107 0.4000000060
30944  21.299  -53.216  -24.488 0.4000000060
30945  20.866  -53.496  -24.664 0.4000000060
30947  22.025  -52.996  -24.812 0.4000000060
30948  21.268  -53.266  -25.028 0.4000000060
30949  21.019  -53.504  -25.286 0.4000000060
30958  27.742  -53.443  -25.548 0.8000000119
30959  22.178  -53.035  -25.676 0.3000000119
30961  21.218  -53.489  -25.848 0.5000000000
30972  29.087  -53.440  -26.826 0.6000000238
30973  28.626  -53.366  -26.516 0.6999999881
30974  28.075  -53.375  -26.107 0.8000000119
30975  27.550  -53.440  -26.539 0.8000000119
30976  22.429  -53.031  -26.234 0.3000000119
30977  21.783  -53.322  -26.660 0.5000000000
30978  21.470  -53.743  -26.686 0.6000000238
30985  29.148  -53.450  -27.269 0.6999999881
30987  28.091  -53.352  -27.329 0.6000000238
30990  21.622  -53.533  -27.220 0.6000000238
30992  28.989  -53.419  -27.685 0.6999999881
30993  28.368  -53.391  -27.837 0.6000000238
30997  28.867  -53.506  -28.215 0.6000000238
30998  21.124  -53.139  -29.560 0.5000000000
31000  26.302  -52.879  -29.716 0.5000000000
31001  25.353  -52.836  -29.774 0.6000000238
31005  27.593  -52.936  -30.624 0.4000000060
31006  27.067  -53.094  -30.414 0.4000000060
31007  26.459  -53.195  -30.319 0.4000000060
31008  25.805  -53.158  -30.050 0.5000000000
31017  28.250  -52.973  -31.385 0.4000000060
31019  27.267  -53.214  -31.007 0.5000000000
31020  26.742  -53.434  -31.017 0.4000000060
31022  22.316  -53.373  -30.754 0.6000000238
31023  21.692  -53.211  -30.741 0.6000000238
31813  19.848  -52.890  -17.846 0.4000000060
31830  20.692  -52.191  -18.267 0.4000000060
31856  21.363  -52.351  -19.072 0.4000000060
31857  21.051  -52.777  -18.483 0.4000000060
31879  21.565  -52.644  -19.622 0.4000000060
31899  21.673  -52.703  -20.233 0.4000000060
31910  22.049  -52.497  -21.051 0.4000000060
31923  23.981  -52.333  -21.732 0.5000000000
31924  23.224  -52.497  -21.772 0.5000000000
31925  22.324  -52.684  -21.947 0.5000000000
31926  21.650  -52.883  -21.795 0.5000000000
31939  25.324  -52.149  -22.414 0.4000000060
31940  24.804  -52.362  -22.437 0.4000000060
31941  23.599  -52.540  -22.184 0.5000000000
31960  25.124  -52.348  -22.990 0.4000000060
31963  23.270  -52.697  -23.368 0.5000000000
31981  25.529  -52.172  -23.488 0.4000000060
31982  25.019  -52.402  -23.564 0.5000000000
31983  24.467  -52.507  -23.540 0.4000000060
31984  23.786  -52.598  -23.748 0.4000000060
31996  25.340  -52.245  -24.074 0.4000000060
31997  25.105  -52.284  -24.588 0.4000000060
31999  23.587  -52.634  -24.376 0.5000000000
32000  22.857  -52.811  -24.597 0.3000000119
32011  25.014  -52.159  -25.558 0.3000000119
32012  24.360  -52.464  -25.561 0.3000000119
32014  22.749  -52.885  -25.199 0.4000000060
32026  24.792  -52.037  -26.388 0.3000000119
32027  24.324  -52.382  -26.184 0.3000000119
32029  23.016  -52.844  -25.793 0.3000000119
32038  24.797  -51.837  -26.827 0.3000000119
32039  23.309  -52.604  -26.972 0.4000000060
32044  24.064  -52.127  -27.395 0.3000000119
32045  23.447  -52.413  -27.529 0.4000000060
32046  22.712  -52.796  -27.380 0.4000000060
32049  23.357  -52.192  -28.008 0.4000000060
32056  26.427  -52.071  -29.178 0.5000000000
32058  22.014  -52.446  -28.608 0.5000000000
32067  26.652  -52.495  -29.425 0.5000000000
32069  24.944  -52.396  -29.761 0.5000000000
32070  24.510  -51.891  -29.962 0.5000000000
32072  21.106  -52.649  -29.938 0.4000000060
32080  28.512  -52.421  -30.417 0.4000000060
32081  27.962  -52.596  -30.179 0.4000000060
32086  23.547  -52.643  -30.352 0.6000000238
32087  22.727  -52.684  -30.707 0.6000000238
32088  21.098  -52.581  -30.406 0.5000000000
32096  29.487  -52.065  -31.439 0.4000000060
32098  28.107  -52.741  -30.825 0.4000000060
32099  22.084  -52.743  -30.844 0.6000000238
32110  29.330  -52.604  -31.610 0.5000000000
32111  28.793  -52.821  -31.505 0.5000000000
32891  20.697  -51.575  -18.458 0.4000000060
32894  18.949  -51.782  -18.106 0.4000000060
32910  21.415  -51.654  -19.206 0.4000000060
32911  21.070  -52.002  -18.670 0.4000000060
32922  22.247  -51.234  -19.844 0.4000000060
32942  23.844  -51.604  -20.792 0.4000000060
32944  22.225  -51.781  -20.080 0.4000000060
32945  21.825  -52.198  -19.930 0.4000000060
32961  24.743  -51.663  -21.187 0.4000000060
32963  22.754  -52.121  -20.901 0.4000000060
32979  25.096  -51.835  -21.630 0.4000000060
32980  24.580  -52.072  -21.593 0.4000000060
32990  25.827  -51.764  -22.273 0.4000000060
32991  25.379  -51.945  -22.036 0.4000000060
33003  26.038  -51.877  -23.343 0.4000000060
33039  26.187  -51.577  -24.481 0.4000000060
33040  25.618  -51.989  -24.588 0.4000000060
33057  26.286  -51.278  -25.089 0.4000000060
33073  25.967  -51.323  -25.596 0.4000000060
33074  25.692  -51.467  -26.135 0.3000000119
33075  25.517  -51.760  -25.597 0.4000000060
33084  25.702  -51.079  -26.644 0.4000000060
33085  25.258  -51.602  -26.615 0.4000000060
33088  25.007  -51.505  -27.159 0.4000000060
33089  24.618  -51.069  -27.950 0.4000000060
33091  23.675  -51.796  -28.217 0.4000000060
33099  27.231  -51.659  -28.837 0.5000000000
33100  26.667  -51.705  -28.944 0.5000000000
33102  22.008  -51.856  -29.077 0.4000000060
33113  25.888  -51.839  -29.261 0.5000000000
33116  21.399  -51.570  -29.679 0.5000000000
33117  21.217  -51.960  -29.943 0.4000000060
33125  29.436  -51.790  -30.285 0.4000000060
33127  23.836  -51.996  -30.294 0.5000000000
33128  23.071  -52.018  -30.765 0.5000000000
33129  21.286  -51.350  -30.208 0.5000000000
33139  30.399  -51.258  -31.531 0.4000000060
33140  29.954  -51.672  -31.505 0.4000000060
33142  22.568  -51.407  -31.104 0.5000000000
33945  20.176  -51.099  -18.410 0.4000000060
33946  19.546  -50.971  -18.280 0.4000000060
33947  19.091  -50.975  -18.296 0.4000000060
33957  20.746  -51.011  -18.755 0.4000000060
33958  18.757  -50.707  -18.571 0.4000000060
33970  22.241  -50.744  -19.769 0.4000000060
33971  21.757  -51.024  -19.535 0.4000000060
33989  23.149  -50.930  -20.294 0.4000000060
34004  25.082  -51.070  -21.101 0.4000000060
34005  24.622  -51.210  -20.916 0.4000000060
34006  24.212  -51.167  -20.695 0.4000000060
34021  26.346  -50.609  -21.766 0.4000000060
34022  26.049  -51.200  -21.889 0.4000000060
34039  26.559  -50.934  -22.228 0.4000000060
34048  26.771  -51.341  -23.444 0.4000000060
34059  26.698  -51.270  -24.063 0.4000000060
34074  27.048  -50.881  -24.305 0.4000000060
34075  26.654  -51.124  -24.647 0.4000000060
34098  26.966  -50.725  -24.835 0.4000000060
34117  26.414  -50.915  -25.527 0.4000000060
34133  25.576  -50.720  -27.110 0.4000000060
34134  25.126  -50.967  -27.489 0.4000000060
34141  27.441  -50.613  -28.343 0.5000000000
34142  25.285  -50.320  -27.455 0.3000000119
34153  26.833  -51.224  -28.692 0.5000000000
34155  24.258  -50.460  -28.329 0.4000000060
34156  23.560  -50.706  -28.722 0.4000000060
34165  25.008  -50.974  -29.730 0.5000000000
34177  24.465  -50.857  -30.298 0.5000000000
34178  24.148  -51.381  -30.431 0.5000000000
34180  21.321  -50.363  -30.393 0.5000000000
34181  21.381  -51.195  -30.516 0.6000000238
34191  21.979  -50.760  -31.011 0.6000000238
34954  19.821  -50.526  -18.546 0.4000000060
34961  21.445  -50.427  -19.341 0.4000000060
34962  20.921  -50.445  -19.013 0.4000000060
34964  19.538  -50.054  -18.713 0.4000000060
34965  18.940  -50.098  -18.838 0.4000000060
34966  18.384  -50.433  -18.990 0.4000000060
34976  21.972  -50.341  -19.628 0.4000000060
34977  21.116  -49.907  -19.265 0.4000000060
34978  18.504  -49.938  -19.277 0.4000000060
34989  23.582  -50.422  -20.328 0.4000000060
34991  22.494  -50.263  -19.868 0.4000000060
35004  25.010  -50.513  -20.955 0.3000000119
35005  24.538  -50.225  -20.676 0.4000000060
35037  26.796  -50.379  -22.050 0.4000000060
35054  27.331  -50.487  -23.308 0.3000000119
35065  27.291  -50.476  -23.996 0.4000000060
35079  27.358  -50.003  -24.400 0.3000000119
35097  27.121  -50.135  -25.018 0.4000000060
35098  26.785  -50.548  -25.339 0.4000000060
35129  26.593  -49.944  -26.016 0.4000000060
35130  26.304  -50.155  -26.301 0.4000000060
35143  25.648  -50.109  -27.087 0.4000000060
35155  24.997  -49.959  -27.808 0.4000000060
35165  27.173  -50.232  -28.390 0.5000000000
35167  26.414  -50.740  -28.722 0.4000000060
35169  23.630  -50.040  -28.755 0.4000000060
35183  22.240  -50.024  -29.467 0.4000000060
35196  23.774  -50.836  -30.750 0.5000000000
35197  21.572  -49.844  -30.128 0.5000000000
35214  23.286  -50.245  -30.972 0.5000000000
35988  19.322  -49.715  -18.983 0.4000000060
35996  21.651  -49.835  -19.506 0.4000000060
35997  20.318  -49.352  -19.334 0.4000000060
36035  27.211  -50.044  -22.288 0.4000000060
36060  27.755  -49.471  -23.640 0.3000000119
36075  27.652  -49.450  -24.251 0.3000000119
36094  27.384  -49.562  -24.852 0.3000000119
36107  27.111  -49.544  -25.404 0.3000000119
36117  26.779  -49.502  -25.918 0.4000000060
36118  26.429  -49.565  -26.428 0.4000000060
36133  26.113  -49.401  -26.848 0.4000000060
36147  25.354  -49.439  -27.628 0.3000000119
36157  26.977  -49.817  -28.607 0.4000000060
36159  23.665  -49.438  -28.861 0.4000000060
36170  22.362  -48.910  -29.510 0.4000000060
36182  25.121  -49.527  -30.326 0.4000000060
36184  21.897  -48.954  -29.986 0.5000000000
36185  21.562  -49.307  -30.453 0.5000000000
36186  21.743  -49.539  -30.878 0.6000000238
36196  25.055  -49.029  -30.613 0.4000000060
36197  24.509  -49.285  -30.750 0.4000000060
36939  21.360  -48.847  -19.739 0.3000000119
37071  26.351  -49.027  -26.717 0.4000000060
37084  25.955  -49.034  -27.145 0.3000000119
37085  25.650  -48.986  -27.451 0.4000000060
37100  24.717  -48.772  -28.282 0.3000000119
37119  23.608  -48.837  -28.901 0.3000000119
37131  22.164  -48.441  -29.850 0.4000000060
37132  21.870  -48.845  -30.410 0.4000000060
37133  21.850  -49.247  -30.793 0.4000000060
37144  22.290  -48.959  -30.827 0.4000000060
38040  26.563  -48.487  -26.577 0.4000000060
38053  26.259  -48.222  -27.010 0.3000000119
38054  25.939  -48.567  -27.264 0.3000000119
38066  25.910  -48.051  -27.383 0.3000000119
38067  25.526  -48.433  -27.687 0.5000000000
38068  25.091  -48.502  -28.028 0.3000000119
38076  25.134  -48.013  -28.098 0.4000000060
38089  23.552  -48.209  -28.938 0.3000000119
38090  22.944  -47.878  -29.277 0.3000000119
38104  22.589  -47.915  -29.623 0.3000000119
38118  23.472  -48.158  -30.840 0.5000000000
38119  22.706  -48.121  -30.644 0.4000000060
39026  26.561  -47.394  -26.761 0.3000000119
39027  26.264  -47.596  -27.116 0.3000000119
39036  25.843  -47.512  -27.514 0.3000000119
39046  24.925  -47.398  -28.421 0.3000000119
39047  24.196  -47.200  -28.848 0.3000000119
39058  23.336  -47.197  -29.207 0.3000000119
39070  22.664  -47.527  -29.965 0.4000000060
39082  22.970  -47.341  -30.358 0.4000000060
39990  25.222  -46.915  -28.168 0.4000000060
40011  23.480  -46.733  -29.207 0.3000000119
40012  23.032  -46.696  -29.655 0.3000000119
40033  23.317  -47.026  -30.485 0.4000000060
41068  25.535  -46.304  -27.980 0.4000000060
41075  24.845  -46.410  -28.479 0.3000000119
41076  23.642  -45.948  -29.033 0.3000000119
41085  23.038  -46.157  -29.799 0.4000000060
41100  24.421  -45.949  -30.275 0.4000000060
41109  23.488  -46.075  -30.102 0.4000000060
42251  24.040  -45.625  -28.734 0.3000000119
42262  23.355  -45.545  -29.820 0.4000000060
43460  23.395  -44.872  -29.789 0.4000000060
43474  24.006  -44.636  -30.054 0.4000000060
44648  24.229  -44.199  -28.395 0.4000000060
44649  23.443  -44.274  -28.859 0.5000000000
44660  23.310  -44.361  -29.588 0.4000000060
44670  24.976  -44.271  -30.171 0.3000000119
45828  23.144  -43.837  -29.363 0.4000000060
45836  24.581  -43.643  -30.102 0.4000000060
45837  23.492  -43.924  -29.824 0.4000000060
47013  22.614  -42.542  -29.218 0.4000000060
47031  22.670  -42.229  -29.531 0.4000000060
224677  23.882  -44.728  -28.653 0.4000000060
224999  22.457  -55.113  -21.391 0.6999999881
226870  24.792  -54.620  -27.482 0.8000000119
227158  24.740  -59.392  -21.113 0.5000000000
227277  23.487  -52.663  -22.728 0.5000000000
227815  22.679  -51.366  -20.234 0.4000000060
227856  32.304  -57.226  -32.255 0.6000000238
227953  22.532  -54.607  -26.539 0.6999999881
228019  34.145  -57.500  -32.614 0.4000000060
228252  23.158  -54.668  -25.400 0.8000000119
228360  24.777  -52.340  -25.049 0.4000000060
228379  22.745  -52.438  -21.332 0.5000000000
228516  24.768  -51.416  -27.571 0.3000000119
228530  26.470  -53.813  -25.481 0.8000000119
228569  21.578  -50.293  -30.811 0.5000000000
228602  24.213  -55.396  -21.797 0.6000000238
228638  23.044  -54.738  -26.975 0.6999999881
228870  22.265  -54.565  -27.052 0.6999999881
229179  23.982  -56.593  -20.556 0.5000000000
229333  23.447  -52.010  -20.980 0.3000000119
229779  27.441  -54.925  -22.715 0.6999999881
230041  21.050  -58.920  -20.037 0.5000000000
231066  29.428  -55.458  -24.441 0.6999999881
231850  22.750  -57.702  -20.121 0.5000000000
231894  27.493  -53.639  -25.036 0.8000000119
232098  21.698  -52.118  -30.850 0.6000000238
232270  21.455  -57.049  -19.523 0.5000000000
233008  21.522  -54.253  -25.045 0.5000000000
233425  33.608  -56.474  -30.915 0.5000000000
233502  26.859  -59.279  -24.797 0.6000000238
233846  24.194  -59.357  -21.149 0.5000000000
234031  38.050  -61.907  -29.020 0.4000000060
234354  28.540  -55.795  -32.034 0.6999999881
234385  23.066  -55.668  -29.916 0.6000000238
234625  15.602  -54.192  -18.021 0.3000000119
235059  22.574  -51.825  -20.473 0.4000000060
235266  28.929  -57.317  -25.777 0.6000000238
235312  29.410  -55.903  -32.231 0.6999999881
236015  23.160  -55.054  -22.261 0.6999999881
236016  26.250  -54.868  -29.704 0.6000000238
236466  21.611  -52.824  -20.824 0.4000000060
236488  25.945  -50.785  -21.550 0.4000000060
236623  23.927  -42.792  -29.972 0.4000000060
236797  14.444  -56.744  -19.498 0.3000000119
236985  28.497  -57.108  -22.376 0.6999999881
237474  25.595  -59.010  -20.997 0.5000000000
237618  22.853  -55.421  -21.022 0.5000000000
237630  36.189  -59.262  -28.495 0.4000000060
238090  24.233  -55.329  -28.725 0.6000000238
238209  26.962  -48.024  -26.134 0.3000000119
238499  28.568  -59.690  -26.046 0.6000000238
238511  29.206  -55.462  -23.843 0.6999999881
239132  20.754  -55.588  -18.635 0.4000000060
239235  34.424  -55.711  -29.772 0.5000000000
239459  25.385  -58.497  -20.958 0.5000000000
239949  38.663  -60.993  -29.165 0.5000000000
240002  30.067  -52.806  -31.760 0.6000000238
240183  21.364  -54.549  -19.487 0.5000000000
240507  29.299  -53.604  -28.033 0.6000000238
240908  35.008  -55.873  -29.839 0.5000000000
241166  24.614  -52.429  -24.516 0.4000000060
241272  28.726  -57.308  -23.000 0.6999999881
241491  29.445  -56.478  -31.315 0.6999999881
241538  37.422  -57.192  -32.939 0.4000000060
241719  21.761  -54.323  -27.041 0.6999999881
241843  23.213  -45.785  -29.617 0.4000000060
242156  23.552  -47.599  -30.721 0.4000000060
242395  20.260  -54.179  -17.728 0.4000000060
242699  23.026  -49.315  -31.017 0.6000000238
242994  21.398  -53.532  -19.338 0.5000000000
243333  27.062  -48.920  -25.751 0.3000000119
243442  20.029  -55.796  -18.043 0.4000000060
243466  24.712  -42.399  -30.207 0.3000000119
243766  32.248  -56.696  -32.460 0.6000000238
244141  30.040  -55.220  -32.144 0.6999999881
244521  37.357  -61.768  -29.148 0.5000000000
244948  22.130  -50.032  -31.022 0.6000000238
245480  21.514  -53.518  -19.923 0.4000000060
245644  34.284  -60.232  -28.696 0.5000000000
245654  22.857  -47.037  -29.985 0.4000000060
245934  22.095  -54.486  -24.485 0.6000000238
246247  31.676  -56.955  -30.626 0.6000000238
246318  23.398  -54.752  -23.802 0.6999999881
246736  20.803  -49.508  -19.352 0.3000000119
246977  20.049  -50.086  -18.778 0.4000000060
247185  30.459  -52.386  -31.760 0.6000000238
247205  30.079  -54.367  -26.638 0.6999999881
248051  29.846  -55.566  -25.690 0.6999999881
248182  39.018  -56.024  -25.028 0.4000000060
248217  36.251  -56.996  -28.751 0.4000000060
248390  25.707  -56.848  -21.079 0.6000000238
248483  25.242  -51.510  -21.400 0.4000000060
248685  33.800  -55.798  -29.780 0.5000000000
248747  28.108  -53.329  -26.791 0.6000000238
248998  24.570  -47.842  -28.553 0.3000000119
249077  26.680  -51.283  -22.800 0.4000000060
249476  36.807  -59.412  -28.570 0.4000000060
249480  29.879  -52.253  -31.730 0.6000000238
249491  26.017  -46.500  -27.459 0.3000000119
249634  18.222  -54.049  -17.612 0.4000000060
249816  27.830  -59.331  -23.281 0.6999999881
250475  26.769  -55.610  -32.000 0.6000000238
250980  21.365  -53.494  -26.276 0.5000000000
251420  24.559  -50.776  -20.763 0.3000000119
251626  22.198  -54.285  -30.653 0.5000000000
252401  21.432  -55.451  -19.600 0.5000000000
253017  21.500  -53.143  -19.587 0.4000000060
253021  33.509  -57.601  -27.074 0.6000000238
253095  25.900  -50.782  -28.999 0.5000000000
253380  36.530  -59.964  -28.731 0.4000000060
253463  23.678  -61.057  -21.990 0.4000000060
253491  29.062  -52.408  -31.310 0.5000000000
253659  31.863  -53.310  -31.662 0.6000000238
253797  33.555  -53.776  -31.618 0.5000000000
253903  32.501  -53.294  -31.645 0.5000000000
253938  25.923  -54.668  -23.194 0.6999999881
254628  23.926  -45.638  -30.088 0.4000000060
254629  23.402  -52.712  -24.891 0.3000000119
254923  33.435  -54.281  -31.749 0.5000000000
254927  40.066  -57.732  -26.449 0.4000000060
254953  25.803  -59.457  -21.113 0.5000000000
254969  36.214  -56.412  -30.054 0.4000000060
254993  39.744  -60.809  -29.030 0.4000000060
255010  32.674  -60.390  -27.864 0.5000000000
255376  22.386  -55.962  -20.259 0.5000000000
255392  22.620  -51.468  -28.984 0.4000000060
255448  24.234  -55.690  -31.094 0.6999999881
255539  24.528  -52.314  -22.003 0.4000000060
255724  26.450  -51.615  -23.213 0.4000000060
256239  21.539  -52.929  -21.366 0.5000000000
256319  26.210  -55.504  -31.943 0.4000000060
256346  24.818  -50.895  -20.925 0.3000000119
256415  25.558  -54.849  -28.785 0.6000000238
256448  29.572  -58.630  -25.957 0.6000000238
257017  17.461  -55.420  -17.940 0.5000000000
257119  25.825  -52.748  -29.652 0.5000000000
257557  33.355  -58.528  -27.021 0.6000000238
257631  24.799  -52.458  -23.258 0.5000000000
257781  23.231  -57.781  -20.280 0.5000000000
258129  28.732  -57.303  -24.298 0.6000000238
258338  29.300  -54.263  -25.102 0.6999999881
258429  30.142  -54.867  -26.517 0.6999999881
258804  32.250  -56.868  -30.880 0.6000000238
259043  34.572  -60.536  -28.986 0.5000000000
259047  29.848  -55.925  -30.233 0.6999999881
259516  23.811  -52.491  -26.556 0.3000000119
259605  24.145  -54.871  -27.433 0.8000000119
259607  38.115  -60.976  -29.100 0.4000000060
259914  24.035  -41.445  -29.779 0.3000000119
260257  29.867  -54.909  -25.577 0.5000000000
260307  37.922  -56.427  -23.943 0.4000000060
261068  28.968  -57.715  -26.112 0.6000000238
261276  25.508  -54.213  -24.911 0.8999999762
261463  21.679  -57.467  -19.640 0.5000000000
261589  24.339  -52.210  -26.805 0.3000000119
261778  33.781  -56.965  -31.597 0.5000000000
261966  28.946  -54.668  -24.175 0.6999999881
262108  21.294  -50.861  -30.388 0.5000000000
262166  26.295  -51.408  -22.373 0.4000000060
262213  27.787  -58.120  -21.656 0.6999999881
262249  24.123  -58.171  -20.694 0.6000000238
262282  21.944  -53.189  -27.744 0.5000000000
262391  36.253  -56.595  -30.764 0.4000000060
262457  36.675  -56.803  -29.247 0.4000000060
262611  23.833  -60.504  -21.839 0.4000000060
262700  15.436  -55.650  -18.706 0.4000000060
262981  29.191  -54.561  -24.617 0.6999999881
263061  27.034  -50.968  -23.156 0.4000000060
263074  19.738  -51.417  -18.131 0.4000000060
263370  23.767  -54.770  -26.920 0.6999999881
263495  24.309  -46.055  -28.657 0.3000000119
263649  23.737  -55.544  -30.922 0.6999999881
263792  30.242  -55.438  -27.753 0.6000000238
263876  28.880  -56.339  -23.171 0.6999999881
263979  25.395  -49.035  -30.355 0.4000000060
264052  26.420  -53.970  -24.525 0.8000000119
264449  23.200  -44.224  -29.218 0.3000000119
265216  31.288  -57.382  -31.091 0.6000000238
265765  29.126  -59.599  -25.950 0.6000000238
266533  29.541  -55.657  -24.857 0.5000000000
266602  23.936  -55.586  -29.242 0.6000000238
266630  30.214  -55.887  -28.954 0.6999999881
266718  36.429  -56.838  -29.010 0.4000000060
266720  20.693  -53.112  -18.177 0.4000000060
267005  19.376  -55.624  -17.707 0.5000000000
267114  27.492  -50.087  -23.244 0.3000000119
267373  20.416  -55.549  -18.236 0.4000000060
267387  18.185  -57.352  -18.567 0.5000000000
267540  39.492  -60.740  -29.160 0.4000000060
267691  37.017  -56.809  -29.563 0.4000000060
267767  21.630  -53.998  -28.488 0.6000000238
268131  38.715  -59.305  -26.956 0.4000000060
268134  29.911  -55.790  -26.127 0.6000000238
268260  23.152  -52.237  -21.120 0.5000000000
268411  31.208  -60.160  -26.464 0.5000000000
268453  27.042  -55.667  -31.872 0.6000000238
268492  25.282  -56.740  -21.010 0.6000000238
268566  26.301  -51.749  -29.074 0.5000000000
268629  27.258  -58.394  -21.263 0.6000000238
268738  33.790  -58.546  -27.376 0.5000000000
268984  30.950  -52.690  -31.679 0.6000000238
269091  21.733  -54.416  -24.034 0.5000000000
269122  32.198  -59.436  -26.564 0.5000000000
269525  36.954  -58.017  -28.620 0.4000000060
269581  26.374  -53.463  -30.784 0.4000000060
270391  24.013  -57.116  -20.470 0.5000000000
270433  41.295  -59.713  -22.479 0.3000000119
270896  29.050  -53.511  -26.362 0.6000000238
271024  22.805  -55.024  -21.993 0.6999999881
271054  27.494  -53.464  -26.006 0.8000000119
271158  27.513  -58.445  -24.942 0.6000000238
271159  33.333  -57.326  -32.578 0.5000000000
271178  26.257  -60.116  -21.450 0.5000000000
271241  24.001  -58.984  -21.009 0.5000000000
271412  20.988  -53.397  -23.602 0.5000000000
271429  23.624  -55.774  -29.840 0.6000000238
