#!ascii label  , from subject corrected_filled vox2ras=TkReg
987
226230  38.813  -41.713  -3.116 0.0000000000
241282  38.213  -56.492  -14.980 0.0000000000
31605  44.496  -52.485  -6.722 0.0000000000
266668  38.112  -52.967  -8.689 0.0000000000
25494  44.339  -57.023  -14.503 0.0000000000
227525  45.147  -54.896  -10.894 0.0000000000
24414  47.062  -57.036  -13.355 0.0000000000
30739  38.726  -53.023  -12.530 0.0000000000
35851  35.724  -49.681  -9.732 0.0000000000
34687  38.730  -50.214  -3.486 0.0000000000
29501  41.293  -53.631  -7.115 0.0000000000
234577  41.873  -53.635  -11.664 0.0000000000
25478  41.156  -56.443  -14.347 0.0000000000
19730  42.892  -61.003  -15.374 0.0000000000
49019  48.724  -40.889  -4.590 0.0000000000
46506  37.541  -42.927  -0.285 0.0000000000
35741  41.683  -48.919  -3.473 0.0000000000
239877  33.580  -47.943  -5.187 0.0000000000
27497  47.905  -55.178  -11.860 0.0000000000
27533  38.454  -55.089  -13.486 0.0000000000
30742  36.642  -53.091  -12.388 0.0000000000
32653  41.578  -51.720  -4.955 0.0000000000
30605  42.675  -53.183  -7.000 0.0000000000
27511  44.748  -55.203  -12.694 0.0000000000
28502  43.548  -54.644  -11.036 0.0000000000
27526  43.414  -54.892  -13.310 0.0000000000
27528  41.923  -54.733  -13.748 0.0000000000
25496  42.864  -56.889  -14.360 0.0000000000
18867  41.353  -61.437  -15.514 0.0000000000
42938  37.071  -44.631  0.265 0.0000000000
38650  39.111  -47.043  -2.149 0.0000000000
38642  40.031  -47.221  -1.672 0.0000000000
252172  36.814  -52.633  -6.162 0.0000000000
32718  35.712  -51.562  -6.886 0.0000000000
36794  32.965  -49.187  -9.617 0.0000000000
38698  32.885  -47.401  -7.755 0.0000000000
31666  46.777  -52.901  -8.239 0.0000000000
29534  45.192  -53.554  -8.618 0.0000000000
29596  46.853  -54.172  -10.247 0.0000000000
239060  46.618  -55.415  -12.876 0.0000000000
262409  46.411  -56.815  -14.460 0.0000000000
32786  39.314  -51.571  -10.851 0.0000000000
33797  37.064  -50.858  -9.241 0.0000000000
33857  37.721  -50.896  -11.562 0.0000000000
33842  35.364  -51.054  -11.222 0.0000000000
22495  37.683  -58.491  -16.169 0.0000000000
40659  36.096  -45.839  -2.056 0.0000000000
31585  38.588  -52.693  -5.478 0.0000000000
248576  39.353  -53.841  -7.759 0.0000000000
28457  43.939  -54.293  -9.197 0.0000000000
29581  41.628  -54.263  -9.696 0.0000000000
29599  40.040  -53.352  -10.206 0.0000000000
30736  40.852  -52.706  -12.617 0.0000000000
28540  40.125  -54.474  -13.466 0.0000000000
25500  39.678  -56.880  -14.833 0.0000000000
22482  43.667  -58.864  -15.095 0.0000000000
21491  41.917  -59.192  -15.002 0.0000000000
22483  40.627  -59.098  -15.208 0.0000000000
22485  39.178  -58.694  -15.511 0.0000000000
50134  48.537  -40.965  -5.857 0.0000000000
228223  43.667  -42.030  -3.677 0.0000000000
261227  42.286  -42.042  -2.255 0.0000000000
47748  37.749  -42.142  -1.538 0.0000000000
38652  37.636  -47.261  -2.084 0.0000000000
35743  39.936  -49.748  -3.583 0.0000000000
33700  43.319  -51.047  -4.883 0.0000000000
34729  45.239  -50.132  -4.447 0.0000000000
32695  46.300  -51.849  -6.460 0.0000000000
35816  34.660  -49.366  -7.526 0.0000000000
228278  41.459  -41.959  -4.135 0.0000000000
47841  41.297  -42.045  -4.646 0.0000000000
47824  39.014  -41.937  -4.013 0.0000000000
26511  38.402  -55.881  -14.205 0.0000000000
254924  37.234  -54.966  -13.425 0.0000000000
32676  42.675  -52.033  -5.669 0.0000000000
31579  42.466  -52.461  -6.041 0.0000000000
31631  43.570  -52.895  -6.951 0.0000000000
26486  44.808  -55.748  -13.744 0.0000000000
27512  43.937  -54.965  -12.881 0.0000000000
26503  43.694  -55.862  -14.103 0.0000000000
271268  43.254  -55.900  -14.113 0.0000000000
25495  43.570  -56.921  -14.384 0.0000000000
254644  40.762  -63.435  -15.929 0.0000000000
39601  38.535  -46.444  -0.893 0.0000000000
30653  37.565  -52.960  -7.653 0.0000000000
32701  35.919  -52.077  -6.456 0.0000000000
31653  37.063  -52.484  -7.978 0.0000000000
37723  32.372  -48.166  -9.124 0.0000000000
29552  46.709  -53.552  -9.293 0.0000000000
29576  47.914  -53.782  -10.151 0.0000000000
26476  47.496  -56.082  -13.018 0.0000000000
27498  47.784  -55.188  -12.000 0.0000000000
26482  47.375  -56.139  -13.393 0.0000000000
26484  46.430  -55.940  -13.781 0.0000000000
25471  46.969  -56.673  -14.037 0.0000000000
32807  39.316  -51.525  -11.889 0.0000000000
33837  38.531  -50.918  -11.249 0.0000000000
31730  38.264  -51.985  -11.994 0.0000000000
254749  36.261  -52.120  -11.912 0.0000000000
32813  35.040  -51.962  -11.783 0.0000000000
33844  33.921  -51.099  -11.300 0.0000000000
247978  37.708  -49.194  -2.740 0.0000000000
35729  37.429  -49.564  -2.900 0.0000000000
34688  38.096  -50.274  -3.416 0.0000000000
29484  39.024  -53.675  -6.922 0.0000000000
29521  40.256  -53.893  -7.484 0.0000000000
28469  45.413  -54.297  -9.735 0.0000000000
29555  44.505  -54.011  -8.946 0.0000000000
28470  44.706  -54.462  -9.778 0.0000000000
29606  42.513  -54.083  -11.676 0.0000000000
28488  42.953  -54.561  -10.319 0.0000000000
29597  41.695  -54.190  -10.406 0.0000000000
29583  40.590  -53.772  -10.057 0.0000000000
29608  41.332  -53.410  -11.364 0.0000000000
30713  40.602  -52.662  -11.145 0.0000000000
30722  41.471  -52.982  -11.946 0.0000000000
26506  41.481  -55.855  -14.069 0.0000000000
28539  40.749  -54.446  -13.631 0.0000000000
27549  40.495  -55.518  -13.983 0.0000000000
27550  39.924  -55.512  -13.925 0.0000000000
236212  40.223  -56.937  -14.706 0.0000000000
15059  42.645  -64.439  -14.671 0.0000000000
243328  43.152  -62.861  -15.523 0.0000000000
237455  43.777  -62.628  -15.373 0.0000000000
240889  43.592  -61.463  -15.470 0.0000000000
20589  43.223  -60.422  -15.318 0.0000000000
22470  42.795  -58.826  -14.954 0.0000000000
20590  42.472  -60.310  -15.243 0.0000000000
18869  40.264  -61.367  -15.557 0.0000000000
20592  40.851  -59.739  -15.230 0.0000000000
20593  40.270  -59.988  -15.370 0.0000000000
250169  40.069  -59.091  -15.336 0.0000000000
264017  39.274  -60.173  -15.664 0.0000000000
51322  50.795  -40.128  -6.041 0.0000000000
50122  48.613  -40.872  -5.298 0.0000000000
47834  46.244  -41.776  -4.731 0.0000000000
49014  46.320  -41.643  -4.185 0.0000000000
254358  39.761  -42.107  -0.471 0.0000000000
47743  41.691  -42.087  -1.280 0.0000000000
47745  40.081  -41.950  -1.353 0.0000000000
47769  40.516  -41.905  -1.927 0.0000000000
47723  38.098  -42.150  -1.056 0.0000000000
44205  36.830  -43.943  -1.153 0.0000000000
235985  37.350  -45.248  -1.013 0.0000000000
37659  40.354  -48.303  -3.091 0.0000000000
36691  39.780  -48.766  -3.288 0.0000000000
35759  41.175  -49.683  -3.789 0.0000000000
33669  41.655  -50.771  -4.480 0.0000000000
34732  43.056  -50.552  -4.462 0.0000000000
34746  47.929  -50.380  -4.818 0.0000000000
33696  46.296  -50.448  -4.886 0.0000000000
33724  45.747  -51.095  -5.369 0.0000000000
34801  36.314  -50.153  -9.020 0.0000000000
34780  35.671  -50.347  -8.098 0.0000000000
35829  35.246  -49.404  -8.560 0.0000000000
39657  32.879  -46.759  -7.225 0.0000000000
29639  38.579  -54.143  -12.872 0.0000000000
30740  38.055  -53.107  -12.456 0.0000000000
33672  39.783  -50.967  -4.145 0.0000000000
32631  39.594  -51.394  -4.337 0.0000000000
32678  41.250  -52.069  -5.133 0.0000000000
30629  42.186  -53.325  -7.016 0.0000000000
230541  45.261  -55.232  -12.243 0.0000000000
231084  44.531  -54.842  -10.761 0.0000000000
28513  44.142  -54.856  -11.796 0.0000000000
28526  43.710  -54.706  -12.257 0.0000000000
28527  42.847  -54.185  -12.804 0.0000000000
232125  42.015  -53.548  -12.632 0.0000000000
27527  42.492  -54.898  -13.736 0.0000000000
26505  42.213  -55.918  -14.062 0.0000000000
25477  41.839  -56.429  -14.265 0.0000000000
18866  42.168  -61.410  -15.479 0.0000000000
17929  41.424  -62.464  -15.829 0.0000000000
256959  40.643  -62.337  -15.860 0.0000000000
45343  37.692  -43.082  0.256 0.0000000000
40646  37.817  -45.665  -0.875 0.0000000000
41745  37.410  -45.258  -0.558 0.0000000000
38649  39.763  -47.147  -2.021 0.0000000000
264459  40.870  -47.983  -2.816 0.0000000000
33740  35.233  -51.198  -6.109 0.0000000000
34758  34.617  -50.236  -6.260 0.0000000000
36792  34.504  -49.349  -9.424 0.0000000000
36771  34.085  -48.791  -8.442 0.0000000000
37710  33.001  -48.155  -8.390 0.0000000000
39671  32.568  -47.200  -8.035 0.0000000000
31628  45.482  -52.640  -7.357 0.0000000000
31651  44.450  -53.062  -7.566 0.0000000000
30667  45.728  -53.282  -8.425 0.0000000000
225399  46.124  -53.694  -9.182 0.0000000000
28483  46.388  -54.496  -10.580 0.0000000000
28499  46.699  -54.722  -11.169 0.0000000000
27484  46.265  -55.051  -11.633 0.0000000000
27510  45.617  -55.356  -12.796 0.0000000000
26485  45.601  -55.876  -13.751 0.0000000000
31695  38.655  -52.168  -9.879 0.0000000000
31683  37.659  -52.180  -9.057 0.0000000000
32768  38.127  -51.358  -9.862 0.0000000000
34808  37.280  -50.396  -10.204 0.0000000000
34829  36.598  -50.156  -10.497 0.0000000000
31732  36.926  -52.071  -11.893 0.0000000000
33859  36.437  -51.106  -11.512 0.0000000000
34831  35.421  -50.151  -10.440 0.0000000000
34833  34.025  -50.274  -10.377 0.0000000000
242451  33.090  -49.821  -10.262 0.0000000000
24464  38.042  -57.307  -15.799 0.0000000000
46547  37.003  -42.532  -2.577 0.0000000000
46557  36.655  -43.006  -3.174 0.0000000000
39619  35.919  -46.941  -2.176 0.0000000000
244867  38.584  -53.658  -7.399 0.0000000000
30671  38.439  -53.321  -8.427 0.0000000000
29537  42.874  -53.840  -8.147 0.0000000000
28472  43.404  -54.507  -9.711 0.0000000000
265061  42.747  -54.286  -9.125 0.0000000000
233548  41.806  -54.038  -8.590 0.0000000000
29559  40.517  -53.992  -8.618 0.0000000000
29560  39.969  -53.813  -9.009 0.0000000000
30701  39.232  -53.000  -9.735 0.0000000000
31708  40.053  -52.319  -10.846 0.0000000000
31719  40.361  -52.006  -11.479 0.0000000000
30737  40.178  -52.727  -12.636 0.0000000000
236728  41.174  -53.201  -12.974 0.0000000000
29624  40.440  -53.255  -12.949 0.0000000000
29638  39.249  -54.071  -12.950 0.0000000000
27532  39.088  -55.089  -13.494 0.0000000000
26510  39.004  -55.929  -14.178 0.0000000000
25501  39.167  -56.738  -14.882 0.0000000000
270326  45.725  -57.977  -14.924 0.0000000000
16023  43.291  -63.548  -15.141 0.0000000000
22481  44.545  -59.184  -15.253 0.0000000000
24453  43.858  -57.498  -14.577 0.0000000000
23455  42.830  -57.907  -14.629 0.0000000000
252272  42.142  -57.935  -14.626 0.0000000000
24456  41.539  -57.636  -14.634 0.0000000000
21509  41.548  -59.729  -15.148 0.0000000000
22472  41.230  -59.175  -15.082 0.0000000000
23457  41.017  -57.868  -14.838 0.0000000000
23458  40.444  -58.012  -15.040 0.0000000000
23465  39.396  -58.061  -15.367 0.0000000000
249794  38.851  -57.695  -15.526 0.0000000000
22486  38.589  -58.743  -15.775 0.0000000000
233977  49.934  -40.711  -7.230 0.0000000000
50153  50.418  -40.306  -6.725 0.0000000000
49035  48.272  -41.320  -6.263 0.0000000000
246062  46.253  -41.960  -5.174 0.0000000000
256919  43.574  -42.080  -4.236 0.0000000000
47803  41.288  -41.905  -3.541 0.0000000000
47762  45.248  -42.015  -2.057 0.0000000000
48999  46.460  -41.613  -3.621 0.0000000000
225916  42.941  -42.021  -2.916 0.0000000000
47789  40.674  -41.840  -2.802 0.0000000000
47791  38.908  -41.719  -2.640 0.0000000000
44206  36.475  -43.886  -1.791 0.0000000000
38653  36.853  -47.427  -2.035 0.0000000000
36694  38.195  -48.984  -2.713 0.0000000000
38651  38.461  -47.087  -2.153 0.0000000000
36693  38.787  -48.705  -2.813 0.0000000000
257447  39.673  -50.219  -3.694 0.0000000000
33670  41.004  -50.822  -4.384 0.0000000000
33702  41.931  -51.264  -4.774 0.0000000000
32674  43.911  -51.829  -5.760 0.0000000000
33699  44.026  -50.910  -4.894 0.0000000000
33726  44.300  -51.347  -5.343 0.0000000000
32697  44.870  -52.071  -6.292 0.0000000000
32742  36.506  -51.457  -8.300 0.0000000000
34767  35.344  -50.547  -7.570 0.0000000000
36737  33.842  -48.804  -6.356 0.0000000000
37701  34.039  -48.553  -7.846 0.0000000000
37691  33.632  -48.279  -6.700 0.0000000000
15060  42.301  -64.817  -14.611 0.0000000000
16024  43.067  -63.950  -14.714 0.0000000000
16948  43.584  -63.026  -15.275 0.0000000000
16952  41.039  -62.936  -15.921 0.0000000000
16965  40.371  -62.941  -15.935 0.0000000000
17926  43.534  -62.311  -15.472 0.0000000000
17927  42.649  -62.160  -15.526 0.0000000000
18864  43.823  -61.897  -15.468 0.0000000000
18865  43.103  -61.721  -15.449 0.0000000000
18868  40.805  -61.485  -15.541 0.0000000000
19729  43.758  -61.001  -15.467 0.0000000000
19731  41.515  -60.958  -15.396 0.0000000000
19732  40.845  -60.942  -15.398 0.0000000000
20591  41.880  -60.162  -15.222 0.0000000000
20594  39.734  -60.119  -15.512 0.0000000000
21489  43.209  -59.380  -15.117 0.0000000000
21490  42.533  -59.328  -15.030 0.0000000000
21507  42.837  -59.850  -15.157 0.0000000000
21508  42.181  -59.758  -15.103 0.0000000000
21510  39.885  -59.597  -15.422 0.0000000000
21511  39.524  -59.172  -15.442 0.0000000000
21512  39.000  -59.276  -15.698 0.0000000000
21521  38.460  -59.408  -15.944 0.0000000000
22468  44.342  -58.569  -15.084 0.0000000000
22469  43.164  -58.354  -14.897 0.0000000000
22471  42.106  -58.620  -14.807 0.0000000000
22484  39.736  -58.620  -15.363 0.0000000000
22494  38.044  -58.988  -16.054 0.0000000000
23451  45.587  -58.368  -15.042 0.0000000000
23453  44.129  -58.025  -14.838 0.0000000000
23454  43.458  -57.930  -14.710 0.0000000000
23456  41.530  -58.248  -14.722 0.0000000000
23463  40.303  -58.574  -15.225 0.0000000000
23464  39.953  -58.148  -15.232 0.0000000000
23466  38.368  -57.635  -15.735 0.0000000000
23469  38.460  -58.108  -15.741 0.0000000000
23470  37.977  -57.893  -15.990 0.0000000000
24432  46.998  -57.024  -13.850 0.0000000000
24433  46.716  -57.398  -13.759 0.0000000000
24448  46.631  -57.243  -14.284 0.0000000000
24451  45.771  -57.589  -14.848 0.0000000000
24454  43.170  -57.432  -14.488 0.0000000000
24455  42.521  -57.411  -14.486 0.0000000000
24457  41.093  -57.384  -14.661 0.0000000000
24458  40.580  -57.444  -14.821 0.0000000000
24459  38.983  -57.162  -15.282 0.0000000000
24462  39.305  -57.510  -15.273 0.0000000000
24463  38.482  -57.218  -15.510 0.0000000000
25446  47.584  -56.113  -12.616 0.0000000000
25455  47.502  -56.252  -13.138 0.0000000000
25456  47.327  -56.538  -13.553 0.0000000000
25474  44.000  -56.412  -14.324 0.0000000000
25475  43.248  -56.298  -14.261 0.0000000000
25476  42.529  -56.391  -14.249 0.0000000000
25479  40.504  -56.452  -14.416 0.0000000000
25480  39.854  -56.441  -14.489 0.0000000000
25492  45.901  -57.116  -14.735 0.0000000000
25497  42.194  -56.920  -14.377 0.0000000000
25498  41.506  -57.032  -14.439 0.0000000000
25499  40.840  -56.949  -14.565 0.0000000000
25502  37.714  -56.382  -15.035 0.0000000000
25506  38.021  -56.813  -15.421 0.0000000000
26460  48.050  -55.172  -11.566 0.0000000000
26483  47.091  -55.989  -13.592 0.0000000000
26498  47.232  -56.301  -13.794 0.0000000000
26499  46.795  -56.309  -14.050 0.0000000000
26500  46.055  -56.300  -14.168 0.0000000000
26502  44.406  -56.055  -14.114 0.0000000000
26504  42.846  -55.922  -14.091 0.0000000000
26507  40.794  -55.970  -14.169 0.0000000000
26508  40.184  -55.985  -14.179 0.0000000000
26509  39.594  -55.963  -14.163 0.0000000000
26529  39.301  -56.322  -14.498 0.0000000000
26530  38.682  -56.318  -14.645 0.0000000000
26531  38.058  -56.148  -14.626 0.0000000000
27485  45.383  -55.120  -11.592 0.0000000000
27496  48.112  -54.939  -11.451 0.0000000000
27499  46.797  -55.173  -12.183 0.0000000000
27500  45.957  -55.231  -12.213 0.0000000000
27501  44.728  -55.098  -11.975 0.0000000000
27508  47.665  -55.509  -12.404 0.0000000000
27509  47.337  -55.715  -13.108 0.0000000000
27522  46.766  -55.713  -13.407 0.0000000000
27523  46.039  -55.615  -13.345 0.0000000000
27524  45.189  -55.503  -13.285 0.0000000000
27525  44.121  -55.565  -13.820 0.0000000000
27529  41.345  -54.549  -13.723 0.0000000000
27530  40.299  -54.999  -13.780 0.0000000000
27531  39.701  -55.053  -13.599 0.0000000000
27534  37.761  -55.108  -13.525 0.0000000000
27545  43.217  -55.547  -13.934 0.0000000000
27546  42.628  -55.462  -13.892 0.0000000000
27547  42.019  -55.360  -13.896 0.0000000000
27548  41.426  -55.189  -13.895 0.0000000000
27551  39.334  -55.509  -13.865 0.0000000000
27552  38.732  -55.493  -13.844 0.0000000000
27553  38.135  -55.468  -13.876 0.0000000000
27554  37.169  -55.334  -13.818 0.0000000000
28458  43.269  -54.252  -9.020 0.0000000000
28468  46.129  -54.248  -9.997 0.0000000000
28471  44.059  -54.554  -9.877 0.0000000000
28473  42.712  -54.458  -9.627 0.0000000000
28474  42.102  -54.400  -9.845 0.0000000000
28482  47.193  -54.432  -10.786 0.0000000000
28484  45.638  -54.577  -10.409 0.0000000000
28485  44.968  -54.646  -10.302 0.0000000000
28486  44.008  -54.712  -10.599 0.0000000000
28487  43.509  -54.632  -10.405 0.0000000000
28489  42.348  -54.459  -10.369 0.0000000000
28500  45.889  -54.824  -11.034 0.0000000000
28501  44.062  -54.784  -11.202 0.0000000000
28503  43.089  -54.468  -11.383 0.0000000000
28504  42.673  -54.446  -10.952 0.0000000000
28510  48.000  -54.998  -11.716 0.0000000000
28512  47.084  -54.923  -11.695 0.0000000000
28514  43.597  -54.626  -11.640 0.0000000000
28515  43.103  -54.316  -12.131 0.0000000000
28525  44.230  -54.964  -12.323 0.0000000000
28528  42.345  -53.944  -13.044 0.0000000000
28537  42.900  -54.567  -13.308 0.0000000000
28538  41.865  -54.153  -13.492 0.0000000000
28541  39.483  -54.567  -13.278 0.0000000000
28542  38.836  -54.632  -13.166 0.0000000000
28543  38.177  -54.632  -13.172 0.0000000000
28544  37.542  -54.613  -13.189 0.0000000000
28559  40.868  -55.034  -13.864 0.0000000000
29483  39.705  -53.670  -6.709 0.0000000000
29500  41.901  -53.535  -7.216 0.0000000000
29502  40.638  -53.744  -7.049 0.0000000000
29503  40.025  -53.803  -7.079 0.0000000000
29504  39.466  -53.812  -7.244 0.0000000000
29519  41.546  -53.766  -7.555 0.0000000000
29520  40.880  -53.860  -7.527 0.0000000000
29522  39.778  -53.868  -7.485 0.0000000000
29523  38.940  -53.763  -7.562 0.0000000000
29535  44.768  -53.632  -8.490 0.0000000000
29538  41.900  -53.848  -7.970 0.0000000000
29539  41.165  -53.972  -8.139 0.0000000000
29540  39.858  -53.911  -7.899 0.0000000000
29541  39.364  -53.793  -8.296 0.0000000000
29542  38.812  -53.694  -8.065 0.0000000000
29551  47.288  -53.617  -9.679 0.0000000000
29553  45.657  -53.584  -8.816 0.0000000000
29554  45.022  -53.900  -9.019 0.0000000000
29556  43.376  -53.921  -8.375 0.0000000000
29557  42.408  -54.015  -8.567 0.0000000000
29558  41.110  -54.071  -8.894 0.0000000000
29561  39.351  -53.634  -8.835 0.0000000000
29577  46.597  -53.874  -9.689 0.0000000000
29578  45.519  -53.892  -9.195 0.0000000000
29579  44.943  -54.120  -9.282 0.0000000000
29580  44.436  -54.298  -9.363 0.0000000000
29582  41.087  -54.053  -9.550 0.0000000000
29584  40.013  -53.643  -9.639 0.0000000000
29595  47.638  -54.116  -10.475 0.0000000000
29598  40.458  -53.433  -10.708 0.0000000000
29607  42.102  -54.163  -11.034 0.0000000000
29609  40.857  -53.312  -11.102 0.0000000000
29615  42.171  -53.659  -12.118 0.0000000000
29616  41.835  -53.188  -12.249 0.0000000000
29622  42.543  -53.884  -12.393 0.0000000000
29623  41.633  -53.171  -12.669 0.0000000000
29625  39.703  -53.428  -12.800 0.0000000000
29626  38.992  -53.551  -12.720 0.0000000000
29627  38.310  -53.609  -12.699 0.0000000000
29629  37.005  -53.588  -12.737 0.0000000000
29634  41.852  -53.738  -13.155 0.0000000000
29635  41.617  -53.433  -13.020 0.0000000000
29636  40.620  -53.847  -13.281 0.0000000000
29637  39.934  -53.937  -13.136 0.0000000000
30585  38.900  -53.144  -5.963 0.0000000000
30587  37.392  -52.862  -6.076 0.0000000000
30610  39.349  -53.442  -6.317 0.0000000000
30611  38.808  -53.475  -6.494 0.0000000000
30612  37.731  -53.162  -6.594 0.0000000000
30613  37.032  -52.782  -6.703 0.0000000000
30628  43.285  -53.175  -7.225 0.0000000000
30630  41.695  -53.334  -6.853 0.0000000000
30633  38.397  -53.518  -6.960 0.0000000000
30634  37.876  -53.280  -7.108 0.0000000000
30635  37.440  -52.978  -7.084 0.0000000000
30645  45.490  -52.992  -7.862 0.0000000000
30646  44.768  -53.220  -7.911 0.0000000000
30649  43.031  -53.360  -7.395 0.0000000000
30650  42.507  -53.483  -7.358 0.0000000000
30651  38.462  -53.552  -7.889 0.0000000000
30652  37.967  -53.128  -8.170 0.0000000000
30666  46.415  -53.126  -8.432 0.0000000000
30668  45.049  -53.348  -8.263 0.0000000000
30670  38.875  -53.479  -8.648 0.0000000000
30681  47.243  -53.310  -9.193 0.0000000000
30682  46.414  -53.367  -8.820 0.0000000000
30683  39.501  -53.444  -9.361 0.0000000000
30684  38.999  -53.222  -9.199 0.0000000000
30685  38.469  -53.001  -9.048 0.0000000000
30700  39.652  -53.258  -9.837 0.0000000000
30702  38.753  -52.733  -9.598 0.0000000000
30714  39.665  -52.767  -10.255 0.0000000000
30723  41.113  -52.745  -11.563 0.0000000000
30729  41.008  -52.528  -12.074 0.0000000000
30735  41.405  -52.852  -12.450 0.0000000000
30738  39.431  -52.888  -12.594 0.0000000000
30741  37.384  -53.117  -12.432 0.0000000000
31564  38.246  -52.334  -5.025 0.0000000000
31580  41.906  -52.472  -5.774 0.0000000000
31581  41.396  -52.431  -5.533 0.0000000000
31588  36.376  -52.348  -5.876 0.0000000000
31604  45.164  -52.364  -6.853 0.0000000000
31606  43.868  -52.566  -6.599 0.0000000000
31607  43.311  -52.595  -6.482 0.0000000000
31608  42.535  -52.867  -6.511 0.0000000000
31611  36.395  -52.470  -6.573 0.0000000000
31629  44.795  -52.750  -7.244 0.0000000000
31630  44.155  -52.841  -7.110 0.0000000000
31632  43.032  -52.895  -6.771 0.0000000000
31633  37.053  -52.636  -7.368 0.0000000000
31634  36.132  -52.048  -7.164 0.0000000000
31648  46.472  -52.718  -7.906 0.0000000000
31649  45.833  -52.796  -7.723 0.0000000000
31650  45.117  -52.961  -7.665 0.0000000000
31652  37.505  -52.692  -8.212 0.0000000000
31654  36.590  -52.256  -7.645 0.0000000000
31667  46.101  -52.993  -8.124 0.0000000000
31668  37.747  -52.631  -8.633 0.0000000000
31669  37.198  -52.237  -8.577 0.0000000000
31682  38.031  -52.591  -9.076 0.0000000000
31694  39.111  -52.432  -10.058 0.0000000000
31696  38.248  -51.923  -9.700 0.0000000000
31709  39.514  -52.082  -10.549 0.0000000000
31718  40.775  -52.388  -11.633 0.0000000000
31726  40.493  -52.303  -12.306 0.0000000000
31727  40.190  -51.952  -11.981 0.0000000000
31728  39.432  -51.927  -12.190 0.0000000000
31729  38.917  -51.926  -12.110 0.0000000000
31731  37.581  -52.051  -11.901 0.0000000000
31733  35.746  -52.393  -12.044 0.0000000000
31734  35.252  -52.369  -12.062 0.0000000000
31735  34.661  -52.339  -12.081 0.0000000000
31743  39.851  -52.198  -12.363 0.0000000000
31744  38.487  -52.527  -12.261 0.0000000000
31745  37.822  -52.600  -12.147 0.0000000000
31746  37.155  -52.609  -12.106 0.0000000000
32652  42.230  -51.753  -5.199 0.0000000000
32654  41.008  -51.683  -4.831 0.0000000000
32655  40.464  -51.705  -4.739 0.0000000000
32656  39.905  -51.772  -4.678 0.0000000000
32671  46.008  -51.502  -5.891 0.0000000000
32672  45.284  -51.643  -5.822 0.0000000000
32673  44.586  -51.751  -5.781 0.0000000000
32675  43.270  -51.911  -5.730 0.0000000000
32677  41.764  -52.123  -5.331 0.0000000000
32679  40.746  -52.068  -5.040 0.0000000000
32696  45.563  -51.963  -6.381 0.0000000000
32698  44.202  -52.181  -6.209 0.0000000000
32699  43.581  -52.242  -6.139 0.0000000000
32700  43.034  -52.293  -6.070 0.0000000000
32702  35.588  -51.616  -6.281 0.0000000000
32731  36.306  -51.721  -7.818 0.0000000000
32732  35.917  -51.384  -7.484 0.0000000000
32752  37.816  -51.750  -9.446 0.0000000000
32753  37.273  -51.598  -9.044 0.0000000000
32766  38.997  -51.869  -10.329 0.0000000000
32767  38.574  -51.609  -10.095 0.0000000000
32785  39.797  -51.775  -11.127 0.0000000000
32787  38.854  -51.360  -10.607 0.0000000000
32797  39.362  -51.337  -11.565 0.0000000000
32806  39.751  -51.806  -12.020 0.0000000000
32808  38.683  -51.410  -11.850 0.0000000000
32809  38.016  -51.395  -11.782 0.0000000000
32810  37.326  -51.469  -11.737 0.0000000000
32811  36.688  -51.538  -11.723 0.0000000000
32812  35.668  -51.919  -11.789 0.0000000000
33651  38.991  -50.612  -3.776 0.0000000000
33652  38.422  -50.670  -3.678 0.0000000000
33671  40.334  -50.830  -4.194 0.0000000000
33673  39.276  -51.001  -4.062 0.0000000000
33694  48.490  -50.587  -4.753 0.0000000000
33695  47.146  -50.294  -4.863 0.0000000000
33697  45.498  -50.639  -4.883 0.0000000000
33698  44.750  -50.780  -4.892 0.0000000000
33701  42.610  -51.185  -4.855 0.0000000000
33703  41.301  -51.281  -4.664 0.0000000000
33704  40.710  -51.292  -4.530 0.0000000000
33705  40.143  -51.329  -4.426 0.0000000000
33722  47.425  -50.777  -5.389 0.0000000000
33723  46.534  -50.947  -5.390 0.0000000000
33725  45.012  -51.230  -5.348 0.0000000000
33727  43.606  -51.439  -5.354 0.0000000000
33728  42.931  -51.583  -5.300 0.0000000000
33730  35.011  -50.919  -5.694 0.0000000000
33754  35.448  -51.026  -7.184 0.0000000000
33755  35.101  -50.915  -6.679 0.0000000000
33769  36.132  -51.189  -8.004 0.0000000000
33770  35.732  -50.891  -7.771 0.0000000000
33785  36.768  -51.202  -8.736 0.0000000000
33786  36.351  -50.954  -8.424 0.0000000000
33787  35.990  -50.781  -8.173 0.0000000000
33796  37.616  -51.161  -9.565 0.0000000000
33798  36.567  -50.667  -8.844 0.0000000000
33808  38.418  -51.071  -10.404 0.0000000000
33809  37.390  -50.683  -9.755 0.0000000000
33826  39.032  -51.211  -11.194 0.0000000000
33827  38.652  -50.959  -10.886 0.0000000000
33828  38.242  -50.653  -10.835 0.0000000000
33838  38.006  -50.661  -11.237 0.0000000000
33839  37.355  -50.560  -11.290 0.0000000000
33840  36.730  -50.604  -11.291 0.0000000000
33841  36.100  -50.760  -11.258 0.0000000000
33843  34.630  -51.101  -11.139 0.0000000000
33855  38.905  -51.182  -11.595 0.0000000000
33856  38.348  -50.974  -11.591 0.0000000000
33858  37.047  -50.971  -11.548 0.0000000000
33860  35.853  -51.346  -11.487 0.0000000000
33861  34.861  -51.544  -11.466 0.0000000000
33862  34.346  -51.458  -11.514 0.0000000000
34685  39.494  -49.778  -3.444 0.0000000000
34686  39.237  -50.204  -3.579 0.0000000000
34706  42.097  -50.111  -4.194 0.0000000000
34707  41.401  -50.248  -4.150 0.0000000000
34708  40.741  -50.301  -4.027 0.0000000000
34709  40.150  -50.269  -3.850 0.0000000000
34710  39.466  -50.596  -3.880 0.0000000000
34726  47.612  -50.032  -4.279 0.0000000000
34730  44.494  -50.243  -4.467 0.0000000000
34731  43.772  -50.383  -4.466 0.0000000000
34733  42.334  -50.679  -4.502 0.0000000000
34747  34.734  -50.521  -5.664 0.0000000000
34748  34.417  -50.059  -5.611 0.0000000000
34757  34.884  -50.523  -6.645 0.0000000000
34768  35.088  -50.574  -7.082 0.0000000000
34781  35.251  -50.051  -7.766 0.0000000000
34792  36.139  -50.448  -8.518 0.0000000000
34799  36.957  -50.392  -9.694 0.0000000000
34800  36.462  -50.016  -9.614 0.0000000000
34809  36.766  -50.113  -10.136 0.0000000000
34827  37.586  -50.408  -10.781 0.0000000000
34828  37.037  -50.282  -10.523 0.0000000000
34830  36.062  -50.072  -10.500 0.0000000000
34832  34.721  -50.281  -10.334 0.0000000000
34834  33.326  -50.153  -10.536 0.0000000000
34846  36.976  -50.319  -10.919 0.0000000000
34847  36.384  -50.341  -10.923 0.0000000000
34848  35.741  -50.463  -10.881 0.0000000000
34849  35.041  -50.603  -10.808 0.0000000000
34850  34.313  -50.667  -10.755 0.0000000000
34851  33.658  -50.580  -10.838 0.0000000000
35727  38.940  -49.289  -3.059 0.0000000000
35728  38.030  -49.471  -2.933 0.0000000000
35742  40.986  -49.025  -3.507 0.0000000000
35744  39.053  -49.767  -3.321 0.0000000000
35745  38.462  -49.752  -3.189 0.0000000000
35746  37.774  -49.900  -3.150 0.0000000000
35757  42.617  -49.362  -3.714 0.0000000000
35758  41.888  -49.561  -3.784 0.0000000000
35760  40.503  -49.715  -3.709 0.0000000000
35798  34.308  -49.727  -6.085 0.0000000000
35803  34.804  -50.135  -6.917 0.0000000000
35804  34.570  -49.636  -7.029 0.0000000000
35814  35.428  -49.803  -8.209 0.0000000000
35815  35.036  -49.512  -7.964 0.0000000000
35828  35.803  -49.861  -8.689 0.0000000000
35841  36.026  -49.747  -9.334 0.0000000000
35842  35.505  -49.512  -9.172 0.0000000000
35850  36.231  -49.890  -10.067 0.0000000000
35852  35.106  -49.483  -9.540 0.0000000000
35853  34.082  -49.631  -9.746 0.0000000000
35854  33.389  -49.582  -9.853 0.0000000000
35855  32.705  -49.483  -10.072 0.0000000000
35868  35.758  -49.841  -10.157 0.0000000000
35869  35.143  -49.801  -9.993 0.0000000000
35870  34.383  -49.972  -10.030 0.0000000000
35871  33.726  -49.914  -10.101 0.0000000000
36684  38.363  -48.352  -2.528 0.0000000000
36685  37.639  -48.628  -2.488 0.0000000000
36686  36.840  -48.621  -2.326 0.0000000000
36692  39.327  -48.692  -3.077 0.0000000000
36695  37.142  -49.137  -2.668 0.0000000000
36696  36.158  -48.474  -2.395 0.0000000000
36702  41.485  -48.366  -3.175 0.0000000000
36703  40.874  -48.392  -3.213 0.0000000000
36704  39.386  -49.291  -3.260 0.0000000000
36715  33.728  -48.441  -5.213 0.0000000000
36725  34.022  -49.222  -5.950 0.0000000000
36726  33.756  -48.696  -5.794 0.0000000000
36736  34.221  -49.327  -6.578 0.0000000000
36745  34.335  -49.143  -7.165 0.0000000000
36746  33.970  -48.760  -6.911 0.0000000000
36757  34.584  -49.048  -8.046 0.0000000000
36758  34.380  -48.963  -7.590 0.0000000000
36759  34.129  -48.701  -7.384 0.0000000000
36770  34.718  -49.125  -8.560 0.0000000000
36782  34.951  -49.280  -9.015 0.0000000000
36783  34.321  -49.101  -8.964 0.0000000000
36784  33.740  -48.927  -8.918 0.0000000000
36785  33.160  -48.910  -9.108 0.0000000000
36793  33.735  -49.251  -9.386 0.0000000000
37645  38.686  -47.627  -2.388 0.0000000000
37646  37.993  -47.872  -2.256 0.0000000000
37647  37.191  -47.992  -2.165 0.0000000000
37648  36.508  -48.011  -2.156 0.0000000000
37651  41.105  -47.778  -2.386 0.0000000000
37652  39.899  -48.038  -2.846 0.0000000000
37653  39.316  -48.061  -2.756 0.0000000000
37654  38.875  -48.047  -2.614 0.0000000000
37658  41.309  -48.035  -2.786 0.0000000000
37673  33.583  -48.128  -5.693 0.0000000000
37682  33.636  -48.343  -6.170 0.0000000000
37702  33.697  -48.244  -7.333 0.0000000000
37709  33.537  -48.347  -8.157 0.0000000000
37721  33.379  -48.610  -8.636 0.0000000000
37722  32.809  -48.435  -8.868 0.0000000000
37731  32.516  -48.676  -9.410 0.0000000000
38643  39.661  -47.039  -1.488 0.0000000000
38644  39.273  -46.952  -1.145 0.0000000000
38647  40.700  -47.631  -2.143 0.0000000000
38648  40.300  -47.421  -1.918 0.0000000000
38654  36.221  -47.487  -2.121 0.0000000000
38656  40.221  -47.442  -2.327 0.0000000000
38657  39.751  -47.498  -2.498 0.0000000000
38658  39.279  -47.472  -2.454 0.0000000000
38659  35.686  -47.530  -2.335 0.0000000000
38672  33.630  -47.475  -4.991 0.0000000000
38678  33.489  -47.595  -5.597 0.0000000000
38689  33.348  -47.651  -7.013 0.0000000000
38690  33.053  -47.259  -7.372 0.0000000000
38697  33.250  -47.751  -7.542 0.0000000000
38703  33.127  -47.949  -8.002 0.0000000000
38704  32.744  -47.639  -8.204 0.0000000000
38705  32.326  -47.372  -8.533 0.0000000000
38713  32.523  -47.905  -8.676 0.0000000000
38714  32.051  -47.596  -9.192 0.0000000000
39589  38.036  -46.087  -0.656 0.0000000000
39600  38.961  -46.618  -1.153 0.0000000000
39607  39.333  -46.839  -1.791 0.0000000000
39608  39.106  -46.673  -1.528 0.0000000000
39609  38.636  -46.410  -1.442 0.0000000000
39610  38.003  -46.159  -1.572 0.0000000000
39611  37.060  -46.175  -1.705 0.0000000000
39615  38.876  -46.654  -1.896 0.0000000000
39616  38.241  -46.598  -1.900 0.0000000000
39617  37.365  -46.710  -1.908 0.0000000000
39618  36.355  -46.524  -1.992 0.0000000000
39636  33.483  -47.057  -5.404 0.0000000000
39656  33.121  -47.059  -6.956 0.0000000000
39672  32.260  -46.876  -8.386 0.0000000000
39680  31.944  -47.004  -8.993 0.0000000000
40634  37.548  -45.685  -0.258 0.0000000000
40645  38.259  -46.000  -1.119 0.0000000000
40651  37.374  -45.577  -1.333 0.0000000000
40652  36.653  -45.743  -1.686 0.0000000000
40660  35.701  -45.955  -2.454 0.0000000000
40696  32.800  -46.179  -6.905 0.0000000000
40705  32.442  -46.330  -7.738 0.0000000000
40721  32.229  -46.326  -8.251 0.0000000000
41737  37.145  -45.141  0.028 0.0000000000
41751  36.857  -45.182  -1.527 0.0000000000
41759  36.239  -45.050  -1.988 0.0000000000
41760  35.856  -45.345  -2.315 0.0000000000
41809  32.243  -45.910  -7.932 0.0000000000
42944  37.070  -44.388  -0.751 0.0000000000
42951  36.983  -44.682  -1.218 0.0000000000
42952  36.585  -44.713  -1.656 0.0000000000
42958  36.239  -44.409  -2.051 0.0000000000
42959  35.924  -44.791  -2.354 0.0000000000
42964  35.752  -44.929  -2.825 0.0000000000
44174  37.611  -43.695  1.001 0.0000000000
44175  37.275  -44.084  0.919 0.0000000000
44188  37.128  -44.111  0.388 0.0000000000
44199  36.997  -43.838  -0.622 0.0000000000
44213  36.233  -43.869  -2.399 0.0000000000
44214  35.931  -44.362  -2.657 0.0000000000
44221  36.121  -43.911  -3.033 0.0000000000
45328  37.888  -43.304  0.770 0.0000000000
45329  37.358  -43.581  0.497 0.0000000000
45344  37.123  -43.700  -0.059 0.0000000000
45355  37.160  -43.307  -0.559 0.0000000000
45362  36.713  -43.455  -1.477 0.0000000000
45368  36.841  -42.965  -1.692 0.0000000000
45369  36.535  -43.324  -2.116 0.0000000000
45375  36.409  -43.410  -2.794 0.0000000000
46481  38.228  -42.837  0.472 0.0000000000
46504  38.596  -42.526  0.052 0.0000000000
46505  38.027  -42.677  -0.083 0.0000000000
46523  38.384  -42.335  -0.511 0.0000000000
46524  37.386  -42.806  -0.860 0.0000000000
46532  37.650  -42.418  -1.108 0.0000000000
46533  37.261  -42.582  -1.447 0.0000000000
46541  37.057  -42.594  -1.888 0.0000000000
46542  36.838  -42.800  -2.178 0.0000000000
46548  36.674  -42.942  -2.637 0.0000000000
47697  40.242  -42.171  -0.310 0.0000000000
47698  39.400  -42.205  -0.248 0.0000000000
47699  38.948  -42.224  -0.364 0.0000000000
47719  40.575  -42.085  -0.779 0.0000000000
47720  40.079  -42.049  -0.773 0.0000000000
47721  39.346  -42.054  -0.699 0.0000000000
47722  38.777  -42.007  -1.001 0.0000000000
47741  43.006  -42.053  -1.411 0.0000000000
47742  42.411  -42.133  -1.369 0.0000000000
47744  40.900  -42.008  -1.336 0.0000000000
47746  39.418  -41.923  -1.225 0.0000000000
47747  38.371  -41.953  -1.596 0.0000000000
47749  37.373  -42.232  -1.943 0.0000000000
47764  44.353  -42.025  -2.032 0.0000000000
47766  43.327  -42.007  -1.917 0.0000000000
47767  41.994  -42.046  -1.863 0.0000000000
47768  41.773  -41.989  -2.422 0.0000000000
47770  39.903  -41.827  -2.059 0.0000000000
47771  39.303  -41.754  -2.256 0.0000000000
47772  38.674  -41.823  -2.179 0.0000000000
47773  37.962  -41.964  -2.165 0.0000000000
47774  37.368  -42.157  -2.447 0.0000000000
47784  46.200  -41.822  -2.709 0.0000000000
47785  45.658  -41.962  -2.414 0.0000000000
47787  43.411  -42.011  -2.548 0.0000000000
47788  41.698  -41.942  -3.060 0.0000000000
47790  39.752  -41.723  -2.616 0.0000000000
47792  38.411  -41.844  -2.721 0.0000000000
47793  37.791  -42.026  -2.843 0.0000000000
47794  37.261  -42.299  -2.957 0.0000000000
47799  45.548  -41.950  -3.340 0.0000000000
47800  44.983  -42.034  -3.394 0.0000000000
47801  44.098  -42.046  -3.161 0.0000000000
47802  43.518  -42.018  -3.083 0.0000000000
47804  40.629  -41.842  -3.382 0.0000000000
47805  39.954  -41.775  -3.480 0.0000000000
47806  39.301  -41.733  -3.457 0.0000000000
47807  38.233  -41.948  -3.351 0.0000000000
47808  37.611  -42.199  -3.367 0.0000000000
47816  45.916  -41.811  -3.764 0.0000000000
47817  44.664  -42.032  -3.926 0.0000000000
47818  44.077  -42.073  -4.114 0.0000000000
47819  43.070  -42.039  -4.069 0.0000000000
47820  42.469  -42.011  -3.873 0.0000000000
47821  40.930  -41.891  -3.868 0.0000000000
47822  40.385  -41.873  -3.943 0.0000000000
47823  39.693  -41.914  -4.085 0.0000000000
47826  37.893  -42.191  -3.749 0.0000000000
47833  46.658  -41.699  -5.137 0.0000000000
47835  45.106  -42.047  -4.538 0.0000000000
47836  44.470  -42.150  -4.538 0.0000000000
47840  41.869  -42.057  -4.702 0.0000000000
47851  47.368  -41.799  -6.004 0.0000000000
47852  47.039  -41.755  -5.612 0.0000000000
47858  42.677  -42.187  -5.096 0.0000000000
49013  46.857  -41.445  -4.033 0.0000000000
49020  48.049  -41.071  -4.533 0.0000000000
49021  47.370  -41.277  -4.467 0.0000000000
49022  46.748  -41.487  -4.617 0.0000000000
49027  48.077  -41.190  -5.646 0.0000000000
49028  47.517  -41.468  -5.614 0.0000000000
49029  47.163  -41.435  -5.095 0.0000000000
49036  47.773  -41.571  -6.128 0.0000000000
50120  49.965  -40.711  -4.693 0.0000000000
50121  49.205  -40.750  -4.981 0.0000000000
50132  49.537  -40.632  -5.344 0.0000000000
50133  49.018  -40.745  -5.648 0.0000000000
50142  50.212  -40.400  -6.053 0.0000000000
50143  49.533  -40.595  -6.063 0.0000000000
50144  48.863  -40.967  -6.377 0.0000000000
50152  50.905  -40.165  -7.085 0.0000000000
50154  49.412  -40.788  -6.812 0.0000000000
51321  51.395  -39.950  -6.121 0.0000000000
51342  51.419  -39.922  -6.804 0.0000000000
51343  51.030  -40.022  -6.597 0.0000000000
51359  51.454  -40.006  -7.388 0.0000000000
224944  44.268  -53.711  -8.325 0.0000000000
224964  49.869  -40.530  -6.616 0.0000000000
224994  44.420  -55.335  -13.331 0.0000000000
225008  47.420  -55.355  -12.481 0.0000000000
225034  36.928  -43.532  -1.006 0.0000000000
225880  41.206  -41.903  -2.618 0.0000000000
225882  41.101  -41.875  -3.082 0.0000000000
225915  39.289  -41.669  -2.867 0.0000000000
225917  43.841  -42.014  -2.732 0.0000000000
225918  44.649  -42.058  -2.971 0.0000000000
226019  40.276  -41.803  -2.451 0.0000000000
226075  40.140  -41.772  -2.961 0.0000000000
226227  42.299  -42.026  -2.726 0.0000000000
226228  42.848  -42.032  -2.372 0.0000000000
226231  41.882  -41.958  -3.687 0.0000000000
226232  42.371  -42.014  -3.295 0.0000000000
227390  43.914  -41.998  -1.655 0.0000000000
227391  39.543  -41.836  -1.716 0.0000000000
227413  42.645  -42.047  -1.860 0.0000000000
228117  39.944  -53.902  -8.378 0.0000000000
228130  41.252  -41.964  -1.975 0.0000000000
228135  44.821  -42.019  -1.793 0.0000000000
228155  43.029  -42.018  -3.480 0.0000000000
228623  41.602  -53.872  -11.041 0.0000000000
229216  44.650  -54.989  -11.351 0.0000000000
229381  45.769  -41.886  -4.340 0.0000000000
229441  38.745  -41.840  -3.590 0.0000000000
229579  38.117  -53.418  -7.551 0.0000000000
229770  45.728  -42.082  -5.000 0.0000000000
230529  45.328  -41.961  -3.880 0.0000000000
230546  37.102  -44.198  -0.185 0.0000000000
230993  40.534  -53.911  -9.312 0.0000000000
231529  39.410  -57.149  -15.095 0.0000000000
231581  43.138  -54.585  -10.841 0.0000000000
231735  36.697  -50.405  -9.254 0.0000000000
231808  34.903  -49.841  -7.423 0.0000000000
233015  34.902  -50.729  -6.195 0.0000000000
233360  40.271  -49.040  -3.455 0.0000000000
233506  40.973  -52.361  -5.339 0.0000000000
234026  42.478  -53.724  -7.787 0.0000000000
234908  50.495  -40.512  -7.422 0.0000000000
234910  34.663  -49.631  -9.743 0.0000000000
234992  39.149  -52.403  -12.368 0.0000000000
235061  43.326  -54.573  -12.769 0.0000000000
235487  39.493  -51.442  -11.327 0.0000000000
235628  40.577  -47.731  -2.609 0.0000000000
237900  39.483  -60.593  -15.643 0.0000000000
238255  47.281  -54.991  -11.964 0.0000000000
238343  35.383  -51.270  -6.653 0.0000000000
239028  39.739  -41.994  -0.911 0.0000000000
239160  40.426  -53.964  -7.991 0.0000000000
239334  40.177  -52.901  -10.605 0.0000000000
239503  43.826  -55.207  -13.490 0.0000000000
239879  32.784  -47.013  -7.578 0.0000000000
240416  37.839  -42.543  -0.646 0.0000000000
240659  42.379  -54.376  -13.478 0.0000000000
240748  47.807  -55.716  -12.213 0.0000000000
240779  43.017  -55.074  -13.684 0.0000000000
240794  39.374  -46.838  -1.493 0.0000000000
240912  34.467  -51.882  -11.788 0.0000000000
241504  40.872  -41.971  -4.320 0.0000000000
241615  40.293  -42.020  -4.520 0.0000000000
242064  36.608  -44.317  -1.576 0.0000000000
243002  33.301  -47.248  -6.623 0.0000000000
243145  42.301  -53.891  -8.209 0.0000000000
243545  42.032  -42.000  -4.181 0.0000000000
243664  41.094  -61.904  -15.718 0.0000000000
244440  47.728  -41.212  -5.078 0.0000000000
244526  45.943  -53.982  -9.533 0.0000000000
244909  41.313  -60.359  -15.279 0.0000000000
245386  33.500  -48.165  -7.766 0.0000000000
246267  43.898  -53.996  -8.606 0.0000000000
246472  37.198  -44.730  -0.343 0.0000000000
246668  40.675  -60.330  -15.334 0.0000000000
247073  42.014  -60.692  -15.333 0.0000000000
247102  40.133  -60.639  -15.474 0.0000000000
247426  41.528  -58.766  -14.864 0.0000000000
247671  39.377  -59.712  -15.586 0.0000000000
248455  40.998  -55.528  -14.000 0.0000000000
248518  34.492  -49.839  -6.579 0.0000000000
249705  36.581  -46.902  -1.983 0.0000000000
249727  38.593  -56.783  -15.133 0.0000000000
250395  42.600  -58.331  -14.779 0.0000000000
251370  38.882  -58.269  -15.551 0.0000000000
251448  36.913  -42.686  -2.983 0.0000000000
251806  39.809  -51.610  -11.645 0.0000000000
251895  42.206  -52.172  -5.606 0.0000000000
252571  37.108  -42.435  -2.206 0.0000000000
252887  35.962  -46.347  -2.158 0.0000000000
252974  44.442  -54.685  -10.261 0.0000000000
253142  41.574  -54.176  -9.169 0.0000000000
253357  42.871  -52.621  -6.376 0.0000000000
253437  38.505  -49.277  -2.924 0.0000000000
254100  39.744  -49.340  -3.402 0.0000000000
254772  36.181  -51.603  -11.684 0.0000000000
254807  44.204  -42.038  -3.654 0.0000000000
254842  35.351  -51.599  -11.520 0.0000000000
254863  39.019  -41.855  -1.665 0.0000000000
254874  37.839  -55.808  -14.221 0.0000000000
254967  42.820  -54.093  -8.717 0.0000000000
256174  40.343  -59.500  -15.319 0.0000000000
256325  43.424  -55.214  -13.673 0.0000000000
256416  37.861  -50.736  -10.192 0.0000000000
256541  44.514  -42.053  -3.418 0.0000000000
257071  48.238  -41.018  -5.037 0.0000000000
257113  37.021  -43.107  -1.168 0.0000000000
257152  43.728  -58.337  -14.963 0.0000000000
257166  36.687  -52.022  -8.200 0.0000000000
257455  36.618  -52.456  -7.089 0.0000000000
257625  47.330  -41.332  -3.855 0.0000000000
258054  40.770  -41.865  -2.353 0.0000000000
258167  38.330  -52.452  -9.479 0.0000000000
258232  40.949  -58.543  -14.967 0.0000000000
258589  50.092  -40.521  -5.403 0.0000000000
258674  36.326  -45.420  -1.901 0.0000000000
258728  40.572  -52.223  -11.911 0.0000000000
258897  38.129  -58.447  -15.917 0.0000000000
259326  36.866  -51.704  -8.587 0.0000000000
260263  42.088  -53.675  -7.545 0.0000000000
260663  45.343  -57.829  -14.921 0.0000000000
260979  40.572  -61.798  -15.695 0.0000000000
261016  37.221  -44.889  -0.793 0.0000000000
261310  36.059  -47.978  -2.216 0.0000000000
261783  36.389  -46.148  -1.903 0.0000000000
261941  39.673  -41.667  -3.076 0.0000000000
262117  47.252  -53.923  -10.071 0.0000000000
262144  37.834  -45.793  -1.310 0.0000000000
262261  32.528  -46.807  -7.867 0.0000000000
262834  39.880  -57.509  -15.067 0.0000000000
264181  41.306  -53.890  -13.358 0.0000000000
264872  37.354  -43.312  -0.007 0.0000000000
265430  42.216  -54.257  -9.167 0.0000000000
265599  44.757  -42.179  -4.868 0.0000000000
266066  41.197  -54.010  -10.087 0.0000000000
266122  39.631  -53.797  -8.598 0.0000000000
266388  39.864  -50.593  -3.959 0.0000000000
266761  41.971  -57.382  -14.506 0.0000000000
267230  39.498  -56.591  -14.665 0.0000000000
267368  45.233  -42.039  -2.439 0.0000000000
267807  32.915  -49.965  -10.544 0.0000000000
268090  41.052  -53.763  -10.708 0.0000000000
268183  38.004  -52.190  -9.379 0.0000000000
268871  43.656  -55.446  -13.845 0.0000000000
269101  38.082  -53.360  -6.782 0.0000000000
269193  36.118  -49.779  -9.715 0.0000000000
269294  42.335  -58.991  -14.937 0.0000000000
269898  36.603  -52.546  -12.081 0.0000000000
269951  42.284  -42.113  -4.895 0.0000000000
269983  37.645  -55.489  -13.929 0.0000000000
270243  35.066  -50.243  -7.364 0.0000000000
270521  34.927  -49.248  -8.284 0.0000000000
271407  42.635  -54.234  -13.173 0.0000000000
271512  32.697  -47.108  -7.767 0.0000000000
