#!ascii label  , from subject corrected_filled vox2ras=TkReg
490
128427  27.473  2.798  -45.340 0.0000000000
112510  25.741  -5.693  -40.912 0.0000000000
268897  25.867  7.765  -46.784 0.0000000000
152054  22.420  15.852  -49.740 0.0000000000
109541  23.929  -7.111  -40.252 0.0000000000
141305  28.307  9.540  -47.155 0.0000000000
144988  26.595  12.075  -46.840 0.0000000000
124714  24.695  0.919  -44.172 0.0000000000
121049  25.887  -1.616  -43.515 0.0000000000
124726  28.128  0.189  -45.565 0.0000000000
132480  28.993  4.301  -47.867 0.0000000000
128443  29.409  1.773  -47.668 0.0000000000
133798  26.774  5.455  -46.117 0.0000000000
238195  29.185  7.289  -47.948 0.0000000000
148619  22.556  13.906  -48.898 0.0000000000
148601  25.746  14.168  -47.423 0.0000000000
116796  27.247  -3.511  -42.027 0.0000000000
234050  25.213  10.739  -47.307 0.0000000000
146220  24.690  11.843  -47.450 0.0000000000
244710  26.164  1.937  -44.596 0.0000000000
125938  26.438  0.911  -44.441 0.0000000000
127126  27.381  1.799  -45.142 0.0000000000
244009  24.816  -6.242  -40.583 0.0000000000
247371  26.210  6.427  -46.342 0.0000000000
135274  28.262  6.466  -46.609 0.0000000000
137778  27.502  7.606  -46.672 0.0000000000
142535  29.105  10.236  -48.941 0.0000000000
140123  29.343  9.033  -48.861 0.0000000000
152056  20.986  15.987  -49.647 0.0000000000
148631  20.819  13.736  -49.461 0.0000000000
149757  22.223  14.887  -49.109 0.0000000000
263464  26.098  17.248  -48.919 0.0000000000
153260  26.503  16.487  -48.455 0.0000000000
150887  25.724  15.143  -47.706 0.0000000000
150900  27.142  15.358  -48.069 0.0000000000
148598  27.675  13.964  -47.598 0.0000000000
121047  27.736  -1.800  -44.007 0.0000000000
118324  26.377  -2.451  -42.979 0.0000000000
109525  22.276  -7.356  -39.357 0.0000000000
259699  26.956  8.573  -46.788 0.0000000000
141308  26.407  9.792  -46.926 0.0000000000
143701  27.823  11.038  -47.109 0.0000000000
145002  28.534  11.663  -47.865 0.0000000000
121051  24.484  -1.535  -43.190 0.0000000000
123533  25.500  -0.008  -43.943 0.0000000000
122313  27.132  -0.946  -44.305 0.0000000000
122310  28.364  -0.941  -44.540 0.0000000000
131163  28.147  4.165  -46.357 0.0000000000
128445  28.519  2.559  -46.513 0.0000000000
129808  29.086  2.489  -47.972 0.0000000000
129761  25.852  3.144  -45.061 0.0000000000
131165  24.967  4.454  -45.842 0.0000000000
131146  26.771  4.203  -45.448 0.0000000000
133795  28.379  5.182  -46.616 0.0000000000
250627  29.200  5.841  -47.831 0.0000000000
135311  29.462  5.826  -49.359 0.0000000000
138905  28.724  8.323  -47.592 0.0000000000
137854  29.393  7.620  -49.790 0.0000000000
146256  22.529  12.878  -48.642 0.0000000000
152047  23.563  15.635  -48.889 0.0000000000
150904  23.731  15.114  -48.525 0.0000000000
148617  23.991  14.039  -48.138 0.0000000000
147401  24.303  12.941  -47.765 0.0000000000
147382  26.231  13.223  -47.150 0.0000000000
147396  28.200  13.006  -47.815 0.0000000000
113971  25.154  -4.682  -41.959 0.0000000000
118326  25.044  -2.512  -43.077 0.0000000000
125981  28.985  1.098  -46.710 0.0000000000
124724  29.294  0.530  -45.166 0.0000000000
143724  24.335  11.329  -47.545 0.0000000000
145005  23.628  11.801  -47.935 0.0000000000
128411  26.682  2.901  -45.038 0.0000000000
127127  26.756  2.080  -44.788 0.0000000000
128410  27.213  2.380  -45.080 0.0000000000
106759  22.096  -8.606  -38.828 0.0000000000
106775  22.553  -8.433  -39.149 0.0000000000
111048  25.408  -6.086  -40.460 0.0000000000
136593  25.763  7.347  -46.469 0.0000000000
136578  26.758  7.149  -46.550 0.0000000000
137780  26.313  7.584  -46.596 0.0000000000
142551  28.981  10.592  -49.501 0.0000000000
141384  29.166  9.870  -49.553 0.0000000000
152055  21.758  15.899  -49.784 0.0000000000
150914  21.238  15.460  -49.563 0.0000000000
149758  21.465  14.865  -49.325 0.0000000000
150912  22.584  15.334  -49.177 0.0000000000
150901  26.647  15.553  -47.983 0.0000000000
241956  27.961  15.134  -48.450 0.0000000000
121046  28.096  -1.714  -44.052 0.0000000000
119761  27.909  -1.949  -43.506 0.0000000000
112514  23.186  -5.648  -41.023 0.0000000000
140065  25.720  9.214  -47.228 0.0000000000
141310  25.430  9.735  -47.284 0.0000000000
239624  26.468  11.490  -46.895 0.0000000000
250600  26.949  10.703  -46.676 0.0000000000
246353  27.001  11.579  -46.865 0.0000000000
143723  28.165  11.383  -47.511 0.0000000000
145003  28.167  11.955  -47.521 0.0000000000
153274  21.502  16.398  -49.849 0.0000000000
250321  24.512  -0.330  -43.744 0.0000000000
243757  25.129  0.478  -44.047 0.0000000000
251949  27.661  0.216  -45.172 0.0000000000
123531  26.880  -0.194  -44.313 0.0000000000
123549  27.994  -0.387  -45.066 0.0000000000
264364  27.993  -0.868  -44.774 0.0000000000
123548  28.341  -0.272  -45.384 0.0000000000
109524  22.975  -7.484  -39.659 0.0000000000
108049  23.356  -8.012  -39.540 0.0000000000
131162  28.482  4.398  -46.842 0.0000000000
129791  28.595  3.469  -46.864 0.0000000000
131181  29.009  3.801  -47.831 0.0000000000
128413  24.865  2.748  -45.100 0.0000000000
133799  25.798  5.594  -46.224 0.0000000000
132444  25.963  5.050  -45.940 0.0000000000
131147  26.094  4.237  -45.405 0.0000000000
132443  26.489  5.077  -45.927 0.0000000000
131164  27.643  4.640  -46.078 0.0000000000
132442  27.418  5.161  -46.192 0.0000000000
136591  28.647  6.832  -46.907 0.0000000000
135273  28.667  6.185  -46.885 0.0000000000
136604  29.229  6.757  -47.695 0.0000000000
135299  29.468  6.090  -48.771 0.0000000000
136616  29.445  6.662  -48.549 0.0000000000
140061  27.945  9.005  -46.994 0.0000000000
235145  28.081  8.438  -47.014 0.0000000000
140086  28.949  8.865  -47.790 0.0000000000
138942  29.365  8.065  -49.269 0.0000000000
230327  29.534  6.979  -50.117 0.0000000000
148620  21.830  13.791  -49.071 0.0000000000
147437  21.029  13.306  -49.279 0.0000000000
147423  21.584  13.321  -49.019 0.0000000000
146257  21.858  12.890  -48.840 0.0000000000
147421  22.888  13.372  -48.688 0.0000000000
253574  25.385  16.718  -48.526 0.0000000000
249556  25.602  17.210  -48.825 0.0000000000
152045  24.425  16.041  -48.451 0.0000000000
249247  24.759  15.542  -48.193 0.0000000000
149730  25.406  14.624  -47.611 0.0000000000
149731  24.776  14.489  -47.859 0.0000000000
148602  25.116  14.018  -47.668 0.0000000000
148604  24.160  13.509  -47.976 0.0000000000
147399  25.462  13.581  -47.482 0.0000000000
147384  25.323  13.056  -47.389 0.0000000000
148590  26.032  13.689  -47.283 0.0000000000
253219  28.624  13.569  -48.732 0.0000000000
147419  27.982  13.563  -47.775 0.0000000000
147436  28.681  12.982  -48.713 0.0000000000
146253  28.715  12.416  -48.485 0.0000000000
113973  24.091  -4.835  -41.856 0.0000000000
121050  25.177  -1.546  -43.358 0.0000000000
231352  24.914  -1.988  -43.149 0.0000000000
119765  25.443  -2.091  -43.251 0.0000000000
116808  27.014  -3.296  -42.473 0.0000000000
118310  26.147  -3.180  -42.910 0.0000000000
233766  26.774  -3.800  -42.369 0.0000000000
115409  26.518  -4.197  -42.186 0.0000000000
128444  29.105  1.624  -47.628 0.0000000000
127162  28.667  1.686  -46.899 0.0000000000
127161  29.000  1.320  -47.005 0.0000000000
142511  24.947  10.161  -47.484 0.0000000000
142496  24.672  10.768  -47.509 0.0000000000
143706  24.972  11.298  -47.393 0.0000000000
144989  25.962  11.745  -47.020 0.0000000000
125939  25.872  1.456  -44.435 0.0000000000
264678  25.923  0.903  -44.250 0.0000000000
125952  26.577  1.420  -44.622 0.0000000000
251846  27.145  1.344  -44.975 0.0000000000
125951  27.560  0.728  -45.347 0.0000000000
111037  24.516  -6.765  -40.415 0.0000000000
109540  24.545  -7.184  -40.051 0.0000000000
109539  24.936  -6.961  -40.016 0.0000000000
234422  26.019  -6.776  -39.167 0.0000000000
132492  29.165  4.406  -48.228 0.0000000000
238430  29.148  4.075  -48.185 0.0000000000
135262  25.715  6.144  -46.386 0.0000000000
237952  26.234  5.877  -46.225 0.0000000000
133797  27.319  5.769  -46.233 0.0000000000
245875  26.709  6.666  -46.341 0.0000000000
136592  28.175  7.058  -46.677 0.0000000000
137800  28.512  7.427  -46.897 0.0000000000
141346  28.886  9.916  -47.977 0.0000000000
140107  29.011  9.368  -48.117 0.0000000000
141366  29.203  9.595  -48.945 0.0000000000
140143  29.215  8.975  -50.335 0.0000000000
148630  21.999  14.341  -49.139 0.0000000000
259932  22.524  14.459  -48.937 0.0000000000
153261  25.875  16.366  -48.328 0.0000000000
150903  25.420  15.564  -47.994 0.0000000000
150886  26.344  15.166  -47.712 0.0000000000
149728  26.665  14.748  -47.577 0.0000000000
148599  27.106  14.259  -47.444 0.0000000000
149727  27.603  14.515  -47.842 0.0000000000
148615  28.455  14.079  -48.563 0.0000000000
254534  27.244  -1.773  -43.801 0.0000000000
119764  26.094  -2.060  -43.265 0.0000000000
119762  27.413  -2.015  -43.457 0.0000000000
118308  27.299  -2.766  -42.605 0.0000000000
108051  21.706  -7.504  -38.997 0.0000000000
109544  22.016  -6.762  -39.619 0.0000000000
111038  23.337  -6.692  -40.523 0.0000000000
259124  23.555  -6.360  -40.705 0.0000000000
112512  24.454  -5.881  -40.877 0.0000000000
112523  24.678  -5.600  -41.356 0.0000000000
138892  25.189  8.174  -47.314 0.0000000000
137802  26.160  8.076  -46.942 0.0000000000
140064  26.053  8.856  -47.104 0.0000000000
140063  26.600  9.111  -46.882 0.0000000000
141307  27.118  9.627  -46.835 0.0000000000
245786  25.875  10.109  -47.086 0.0000000000
142493  26.983  10.197  -46.822 0.0000000000
141327  28.179  10.076  -47.219 0.0000000000
142523  28.748  10.454  -47.851 0.0000000000
253918  28.919  10.853  -48.623 0.0000000000
143750  28.903  11.078  -49.147 0.0000000000
153275  20.682  16.586  -49.489 0.0000000000
153273  22.220  16.305  -50.037 0.0000000000
122293  24.852  -0.958  -43.465 0.0000000000
122292  25.563  -1.040  -43.615 0.0000000000
124712  26.339  0.440  -44.206 0.0000000000
235531  26.486  -0.586  -44.106 0.0000000000
121069  26.437  -1.165  -43.902 0.0000000000
121068  27.386  -1.523  -44.175 0.0000000000
121067  27.957  -1.562  -44.410 0.0000000000
122291  28.675  -1.085  -43.933 0.0000000000
129775  27.882  3.165  -45.797 0.0000000000
129792  28.322  3.364  -46.383 0.0000000000
128459  28.866  2.330  -47.474 0.0000000000
128458  29.316  2.038  -47.962 0.0000000000
131196  29.292  3.515  -48.142 0.0000000000
254044  29.266  2.205  -48.047 0.0000000000
128457  29.558  2.261  -47.801 0.0000000000
127128  25.578  2.106  -44.648 0.0000000000
128412  25.383  2.694  -44.899 0.0000000000
129778  25.632  3.755  -45.304 0.0000000000
129777  26.355  3.641  -45.227 0.0000000000
129776  27.124  3.506  -45.350 0.0000000000
131145  27.603  4.046  -45.768 0.0000000000
132441  28.027  4.834  -46.383 0.0000000000
132461  28.610  4.929  -46.941 0.0000000000
135258  28.375  5.829  -46.521 0.0000000000
133814  28.650  5.528  -46.872 0.0000000000
133830  29.140  5.177  -47.762 0.0000000000
264850  29.436  5.569  -48.517 0.0000000000
133844  29.463  5.171  -48.960 0.0000000000
138868  27.261  8.091  -46.631 0.0000000000
243522  28.228  7.926  -46.981 0.0000000000
252397  28.919  7.790  -47.753 0.0000000000
140106  29.236  8.822  -48.317 0.0000000000
137848  29.317  7.885  -48.744 0.0000000000
137832  29.361  7.254  -48.561 0.0000000000
249483  29.495  7.075  -49.591 0.0000000000
146255  22.873  12.354  -48.582 0.0000000000
153272  22.839  16.309  -49.815 0.0000000000
152052  23.439  16.221  -49.163 0.0000000000
152053  23.001  15.779  -49.326 0.0000000000
150905  23.154  15.261  -48.840 0.0000000000
149756  22.793  14.850  -48.839 0.0000000000
149747  22.993  14.319  -48.712 0.0000000000
150889  24.382  14.943  -48.210 0.0000000000
149745  23.855  14.563  -48.287 0.0000000000
148618  23.240  13.770  -48.714 0.0000000000
147420  23.378  13.375  -48.509 0.0000000000
267021  23.567  12.700  -48.175 0.0000000000
246905  23.898  12.452  -47.928 0.0000000000
146239  24.461  12.371  -47.578 0.0000000000
146219  25.296  12.516  -47.240 0.0000000000
146217  26.406  12.731  -46.991 0.0000000000
147398  27.347  13.575  -47.265 0.0000000000
147380  27.332  13.052  -47.132 0.0000000000
146215  27.585  12.632  -47.120 0.0000000000
146236  28.501  12.345  -47.899 0.0000000000
145027  28.932  11.643  -49.282 0.0000000000
113962  24.369  -5.306  -41.702 0.0000000000
113960  25.486  -5.123  -41.735 0.0000000000
116810  24.624  -3.281  -42.625 0.0000000000
118325  25.666  -2.696  -43.079 0.0000000000
118311  25.653  -3.293  -42.902 0.0000000000
115422  25.290  -3.622  -42.610 0.0000000000
241034  25.547  -4.353  -42.172 0.0000000000
113970  25.743  -4.638  -41.928 0.0000000000
127145  27.749  2.133  -45.428 0.0000000000
125967  28.306  1.072  -46.113 0.0000000000
124748  28.415  0.548  -45.991 0.0000000000
125980  29.104  1.138  -46.736 0.0000000000
124739  28.770  0.581  -45.964 0.0000000000
124725  28.552  0.156  -45.695 0.0000000000
123528  28.611  -0.390  -44.893 0.0000000000
106760  21.566  -8.480  -38.480 0.0000000000
108048  24.021  -7.972  -39.497 0.0000000000
108050  22.155  -7.999  -39.102 0.0000000000
108062  23.653  -7.532  -39.783 0.0000000000
109522  24.980  -7.390  -39.623 0.0000000000
109542  23.218  -7.123  -40.045 0.0000000000
109543  22.595  -7.027  -39.840 0.0000000000
111023  25.480  -6.832  -39.684 0.0000000000
111049  24.296  -6.287  -40.672 0.0000000000
111050  23.896  -6.579  -40.619 0.0000000000
111052  22.754  -6.309  -40.415 0.0000000000
112511  25.036  -5.859  -40.862 0.0000000000
112513  23.784  -5.953  -40.863 0.0000000000
112521  25.756  -5.357  -41.418 0.0000000000
112522  25.276  -5.526  -41.400 0.0000000000
113959  25.992  -4.938  -41.603 0.0000000000
113961  24.933  -5.277  -41.769 0.0000000000
113972  24.619  -4.924  -41.885 0.0000000000
115398  26.221  -4.530  -41.849 0.0000000000
115410  26.036  -4.244  -42.341 0.0000000000
115411  25.159  -4.119  -42.230 0.0000000000
115413  23.827  -4.239  -42.017 0.0000000000
115423  24.787  -3.769  -42.279 0.0000000000
116783  27.467  -3.717  -41.533 0.0000000000
116797  26.390  -3.998  -42.590 0.0000000000
116809  26.509  -3.578  -42.708 0.0000000000
118309  26.724  -2.939  -42.752 0.0000000000
118312  24.700  -2.808  -42.910 0.0000000000
118323  27.002  -2.359  -42.917 0.0000000000
119746  28.095  -2.176  -42.849 0.0000000000
119747  27.622  -2.318  -42.960 0.0000000000
119763  26.764  -2.023  -43.315 0.0000000000
121030  28.307  -1.879  -43.355 0.0000000000
121045  28.452  -1.547  -43.711 0.0000000000
121048  26.645  -1.692  -43.694 0.0000000000
121066  28.206  -1.508  -44.354 0.0000000000
122311  28.032  -1.224  -44.621 0.0000000000
122312  27.788  -1.251  -44.572 0.0000000000
122314  25.204  -0.482  -43.759 0.0000000000
123527  29.090  0.049  -45.049 0.0000000000
123529  28.137  -0.711  -44.903 0.0000000000
123530  27.609  -0.702  -44.686 0.0000000000
123532  26.129  -0.052  -44.065 0.0000000000
123546  28.941  0.242  -45.589 0.0000000000
123547  28.651  -0.052  -45.415 0.0000000000
123550  27.392  -0.001  -44.724 0.0000000000
124711  26.852  0.398  -44.452 0.0000000000
124713  25.721  0.504  -44.072 0.0000000000
124727  27.106  0.731  -44.800 0.0000000000
124738  29.104  0.669  -45.822 0.0000000000
124740  27.950  0.834  -45.711 0.0000000000
125940  25.308  1.100  -44.207 0.0000000000
125953  25.161  1.700  -44.567 0.0000000000
125965  29.270  1.092  -46.150 0.0000000000
125966  28.998  0.921  -46.377 0.0000000000
125968  27.855  1.479  -45.590 0.0000000000
125982  28.721  1.265  -46.584 0.0000000000
127143  29.486  1.499  -46.480 0.0000000000
127144  28.235  1.683  -46.055 0.0000000000
127160  29.241  1.426  -47.052 0.0000000000
128426  28.135  2.395  -45.897 0.0000000000
129807  29.404  2.944  -47.976 0.0000000000
131148  25.494  4.307  -45.563 0.0000000000
131182  28.929  3.572  -47.505 0.0000000000
132426  26.388  4.696  -45.622 0.0000000000
132427  25.886  4.634  -45.633 0.0000000000
132428  25.454  4.777  -45.872 0.0000000000
132460  28.800  4.374  -47.349 0.0000000000
133796  27.903  5.459  -46.373 0.0000000000
133800  25.225  5.761  -46.485 0.0000000000
133813  28.866  5.061  -47.310 0.0000000000
133845  29.326  5.372  -48.169 0.0000000000
135259  27.684  6.771  -46.445 0.0000000000
135260  27.234  6.389  -46.297 0.0000000000
135261  26.734  6.105  -46.258 0.0000000000
135272  29.005  6.544  -47.235 0.0000000000
135288  29.159  6.274  -47.638 0.0000000000
135300  29.346  6.221  -48.160 0.0000000000
136576  27.725  7.231  -46.642 0.0000000000
136577  27.257  7.191  -46.630 0.0000000000
136579  26.232  6.994  -46.419 0.0000000000
136617  29.346  6.857  -48.170 0.0000000000
136628  29.529  6.725  -49.107 0.0000000000
137779  26.937  7.584  -46.698 0.0000000000
137799  28.935  7.221  -47.323 0.0000000000
137801  28.005  7.553  -46.747 0.0000000000
137803  25.339  7.654  -46.851 0.0000000000
137819  28.597  7.818  -47.310 0.0000000000
137833  29.170  7.798  -48.243 0.0000000000
137847  29.408  7.455  -49.178 0.0000000000
138867  27.781  8.039  -46.714 0.0000000000
138869  26.672  8.075  -46.728 0.0000000000
138887  28.425  8.270  -47.256 0.0000000000
138888  27.563  8.544  -46.799 0.0000000000
138889  26.383  8.513  -46.920 0.0000000000
138890  25.967  8.436  -47.119 0.0000000000
138904  29.049  8.322  -48.011 0.0000000000
138924  29.230  8.263  -48.417 0.0000000000
138943  29.358  8.472  -48.810 0.0000000000
138962  29.382  8.270  -49.783 0.0000000000
140062  27.316  9.073  -46.851 0.0000000000
140122  29.466  8.677  -49.326 0.0000000000
140134  29.408  8.838  -49.840 0.0000000000
140135  29.193  9.360  -49.928 0.0000000000
141306  27.668  10.039  -46.898 0.0000000000
141309  25.894  9.631  -47.084 0.0000000000
141326  28.575  9.995  -47.576 0.0000000000
141328  24.983  9.587  -47.539 0.0000000000
141345  29.092  9.811  -48.449 0.0000000000
142492  27.467  10.593  -46.840 0.0000000000
142494  26.386  10.522  -46.919 0.0000000000
142495  25.758  10.672  -47.114 0.0000000000
142509  28.438  10.517  -47.499 0.0000000000
142510  27.999  10.530  -47.142 0.0000000000
142522  28.953  10.353  -48.307 0.0000000000
143702  27.273  11.116  -46.843 0.0000000000
143703  26.694  11.078  -46.795 0.0000000000
143704  26.130  11.116  -46.991 0.0000000000
143705  25.560  11.242  -47.209 0.0000000000
143722  28.556  11.043  -47.748 0.0000000000
143725  23.748  11.164  -47.744 0.0000000000
143737  28.765  11.296  -48.202 0.0000000000
144986  27.654  11.619  -47.142 0.0000000000
144987  27.283  12.116  -46.957 0.0000000000
144990  25.298  11.879  -47.254 0.0000000000
145004  24.141  11.892  -47.628 0.0000000000
145015  28.890  11.465  -48.723 0.0000000000
145028  28.878  11.999  -48.886 0.0000000000
146216  27.009  12.655  -46.964 0.0000000000
146218  25.805  12.785  -47.140 0.0000000000
146237  28.058  12.555  -47.467 0.0000000000
146238  24.857  12.769  -47.512 0.0000000000
146240  23.400  12.343  -48.266 0.0000000000
146254  23.185  12.882  -48.381 0.0000000000
146269  28.940  12.264  -49.399 0.0000000000
146270  28.835  12.470  -48.976 0.0000000000
147381  26.830  13.167  -47.087 0.0000000000
147383  25.755  13.261  -47.300 0.0000000000
147397  27.802  13.158  -47.396 0.0000000000
147400  24.836  13.392  -47.722 0.0000000000
147402  23.728  13.075  -48.123 0.0000000000
147418  28.370  13.458  -48.264 0.0000000000
147422  22.213  13.353  -48.836 0.0000000000
148589  26.667  13.697  -47.200 0.0000000000
148600  26.396  14.251  -47.311 0.0000000000
148603  24.512  13.959  -47.889 0.0000000000
148616  28.047  14.143  -48.097 0.0000000000
149729  26.059  14.710  -47.509 0.0000000000
149742  28.232  14.667  -48.480 0.0000000000
149743  27.580  15.037  -48.146 0.0000000000
149744  24.271  14.394  -48.022 0.0000000000
149746  23.327  14.720  -48.565 0.0000000000
150885  26.805  15.147  -47.804 0.0000000000
150888  25.066  15.068  -47.878 0.0000000000
152046  23.894  15.965  -48.727 0.0000000000
153268  26.015  16.847  -48.638 0.0000000000
226420  27.845  6.115  -46.345 0.0000000000
227160  25.150  -6.563  -40.217 0.0000000000
228294  25.402  5.223  -46.224 0.0000000000
228679  27.761  9.521  -46.906 0.0000000000
230287  25.708  8.137  -47.126 0.0000000000
230420  28.708  9.425  -47.662 0.0000000000
230607  25.870  -0.553  -43.906 0.0000000000
230681  26.061  12.329  -46.906 0.0000000000
231607  23.519  14.175  -48.454 0.0000000000
232204  29.309  9.237  -49.399 0.0000000000
232306  29.197  9.337  -48.514 0.0000000000
233285  25.673  12.262  -47.035 0.0000000000
233292  28.925  5.838  -47.357 0.0000000000
233433  24.187  10.801  -47.671 0.0000000000
234072  26.062  2.522  -44.744 0.0000000000
235128  21.255  14.188  -49.289 0.0000000000
235844  28.499  12.842  -48.220 0.0000000000
236524  29.351  4.644  -48.610 0.0000000000
237678  28.736  11.867  -48.318 0.0000000000
237794  24.127  15.519  -48.509 0.0000000000
240532  26.253  5.421  -46.064 0.0000000000
240742  27.800  12.179  -47.190 0.0000000000
245072  21.293  13.687  -49.235 0.0000000000
245610  24.982  -0.005  -43.896 0.0000000000
248475  27.117  6.846  -46.427 0.0000000000
248493  29.066  10.260  -50.053 0.0000000000
248939  27.015  4.789  -45.815 0.0000000000
249874  23.693  13.642  -48.410 0.0000000000
250598  26.113  9.317  -47.005 0.0000000000
251537  25.149  -3.073  -42.959 0.0000000000
252033  28.243  10.923  -47.400 0.0000000000
253620  29.099  9.757  -50.102 0.0000000000
254377  28.815  10.810  -48.115 0.0000000000
254488  27.160  14.854  -47.794 0.0000000000
254752  25.776  15.920  -48.131 0.0000000000
256649  28.759  0.933  -46.312 0.0000000000
257401  28.502  8.848  -47.322 0.0000000000
265097  25.430  10.284  -47.231 0.0000000000
266311  23.938  11.547  -47.644 0.0000000000
266729  28.771  1.938  -47.315 0.0000000000
267195  25.983  -6.472  -39.585 0.0000000000
267296  24.914  12.282  -47.378 0.0000000000
267370  27.911  14.723  -48.201 0.0000000000
269117  27.524  1.212  -45.389 0.0000000000
269893  28.953  10.694  -49.059 0.0000000000
269969  27.988  9.794  -47.028 0.0000000000
270953  27.746  13.585  -47.474 0.0000000000
