#!ascii label  , from subject corrected_filled vox2ras=TkReg
1143
255440  21.127  -12.483  -34.939 0.1428571492
101000  19.570  -12.242  -34.503 0.1428571492
103304  19.500  -10.585  -35.760 0.1428571492
99739  21.695  -12.655  -34.541 0.1428571492
101024  21.127  -11.816  -35.709 0.2857142985
102209  19.637  -11.487  -35.178 0.1428571492
101022  22.160  -11.932  -35.527 0.1428571492
104403  20.807  -10.114  -36.799 0.5714285970
102234  22.035  -11.230  -36.204 0.1428571492
103312  24.159  -10.197  -36.135 0.2857142985
103301  23.854  -10.608  -35.819 0.2857142985
104398  25.597  -9.370  -36.043 0.1428571492
104386  25.333  -9.812  -35.748 0.2857142985
108021  25.983  -7.825  -37.736 0.2857142985
106727  26.208  -8.124  -37.240 0.1428571492
106729  25.189  -8.597  -37.455 0.2857142985
111021  26.930  -6.104  -38.994 0.2857142985
109508  26.931  -6.742  -38.261 0.2857142985
112495  27.001  -5.409  -39.726 0.2857142985
112482  26.692  -5.806  -39.456 0.2857142985
116770  27.676  -3.913  -41.028 0.2857142985
119761  27.909  -1.949  -43.506 0.8571428657
118293  27.527  -3.039  -42.204 0.4285714328
115380  27.837  -4.053  -40.489 0.2857142985
122310  28.364  -0.941  -44.540 0.7142857313
122291  28.675  -1.085  -43.933 0.7142857313
121046  28.096  -1.714  -44.052 0.7142857313
118308  27.299  -2.766  -42.605 0.7142857313
124724  29.294  0.530  -45.166 0.8571428657
123528  28.611  -0.390  -44.893 0.5714285970
123548  28.341  -0.272  -45.384 0.8571428657
121067  27.957  -1.562  -44.410 0.7142857313
121047  27.736  -1.800  -44.007 0.7142857313
127159  29.731  1.853  -46.778 0.4285714328
124739  28.770  0.581  -45.964 0.7142857313
124725  28.552  0.156  -45.695 0.8571428657
129806  29.498  2.929  -47.917 0.2857142985
254044  29.266  2.205  -48.047 0.5714285970
127161  29.000  1.320  -47.005 0.8571428657
128443  29.409  1.773  -47.668 0.7142857313
125981  28.985  1.098  -46.710 0.8571428657
131206  30.049  3.298  -48.972 0.1428571492
131199  30.259  3.670  -48.248 0.1428571492
129816  29.673  3.264  -48.310 0.4285714328
128458  29.316  2.038  -47.962 0.5714285970
128444  29.105  1.624  -47.628 0.8571428657
132507  29.733  3.030  -50.844 0.1428571492
132495  30.062  3.100  -49.192 0.1428571492
132496  29.502  2.723  -49.209 0.1428571492
131201  29.535  3.385  -48.485 0.4285714328
128459  28.866  2.330  -47.474 0.8571428657
135332  29.445  5.133  -51.628 0.1428571492
132510  30.138  3.419  -51.536 0.1428571492
133866  29.545  4.199  -51.195 0.1428571492
247822  29.396  3.091  -49.637 0.1428571492
230579  29.405  3.782  -49.089 0.4285714328
238430  29.148  4.075  -48.185 0.5714285970
131181  29.009  3.801  -47.831 0.7142857313
129792  28.322  3.364  -46.383 0.8571428657
239666  29.270  5.243  -50.835 0.1428571492
136641  29.554  6.829  -50.737 0.1428571492
135318  29.364  5.473  -50.038 0.1428571492
133844  29.463  5.171  -48.960 0.5714285970
132480  28.993  4.301  -47.867 0.8571428657
129791  28.595  3.469  -46.864 0.8571428657
131162  28.482  4.398  -46.842 0.8571428657
136647  29.488  6.576  -51.477 0.1428571492
137864  29.378  7.283  -51.007 0.2857142985
228769  29.537  6.268  -50.429 0.1428571492
249483  29.495  7.075  -49.591 0.8571428657
264850  29.436  5.569  -48.517 0.8571428657
132492  29.165  4.406  -48.228 0.7142857313
250627  29.200  5.841  -47.831 0.8571428657
138991  29.078  8.540  -50.880 0.1428571492
140154  28.775  8.997  -51.261 0.1428571492
263983  29.318  7.938  -50.182 0.4285714328
137848  29.317  7.885  -48.744 0.8571428657
137832  29.361  7.254  -48.561 0.8571428657
136604  29.229  6.757  -47.695 0.8571428657
135273  28.667  6.185  -46.885 0.8571428657
138975  29.296  8.429  -50.282 0.4285714328
252397  28.919  7.790  -47.753 0.8571428657
238195  29.185  7.289  -47.948 0.8571428657
137800  28.512  7.427  -46.897 0.8571428657
140144  28.933  9.243  -50.744 0.1428571492
141395  28.941  9.894  -50.556 0.2857142985
140143  29.215  8.975  -50.335 0.5714285970
141366  29.203  9.595  -48.945 0.8571428657
140123  29.343  9.033  -48.861 0.8571428657
140106  29.236  8.822  -48.317 0.8571428657
138905  28.724  8.323  -47.592 0.8571428657
140086  28.949  8.865  -47.790 0.8571428657
243522  28.228  7.926  -46.981 0.8571428657
142562  28.889  10.599  -50.482 0.2857142985
142551  28.981  10.592  -49.501 0.7142857313
141384  29.166  9.870  -49.553 0.5714285970
142535  29.105  10.236  -48.941 0.8571428657
141305  28.307  9.540  -47.155 0.8571428657
141307  27.118  9.627  -46.835 0.8571428657
235145  28.081  8.438  -47.014 0.8571428657
253918  28.919  10.853  -48.623 0.8571428657
143723  28.165  11.383  -47.511 0.8571428657
141327  28.179  10.076  -47.219 0.8571428657
250600  26.949  10.703  -46.676 0.7142857313
142493  26.983  10.197  -46.822 0.7142857313
145002  28.534  11.663  -47.865 0.8571428657
145003  28.167  11.955  -47.521 0.8571428657
143701  27.823  11.038  -47.109 0.8571428657
144988  26.595  12.075  -46.840 0.8571428657
146217  26.406  12.731  -46.991 0.8571428657
239624  26.468  11.490  -46.895 0.7142857313
147419  27.982  13.563  -47.775 0.7142857313
147380  27.332  13.052  -47.132 0.8571428657
147398  27.347  13.575  -47.265 0.8571428657
148590  26.032  13.689  -47.283 0.8571428657
149730  25.406  14.624  -47.611 0.7142857313
246353  27.001  11.579  -46.865 0.8571428657
147382  26.231  13.223  -47.150 0.8571428657
150920  28.473  15.460  -49.698 0.1428571492
148599  27.106  14.259  -47.444 0.8571428657
149728  26.665  14.748  -47.577 0.7142857313
150886  26.344  15.166  -47.712 0.7142857313
148601  25.746  14.168  -47.423 0.8571428657
153280  28.003  16.927  -49.603 0.1428571492
150901  26.647  15.553  -47.983 0.5714285970
153260  26.503  16.487  -48.455 0.5714285970
253574  25.385  16.718  -48.526 0.5714285970
153259  26.983  16.554  -48.648 0.1428571492
154481  27.908  17.593  -50.431 0.1428571492
249556  25.602  17.210  -48.825 0.5714285970
156973  27.317  18.500  -50.671 0.1428571492
156983  27.268  18.704  -51.443 0.1428571492
154474  26.712  17.910  -49.508 0.1428571492
263464  26.098  17.248  -48.919 0.5714285970
156984  26.790  18.926  -50.922 0.1428571492
231206  26.136  18.989  -50.584 0.1428571492
156997  26.567  19.053  -52.039 0.1428571492
99741  20.100  -12.533  -34.573 0.1428571492
98473  19.678  -12.807  -34.228 0.1428571492
102223  21.514  -11.483  -36.002 0.2857142985
102207  22.703  -11.733  -35.353 0.1428571492
103291  24.122  -10.876  -35.337 0.2857142985
103302  23.270  -10.779  -35.972 0.2857142985
106726  26.743  -8.117  -36.928 0.2857142985
106716  26.174  -8.538  -36.803 0.2857142985
105518  25.548  -8.775  -36.965 0.1428571492
115381  27.381  -4.345  -40.759 0.2857142985
113944  27.066  -4.767  -40.479 0.2857142985
119733  28.295  -2.376  -42.239 0.4285714328
116796  27.247  -3.511  -42.027 0.5714285970
125950  29.372  1.172  -45.285 0.2857142985
119762  27.413  -2.015  -43.457 0.7142857313
128442  29.892  2.426  -46.921 0.1428571492
125967  28.306  1.072  -46.113 0.8571428657
129808  29.086  2.489  -47.972 0.7142857313
233932  29.564  5.827  -51.929 0.1428571492
135311  29.462  5.826  -49.359 0.8571428657
135299  29.468  6.090  -48.771 0.8571428657
133814  28.650  5.528  -46.872 0.8571428657
136591  28.647  6.832  -46.907 0.8571428657
143750  28.903  11.078  -49.147 0.8571428657
147396  28.200  13.006  -47.815 0.8571428657
148598  27.675  13.964  -47.598 0.8571428657
150900  27.142  15.358  -48.069 0.7142857313
152041  27.634  16.025  -48.728 0.2857142985
154459  26.986  17.387  -49.241 0.1428571492
154482  27.498  17.934  -50.204 0.1428571492
155748  27.378  18.253  -53.062 0.1428571492
98462  19.265  -13.017  -33.837 0.1428571492
103315  22.323  -10.735  -36.549 0.4285714328
104401  23.936  -10.009  -36.665 0.2857142985
103314  22.967  -10.563  -36.484 0.4285714328
103328  21.433  -10.426  -36.967 0.2857142985
105507  25.271  -9.123  -36.540 0.1428571492
109480  27.553  -7.233  -37.320 0.2857142985
111002  27.771  -6.241  -38.202 0.2857142985
109509  26.050  -7.100  -38.595 0.2857142985
109496  26.098  -7.358  -38.090 0.2857142985
111004  26.594  -6.654  -38.735 0.2857142985
116808  27.014  -3.296  -42.473 0.7142857313
131214  30.360  3.016  -51.203 0.1428571492
135336  30.227  5.147  -52.480 0.1428571492
137872  29.260  6.994  -51.751 0.1428571492
138990  29.229  7.914  -50.660 0.2857142985
139006  28.917  8.333  -51.576 0.1428571492
137854  29.393  7.620  -49.790 0.8571428657
132461  28.610  4.929  -46.941 0.8571428657
132441  28.027  4.834  -46.383 1.0000000000
141410  28.477  9.370  -51.541 0.1428571492
142578  28.456  9.999  -51.494 0.1428571492
143769  28.802  11.284  -50.284 0.2857142985
141308  26.407  9.792  -46.926 0.8571428657
145027  28.932  11.643  -49.282 0.5714285970
147436  28.681  12.982  -48.713 0.5714285970
253219  28.624  13.569  -48.732 0.5714285970
149727  27.603  14.515  -47.842 0.7142857313
150899  27.575  15.535  -48.409 0.4285714328
149741  28.521  14.583  -48.917 0.2857142985
149755  28.268  15.116  -48.822 0.2857142985
152050  27.989  15.979  -49.120 0.1428571492
152051  27.751  16.565  -49.108 0.1428571492
153281  27.583  17.202  -49.345 0.1428571492
155702  25.501  18.156  -49.441 0.2857142985
154472  27.772  17.456  -49.861 0.1428571492
155722  26.664  18.732  -50.269 0.1428571492
156966  26.066  18.781  -50.016 0.1428571492
155721  27.707  17.987  -50.734 0.1428571492
156985  26.209  19.143  -51.322 0.1428571492
158220  25.615  19.315  -51.520 0.1428571492
158243  26.460  19.235  -52.676 0.1428571492
145041  28.869  11.814  -49.823 0.4285714328
269127  28.848  12.637  -49.564 0.4285714328
147453  28.789  13.008  -49.637 0.4285714328
148629  28.690  13.962  -49.066 0.4285714328
148615  28.455  14.079  -48.563 0.5714285970
241956  27.961  15.134  -48.450 0.5714285970
101012  21.294  -12.187  -35.427 0.1428571492
102208  20.178  -11.619  -35.467 0.1428571492
101014  20.010  -12.017  -34.974 0.1428571492
99728  19.159  -12.482  -34.120 0.1428571492
102235  20.680  -10.867  -36.095 0.4285714328
103292  19.271  -10.945  -35.302 0.2857142985
103317  21.023  -10.623  -36.505 0.5714285970
102205  23.837  -11.334  -35.034 0.1428571492
104402  23.330  -10.208  -36.890 0.1428571492
105508  24.735  -9.329  -36.691 0.1428571492
108020  26.475  -7.388  -37.694 0.2857142985
121068  27.386  -1.523  -44.175 0.7142857313
125980  29.104  1.138  -46.736 0.8571428657
124748  28.415  0.548  -45.991 0.8571428657
128457  29.558  2.261  -47.801 0.5714285970
131196  29.292  3.515  -48.142 0.5714285970
133860  29.365  4.039  -50.310 0.2857142985
131213  29.967  2.829  -50.350 0.1428571492
132491  29.502  3.452  -48.729 0.1428571492
230327  29.534  6.979  -50.117 0.5714285970
133830  29.140  5.177  -47.762 0.8571428657
136616  29.445  6.662  -48.549 0.8571428657
138942  29.365  8.065  -49.269 0.8571428657
141346  28.886  9.916  -47.977 0.8571428657
140107  29.011  9.368  -48.117 0.8571428657
140061  27.945  9.005  -46.994 0.8571428657
142523  28.748  10.454  -47.851 0.8571428657
146236  28.501  12.345  -47.899 0.8571428657
146215  27.585  12.632  -47.120 0.8571428657
152049  28.252  15.855  -49.505 0.1428571492
153261  25.875  16.366  -48.328 0.5714285970
154486  28.015  17.651  -51.068 0.1428571492
154461  25.851  17.691  -49.065 0.4285714328
155710  26.991  18.219  -49.989 0.1428571492
155735  27.490  18.266  -52.200 0.1428571492
155725  27.738  18.166  -51.425 0.1428571492
154473  27.257  17.697  -49.680 0.1428571492
155711  26.443  18.413  -49.763 0.1428571492
106714  27.896  -8.223  -36.300 0.1428571492
146253  28.715  12.416  -48.485 0.5714285970
103326  22.571  -10.358  -37.104 0.4285714328
234422  26.019  -6.776  -39.167 0.5714285970
155712  25.510  18.681  -49.848 0.1428571492
109540  24.545  -7.184  -40.051 0.5714285970
109524  22.975  -7.484  -39.659 0.5714285970
109526  21.630  -6.998  -39.265 0.2857142985
244009  24.816  -6.242  -40.583 0.5714285970
111038  23.337  -6.692  -40.523 0.5714285970
109510  21.149  -7.562  -38.734 0.4285714328
111037  24.516  -6.765  -40.415 0.5714285970
109528  20.558  -6.603  -38.965 0.2857142985
111040  21.849  -6.215  -39.759 0.4285714328
113946  26.185  -5.296  -41.181 0.4285714328
112523  24.678  -5.600  -41.356 0.5714285970
112514  23.186  -5.648  -41.023 0.5714285970
113947  22.254  -5.053  -40.763 0.4285714328
113970  25.743  -4.638  -41.928 0.5714285970
113971  25.154  -4.682  -41.959 0.5714285970
249010  23.626  -5.539  -41.237 0.4285714328
241034  25.547  -4.353  -42.172 0.7142857313
115412  24.553  -4.322  -42.063 0.4285714328
249279  25.992  -3.778  -42.736 0.4285714328
112498  22.204  -5.941  -40.139 0.4285714328
112500  21.037  -5.662  -39.658 0.2857142985
112483  20.352  -5.665  -39.332 0.2857142985
112526  22.777  -5.229  -41.110 0.4285714328
115409  26.518  -4.197  -42.186 0.7142857313
118325  25.666  -2.696  -43.079 0.7142857313
119766  24.447  -2.253  -42.959 0.4285714328
121050  25.177  -1.546  -43.358 0.7142857313
121051  24.484  -1.535  -43.190 0.5714285970
122293  24.852  -0.958  -43.465 0.7142857313
122294  24.161  -0.905  -43.469 0.2857142985
118324  26.377  -2.451  -42.979 0.5714285970
119764  26.094  -2.060  -43.265 0.5714285970
119765  25.443  -2.091  -43.251 0.7142857313
235531  26.486  -0.586  -44.106 0.7142857313
243757  25.129  0.478  -44.047 0.7142857313
264678  25.923  0.903  -44.250 0.7142857313
124714  24.695  0.919  -44.172 0.7142857313
123534  24.575  0.318  -44.013 0.4285714328
125941  24.718  1.427  -44.455 0.4285714328
264364  27.993  -0.868  -44.774 0.5714285970
121069  26.437  -1.165  -43.902 0.5714285970
123549  27.994  -0.387  -45.066 0.5714285970
125938  26.438  0.911  -44.441 0.5714285970
125952  26.577  1.420  -44.622 0.7142857313
244710  26.164  1.937  -44.596 0.7142857313
129761  25.852  3.144  -45.061 0.7142857313
127128  25.578  2.106  -44.648 0.7142857313
128413  24.865  2.748  -45.100 0.5714285970
129778  25.632  3.755  -45.304 0.5714285970
127162  28.667  1.686  -46.899 0.7142857313
127126  27.381  1.799  -45.142 0.5714285970
251846  27.145  1.344  -44.975 0.5714285970
128410  27.213  2.380  -45.080 0.7142857313
127127  26.756  2.080  -44.788 0.7142857313
129776  27.124  3.506  -45.350 0.8571428657
127130  24.330  2.114  -45.094 0.4285714328
131146  26.771  4.203  -45.448 0.7142857313
131147  26.094  4.237  -45.405 0.7142857313
132443  26.489  5.077  -45.927 0.7142857313
131165  24.967  4.454  -45.842 0.5714285970
132444  25.963  5.050  -45.940 0.7142857313
127145  27.749  2.133  -45.428 0.5714285970
128411  26.682  2.901  -45.038 0.7142857313
131145  27.603  4.046  -45.768 0.8571428657
131164  27.643  4.640  -46.078 0.8571428657
133798  26.774  5.455  -46.117 0.7142857313
133799  25.798  5.594  -46.224 0.5714285970
135263  25.167  6.373  -46.622 0.2857142985
131163  28.147  4.165  -46.357 0.7142857313
132442  27.418  5.161  -46.192 0.7142857313
268897  25.867  7.765  -46.784 0.7142857313
133795  28.379  5.182  -46.616 0.7142857313
133797  27.319  5.769  -46.233 0.8571428657
237952  26.234  5.877  -46.225 0.8571428657
138868  27.261  8.091  -46.631 0.8571428657
245875  26.709  6.666  -46.341 0.8571428657
136593  25.763  7.347  -46.469 0.5714285970
137780  26.313  7.584  -46.596 0.8571428657
137802  26.160  8.076  -46.942 0.8571428657
138892  25.189  8.174  -47.314 0.7142857313
135274  28.262  6.466  -46.609 0.8571428657
137778  27.502  7.606  -46.672 0.8571428657
140064  26.053  8.856  -47.104 0.8571428657
259699  26.956  8.573  -46.788 0.8571428657
140063  26.600  9.111  -46.882 0.8571428657
140065  25.720  9.214  -47.228 0.7142857313
144989  25.962  11.745  -47.020 0.7142857313
146220  24.690  11.843  -47.450 0.7142857313
146219  25.296  12.516  -47.240 0.5714285970
145005  23.628  11.801  -47.935 0.7142857313
146239  24.461  12.371  -47.578 0.7142857313
147384  25.323  13.056  -47.389 0.7142857313
147399  25.462  13.581  -47.482 0.8571428657
148617  23.991  14.039  -48.138 0.7142857313
267021  23.567  12.700  -48.175 0.7142857313
149747  22.993  14.319  -48.712 0.7142857313
149756  22.793  14.850  -48.839 0.7142857313
259932  22.524  14.459  -48.937 0.5714285970
149731  24.776  14.489  -47.859 0.7142857313
150904  23.731  15.114  -48.525 0.7142857313
149757  22.223  14.887  -49.109 0.5714285970
237794  24.127  15.519  -48.509 0.4285714328
150905  23.154  15.261  -48.840 0.5714285970
150912  22.584  15.334  -49.177 0.5714285970
150889  24.382  14.943  -48.210 0.5714285970
149758  21.465  14.865  -49.325 0.5714285970
152047  23.563  15.635  -48.889 0.5714285970
152053  23.001  15.779  -49.326 0.5714285970
152054  22.420  15.852  -49.740 0.5714285970
150913  21.950  15.365  -49.453 0.4285714328
150914  21.238  15.460  -49.563 0.5714285970
149759  20.835  14.633  -49.498 0.4285714328
153274  21.502  16.398  -49.849 0.5714285970
152055  21.758  15.899  -49.784 0.5714285970
152052  23.439  16.221  -49.163 0.5714285970
152057  20.140  16.277  -49.489 0.4285714328
149761  19.146  14.752  -49.482 0.4285714328
153275  20.682  16.586  -49.489 0.5714285970
152056  20.986  15.987  -49.647 0.5714285970
154468  20.370  17.668  -49.452 0.4285714328
119745  28.517  -2.016  -42.603 0.2857142985
125951  27.560  0.728  -45.347 0.5714285970
246973  20.327  17.098  -49.390 0.4285714328
154469  19.559  17.556  -48.932 0.2857142985
108049  23.356  -8.012  -39.540 0.5714285970
106775  22.553  -8.433  -39.149 0.5714285970
112497  25.994  -5.885  -40.280 0.2857142985
111036  25.721  -6.337  -40.012 0.4285714328
109525  22.276  -7.356  -39.357 0.5714285970
112509  26.335  -5.505  -40.595 0.2857142985
112510  25.741  -5.693  -40.912 0.5714285970
264825  21.258  -7.180  -39.006 0.2857142985
112516  21.953  -5.383  -40.311 0.4285714328
113963  23.415  -4.718  -41.682 0.4285714328
113973  24.091  -4.835  -41.856 0.5714285970
112501  20.633  -5.235  -39.800 0.2857142985
113948  21.668  -4.880  -40.544 0.2857142985
116810  24.624  -3.281  -42.625 0.5714285970
122290  29.170  -0.645  -43.439 0.2857142985
121032  22.974  -1.420  -42.791 0.2857142985
250321  24.512  -0.330  -43.744 0.7142857313
135258  28.375  5.829  -46.521 0.8571428657
247371  26.210  6.427  -46.342 0.7142857313
234050  25.213  10.739  -47.307 0.7142857313
143706  24.972  11.298  -47.393 0.7142857313
142496  24.672  10.768  -47.509 0.7142857313
148618  23.240  13.770  -48.714 0.7142857313
148630  21.999  14.341  -49.139 0.5714285970
150915  20.454  15.691  -49.638 0.2857142985
150887  25.724  15.143  -47.706 0.5714285970
249247  24.759  15.542  -48.193 0.5714285970
150903  25.420  15.564  -47.994 0.5714285970
152045  24.425  16.041  -48.451 0.5714285970
153273  22.220  16.305  -50.037 0.5714285970
154466  22.557  16.695  -49.993 0.2857142985
115414  23.162  -4.069  -41.893 0.4285714328
111022  26.423  -6.317  -39.286 0.2857142985
124726  28.128  0.189  -45.565 0.7142857313
254534  27.244  -1.773  -43.801 0.5714285970
128445  28.519  2.559  -46.513 0.7142857313
129775  27.882  3.165  -45.797 0.7142857313
136592  28.175  7.058  -46.677 0.7142857313
148602  25.116  14.018  -47.668 0.8571428657
233766  26.774  -3.800  -42.369 0.5714285970
118310  26.147  -3.180  -42.910 0.5714285970
141310  25.430  9.735  -47.284 0.7142857313
122313  27.132  -0.946  -44.305 0.5714285970
109539  24.936  -6.961  -40.016 0.5714285970
109541  23.929  -7.111  -40.252 0.5714285970
109523  24.321  -7.554  -39.802 0.4285714328
109544  22.016  -6.762  -39.619 0.5714285970
111039  22.364  -6.515  -40.017 0.4285714328
108051  21.706  -7.504  -38.997 0.5714285970
111024  21.473  -6.479  -39.449 0.4285714328
111048  25.408  -6.086  -40.460 0.5714285970
259124  23.555  -6.360  -40.705 0.5714285970
112512  24.454  -5.881  -40.877 0.5714285970
112515  22.617  -5.672  -40.651 0.4285714328
106759  22.096  -8.606  -38.828 0.5714285970
112499  21.627  -5.715  -39.895 0.4285714328
113960  25.486  -5.123  -41.735 0.5714285970
113962  24.369  -5.306  -41.702 0.5714285970
113965  21.925  -4.583  -40.981 0.4285714328
115422  25.290  -3.622  -42.610 0.5714285970
116811  23.983  -3.219  -42.436 0.4285714328
118311  25.653  -3.293  -42.902 0.5714285970
118326  25.044  -2.512  -43.077 0.7142857313
231352  24.914  -1.988  -43.149 0.5714285970
119767  24.018  -1.777  -42.923 0.4285714328
119749  23.770  -2.254  -42.689 0.4285714328
118313  23.748  -2.804  -42.547 0.4285714328
121049  25.887  -1.616  -43.515 0.7142857313
122292  25.563  -1.040  -43.615 0.7142857313
121052  23.826  -1.308  -43.179 0.2857142985
123533  25.500  -0.008  -43.943 0.7142857313
123531  26.880  -0.194  -44.313 0.7142857313
124712  26.339  0.440  -44.206 0.7142857313
125939  25.872  1.456  -44.435 0.7142857313
251949  27.661  0.216  -45.172 0.5714285970
128412  25.383  2.694  -44.899 0.7142857313
128427  27.473  2.798  -45.340 0.5714285970
129777  26.355  3.641  -45.227 0.7142857313
129779  24.431  3.362  -45.668 0.2857142985
135262  25.715  6.144  -46.386 0.5714285970
268516  24.902  6.014  -46.678 0.2857142985
136578  26.758  7.149  -46.550 0.8571428657
147401  24.303  12.941  -47.765 0.7142857313
148604  24.160  13.509  -47.976 0.7142857313
149745  23.855  14.563  -48.287 0.8571428657
153272  22.839  16.309  -49.815 0.7142857313
153276  19.804  16.881  -49.277 0.4285714328
115383  21.445  -4.471  -40.779 0.1428571492
116784  21.988  -3.790  -41.465 0.4285714328
104388  19.204  -10.145  -35.927 0.4285714328
113901  28.263  -5.159  -38.833 0.1428571492
112480  27.757  -5.430  -39.048 0.1428571492
113917  28.028  -4.947  -39.310 0.1428571492
229050  27.914  -3.428  -41.234 0.1428571492
118291  28.498  -2.547  -41.694 0.1428571492
115351  28.339  -4.443  -39.565 0.1428571492
113900  28.727  -4.923  -38.719 0.1428571492
119720  28.964  -2.304  -41.406 0.1428571492
116769  28.061  -3.574  -40.713 0.1428571492
115367  28.559  -3.901  -39.795 0.1428571492
119732  28.735  -2.133  -41.953 0.1428571492
250855  29.374  -0.127  -43.613 0.2857142985
125937  29.468  1.134  -44.522 0.1428571492
245786  25.875  10.109  -47.086 0.5714285970
158245  25.351  19.669  -52.811 0.1428571492
140088  24.729  9.167  -47.663 0.4285714328
158246  24.622  19.753  -53.018 0.1428571492
156986  25.450  19.112  -50.952 0.1428571492
142513  23.751  10.467  -47.857 0.4285714328
143724  24.335  11.329  -47.545 0.5714285970
145016  23.081  11.852  -48.367 0.4285714328
156969  23.571  18.513  -50.197 0.2857142985
154475  23.051  17.750  -49.813 0.2857142985
265337  23.225  16.568  -49.502 0.2857142985
155704  24.125  17.779  -49.379 0.2857142985
245243  20.521  10.653  -49.629 0.1428571492
146255  22.873  12.354  -48.582 0.5714285970
147420  23.378  13.375  -48.509 0.5714285970
249097  22.460  17.940  -49.854 0.2857142985
153263  24.018  16.469  -48.726 0.4285714328
248643  20.817  12.152  -49.506 0.4285714328
147423  21.584  13.321  -49.019 0.5714285970
154476  22.523  17.324  -49.860 0.2857142985
248004  20.280  12.483  -49.487 0.4285714328
147439  19.958  13.346  -49.563 0.2857142985
154467  21.170  17.683  -49.679 0.1428571492
153282  21.890  17.012  -49.795 0.1428571492
154477  21.907  17.783  -49.813 0.1428571492
147440  19.150  13.524  -49.479 0.1428571492
148632  19.864  14.203  -49.587 0.4285714328
155706  20.475  18.372  -49.564 0.1428571492
155705  21.242  18.403  -49.797 0.1428571492
155718  21.968  18.463  -49.892 0.1428571492
148633  19.145  14.158  -49.443 0.2857142985
155707  19.812  18.269  -49.118 0.2857142985
156937  18.733  18.965  -47.646 0.1428571492
156971  21.227  19.155  -49.795 0.1428571492
156964  19.871  19.109  -48.997 0.1428571492
156952  19.761  19.900  -48.436 0.1428571492
156963  20.606  19.126  -49.505 0.1428571492
158203  20.275  20.314  -48.811 0.1428571492
261588  19.754  -9.665  -36.444 0.4285714328
106731  19.254  -8.413  -37.102 0.2857142985
112463  28.043  -5.677  -38.539 0.1428571492
116755  28.724  -3.390  -40.090 0.1428571492
121016  28.872  -1.673  -42.217 0.1428571492
142512  24.356  10.291  -47.701 0.2857142985
150902  26.052  15.570  -47.922 0.4285714328
154463  24.573  17.436  -49.135 0.2857142985
155717  22.624  18.410  -49.917 0.2857142985
155715  23.647  18.002  -49.752 0.2857142985
232821  21.858  19.127  -50.041 0.2857142985
106717  18.989  -8.765  -36.722 0.2857142985
105505  26.499  -8.966  -36.284 0.1428571492
105495  26.221  -9.345  -35.986 0.1428571492
109494  27.749  -6.740  -37.654 0.1428571492
110986  28.203  -6.382  -37.718 0.1428571492
243185  29.191  -0.052  -44.325 0.1428571492
122277  28.872  -1.110  -43.202 0.1428571492
146272  19.650  12.860  -49.491 0.1428571492
141329  24.528  9.714  -47.708 0.4285714328
258148  20.751  11.627  -49.566 0.2857142985
148620  21.830  13.791  -49.071 0.5714285970
153262  24.669  16.584  -48.537 0.4285714328
230772  22.699  18.774  -50.154 0.2857142985
155703  24.778  17.932  -49.435 0.2857142985
155714  24.265  18.201  -49.788 0.2857142985
262454  23.990  18.660  -50.378 0.2857142985
156987  24.603  19.123  -51.083 0.1428571492
156988  23.630  19.127  -51.178 0.1428571492
158221  24.991  19.418  -51.507 0.1428571492
156974  25.539  18.918  -50.308 0.1428571492
239523  25.008  18.957  -50.568 0.1428571492
127113  29.623  1.700  -44.692 0.2857142985
154462  25.230  17.609  -49.081 0.4285714328
156976  23.494  18.871  -50.684 0.2857142985
155713  24.932  18.431  -49.795 0.2857142985
156967  24.984  18.801  -50.141 0.1428571492
104415  20.522  -9.608  -37.057 0.4285714328
103318  20.423  -10.399  -36.360 0.4285714328
123519  28.914  -0.555  -44.136 0.4285714328
257275  25.183  16.110  -48.273 0.4285714328
153269  24.972  17.079  -48.842 0.2857142985
143726  23.207  11.323  -48.033 0.4285714328
246905  23.898  12.452  -47.928 0.5714285970
146256  22.529  12.878  -48.642 0.5714285970
148619  22.556  13.906  -48.898 0.5714285970
153270  24.303  16.947  -48.926 0.2857142985
235034  21.037  17.034  -49.541 0.4285714328
271280  19.371  18.129  -48.600 0.2857142985
142511  24.947  10.161  -47.484 0.5714285970
147421  22.888  13.372  -48.688 0.5714285970
148631  20.819  13.736  -49.461 0.5714285970
118267  28.318  -3.105  -40.898 0.1428571492
115350  28.886  -4.116  -39.323 0.1428571492
121003  29.164  -1.817  -41.630 0.1428571492
142524  22.653  10.353  -48.429 0.2857142985
155716  23.168  18.292  -49.939 0.2857142985
154465  23.066  16.948  -49.753 0.2857142985
231391  24.042  17.265  -49.241 0.2857142985
145029  21.263  11.745  -49.419 0.2857142985
252416  22.197  12.381  -48.807 0.4285714328
146271  20.786  12.794  -49.425 0.4285714328
145030  20.281  11.892  -49.463 0.2857142985
146257  21.858  12.890  -48.840 0.5714285970
147437  21.029  13.306  -49.279 0.5714285970
257181  20.281  13.739  -49.575 0.4285714328
105510  19.407  -9.267  -36.544 0.2857142985
121015  29.275  -1.257  -41.877 0.1428571492
140108  23.194  9.404  -48.240 0.2857142985
156968  24.393  18.602  -50.109 0.2857142985
156975  24.339  18.842  -50.570 0.2857142985
237318  24.664  19.689  -51.894 0.1428571492
128428  24.572  2.939  -45.382 0.4285714328
229101  24.875  5.226  -46.526 0.2857142985
158206  21.696  19.908  -50.600 0.1428571492
156977  22.585  19.241  -50.536 0.1428571492
158213  21.838  20.033  -51.000 0.1428571492
159471  20.962  20.920  -48.706 0.1428571492
232357  21.922  20.348  -50.438 0.1428571492
158202  20.604  20.594  -49.279 0.1428571492
158201  21.120  20.654  -49.598 0.1428571492
158207  21.330  19.952  -50.306 0.1428571492
159475  21.577  20.424  -50.118 0.1428571492
159481  22.179  20.458  -50.806 0.1428571492
156961  20.959  20.000  -49.874 0.1428571492
240335  22.689  21.269  -49.404 0.1428571492
159474  22.512  20.913  -50.076 0.1428571492
132445  25.039  4.895  -46.155 0.2857142985
159469  21.924  20.935  -49.212 0.1428571492
160749  22.150  20.656  -51.529 0.1428571492
115408  26.998  -3.988  -41.868 0.2857142985
156970  22.034  19.385  -50.250 0.1428571492
158212  22.726  19.525  -51.028 0.1428571492
243411  22.272  20.848  -49.664 0.1428571492
262867  22.220  21.363  -48.439 0.1428571492
113958  26.439  -4.814  -41.372 0.4285714328
106758  22.774  -8.901  -38.912 0.4285714328
105547  23.731  -9.069  -38.504 0.2857142985
263745  24.745  -8.814  -37.418 0.1428571492
108033  24.316  -8.266  -39.070 0.2857142985
106744  24.757  -8.554  -37.925 0.1428571492
108032  24.836  -8.124  -38.867 0.2857142985
243123  22.933  -9.693  -38.025 0.2857142985
240893  20.541  14.190  -49.537 0.4285714328
109521  25.561  -7.255  -39.100 0.2857142985
105549  21.819  -8.929  -38.369 0.4285714328
259538  25.636  -7.648  -38.458 0.1428571492
266670  24.950  -8.245  -38.386 0.1428571492
105520  24.549  -9.218  -37.217 0.1428571492
108046  25.166  -7.747  -39.029 0.2857142985
245640  22.726  -7.997  -39.412 0.4285714328
234110  23.425  -8.821  -38.935 0.2857142985
249656  22.210  11.351  -48.884 0.2857142985
234051  23.429  -9.472  -38.313 0.2857142985
105538  20.386  -8.834  -37.680 0.2857142985
105523  20.142  -9.137  -37.305 0.2857142985
105536  21.539  -9.174  -37.959 0.2857142985
106748  20.140  -8.298  -37.762 0.2857142985
106746  21.272  -8.696  -38.155 0.2857142985
116799  23.585  -3.635  -42.171 0.2857142985
118294  23.427  -3.098  -42.322 0.2857142985
119734  22.801  -2.421  -42.216 0.2857142985
122315  23.824  -0.386  -43.703 0.1428571492
124716  23.561  0.561  -44.240 0.1428571492
124728  24.309  1.207  -44.420 0.2857142985
128414  24.446  2.537  -45.282 0.1428571492
132462  24.259  5.216  -46.767 0.1428571492
135264  24.562  6.182  -46.893 0.1428571492
137804  24.787  7.719  -47.190 0.1428571492
136605  24.498  7.200  -47.238 0.1428571492
138907  24.636  8.186  -47.531 0.1428571492
137822  23.276  7.654  -48.269 0.1428571492
141367  22.005  9.662  -49.011 0.1428571492
143739  22.377  10.853  -48.571 0.1428571492
142537  21.046  10.549  -49.425 0.1428571492
142536  21.548  10.443  -49.136 0.1428571492
149760  20.062  14.791  -49.635 0.1428571492
242507  19.359  15.946  -49.548 0.1428571492
148634  18.354  14.702  -49.197 0.1428571492
242970  19.164  16.561  -49.184 0.1428571492
269121  18.244  16.703  -48.732 0.1428571492
104405  19.287  -9.685  -36.178 0.2857142985
243128  21.730  -9.667  -37.712 0.1428571492
138906  25.002  8.667  -47.560 0.2857142985
138925  23.081  8.262  -48.353 0.1428571492
270431  21.414  10.868  -49.268 0.1428571492
104389  18.715  -9.699  -35.766 0.2857142985
115399  22.788  -4.420  -41.532 0.2857142985
116800  22.929  -3.379  -41.975 0.2857142985
118296  22.555  -2.855  -41.983 0.2857142985
124730  23.113  0.856  -44.663 0.1428571492
266680  23.959  3.109  -45.896 0.1428571492
129793  23.984  3.549  -46.115 0.1428571492
131166  24.470  4.013  -45.967 0.1428571492
132463  23.654  4.945  -47.004 0.1428571492
133816  23.861  5.505  -47.178 0.1428571492
135289  23.654  6.421  -47.611 0.1428571492
251967  23.151  6.419  -47.985 0.1428571492
140089  24.124  9.199  -47.873 0.1428571492
243805  21.228  10.057  -49.248 0.1428571492
149762  18.084  15.402  -49.239 0.1428571492
150916  19.133  15.368  -49.569 0.1428571492
116801  22.187  -3.278  -41.695 0.2857142985
104414  21.195  -9.807  -37.291 0.2857142985
125954  24.199  1.638  -44.818 0.1428571492
238157  24.902  7.312  -46.861 0.1428571492
250070  18.382  14.108  -49.217 0.1428571492
115401  21.557  -4.081  -41.166 0.1428571492
241300  24.435  8.665  -47.736 0.1428571492
141347  22.958  9.883  -48.326 0.1428571492
106730  19.776  -8.694  -37.513 0.2857142985
119735  22.228  -2.437  -42.174 0.1428571492
137820  24.324  7.654  -47.594 0.1428571492
133817  23.258  5.273  -47.528 0.1428571492
105497  17.776  -8.836  -35.518 0.1428571492
105511  18.805  -9.093  -36.140 0.1428571492
105498  17.412  -8.449  -35.149 0.1428571492
106718  18.501  -8.510  -36.313 0.1428571492
108022  20.386  -7.925  -38.087 0.1428571492
127125  29.574  1.641  -45.537 0.1428571492
128409  30.234  2.573  -45.225 0.1428571492
143784  28.486  11.545  -51.191 0.1428571492
103294  18.202  -10.307  -35.117 0.1428571492
106732  18.635  -8.098  -36.642 0.1428571492
108023  19.649  -8.007  -37.414 0.1428571492
106761  21.037  -8.095  -38.366 0.1428571492
108010  18.958  -7.589  -37.038 0.1428571492
111005  20.038  -6.411  -38.697 0.1428571492
145068  28.623  11.584  -50.712 0.1428571492
146295  28.679  12.587  -50.583 0.1428571492
112484  19.818  -5.920  -38.898 0.1428571492
250228  28.735  11.036  -50.886 0.1428571492
103305  18.824  -10.379  -35.510 0.1428571492
128425  30.077  2.526  -46.012 0.1428571492
109512  20.267  -6.952  -38.585 0.1428571492
113933  21.283  -5.178  -40.070 0.1428571492
105524  19.542  -8.959  -37.070 0.1428571492
104390  18.077  -9.435  -35.445 0.1428571492
105512  18.164  -8.611  -35.894 0.1428571492
109497  19.971  -7.331  -38.105 0.1428571492
101001  18.953  -11.862  -34.410 0.1428571492
101010  22.409  -12.175  -35.065 0.1428571492
101011  21.803  -12.324  -35.189 0.1428571492
101013  20.690  -12.041  -35.323 0.1428571492
101015  19.454  -11.798  -34.796 0.1428571492
101023  21.649  -11.942  -35.657 0.1428571492
101025  20.649  -11.641  -35.677 0.2857142985
102206  23.269  -11.514  -35.177 0.1428571492
102220  23.567  -11.063  -35.513 0.1428571492
102221  22.987  -11.249  -35.655 0.1428571492
102222  22.410  -11.454  -35.782 0.1428571492
102224  20.929  -11.347  -35.919 0.2857142985
102225  20.382  -11.217  -35.787 0.2857142985
102226  19.823  -11.119  -35.607 0.1428571492
102233  22.665  -10.992  -36.110 0.1428571492
103300  24.434  -10.457  -35.653 0.2857142985
103303  20.077  -10.737  -35.982 0.4285714328
103306  18.306  -9.962  -35.432 0.1428571492
103313  23.590  -10.382  -36.327 0.2857142985
103316  21.663  -10.831  -36.530 0.4285714328
103319  19.778  -10.167  -36.188 0.4285714328
103327  21.971  -10.570  -36.957 0.2857142985
104385  25.934  -9.699  -35.684 0.1428571492
104387  24.716  -9.990  -35.917 0.2857142985
104399  24.997  -9.505  -36.164 0.1428571492
104400  24.470  -9.779  -36.420 0.2857142985
104404  20.238  -9.860  -36.588 0.4285714328
104409  24.297  -9.662  -36.982 0.1428571492
104412  22.395  -9.934  -37.697 0.1428571492
104413  21.882  -10.206  -37.370 0.4285714328
104428  22.202  -9.438  -38.156 0.2857142985
104429  21.230  -9.391  -37.659 0.2857142985
105496  18.339  -9.129  -35.741 0.1428571492
105504  27.084  -8.891  -36.194 0.1428571492
105506  25.896  -9.018  -36.423 0.1428571492
105509  19.971  -9.401  -36.804 0.4285714328
105519  24.988  -8.950  -37.033 0.1428571492
105521  24.154  -9.564  -37.552 0.1428571492
105522  20.741  -9.307  -37.482 0.2857142985
105533  24.391  -9.014  -37.692 0.1428571492
105534  23.961  -9.360  -38.051 0.2857142985
105535  22.812  -9.287  -38.435 0.2857142985
105537  20.983  -8.983  -37.814 0.2857142985
105548  22.330  -9.056  -38.565 0.4285714328
106715  27.281  -8.314  -36.487 0.1428571492
106728  25.741  -8.355  -37.386 0.2857142985
106743  25.351  -8.161  -37.986 0.1428571492
106745  24.184  -8.769  -38.189 0.1428571492
106747  20.702  -8.479  -37.984 0.2857142985
106756  24.516  -8.425  -38.536 0.2857142985
106757  23.993  -8.640  -38.760 0.2857142985
106760  21.566  -8.480  -38.480 0.5714285970
106773  23.712  -8.377  -39.196 0.2857142985
106774  23.083  -8.448  -39.225 0.4285714328
108009  26.487  -7.803  -37.352 0.2857142985
108019  27.052  -7.027  -37.765 0.2857142985
108031  25.200  -7.987  -38.566 0.1428571492
108034  20.553  -7.524  -38.514 0.1428571492
108047  24.634  -7.876  -39.352 0.2857142985
108048  24.021  -7.972  -39.497 0.5714285970
108050  22.155  -7.999  -39.102 0.5714285970
108062  23.653  -7.532  -39.783 0.5714285970
109495  26.499  -7.025  -38.160 0.2857142985
109511  20.789  -7.103  -38.849 0.2857142985
109522  24.980  -7.390  -39.623 0.5714285970
109527  21.089  -6.755  -39.149 0.2857142985
109542  23.218  -7.123  -40.045 0.5714285970
109543  22.595  -7.027  -39.840 0.5714285970
111003  27.176  -6.384  -38.517 0.2857142985
111023  25.480  -6.832  -39.684 0.5714285970
111025  20.897  -6.179  -39.304 0.4285714328
111026  20.336  -6.156  -39.046 0.1428571492
111035  26.245  -6.088  -39.777 0.2857142985
111041  21.383  -6.031  -39.596 0.4285714328
111049  24.296  -6.287  -40.672 0.5714285970
111050  23.896  -6.579  -40.619 0.5714285970
111051  23.198  -6.119  -40.724 0.4285714328
111052  22.754  -6.309  -40.415 0.5714285970
112464  27.454  -5.873  -38.738 0.2857142985
112481  27.207  -5.613  -39.225 0.1428571492
112496  26.507  -5.634  -39.987 0.2857142985
112511  25.036  -5.859  -40.862 0.5714285970
112513  23.784  -5.953  -40.863 0.5714285970
112521  25.756  -5.357  -41.418 0.5714285970
112522  25.276  -5.526  -41.400 0.5714285970
112524  24.104  -5.586  -41.277 0.4285714328
112525  23.286  -5.230  -41.369 0.4285714328
113916  28.550  -4.703  -39.129 0.1428571492
113918  27.516  -5.198  -39.514 0.2857142985
113931  27.271  -4.963  -39.973 0.2857142985
113932  26.775  -5.191  -40.223 0.2857142985
113945  26.626  -5.056  -40.830 0.2857142985
113949  21.118  -4.681  -40.452 0.2857142985
113959  25.992  -4.938  -41.603 0.5714285970
113961  24.933  -5.277  -41.769 0.5714285970
113964  22.479  -4.734  -41.191 0.2857142985
113972  24.619  -4.924  -41.885 0.5714285970
115332  29.052  -4.549  -38.921 0.1428571492
115368  28.058  -4.229  -40.012 0.2857142985
115382  26.903  -4.600  -41.060 0.4285714328
115384  20.938  -4.179  -40.820 0.1428571492
115396  27.202  -4.172  -41.317 0.2857142985
115397  26.701  -4.380  -41.608 0.2857142985
115398  26.221  -4.530  -41.849 0.7142857313
115400  22.199  -4.256  -41.354 0.2857142985
115410  26.036  -4.244  -42.341 0.7142857313
115411  25.159  -4.119  -42.230 0.7142857313
115413  23.827  -4.239  -42.017 0.5714285970
115415  22.528  -3.885  -41.689 0.4285714328
115421  25.631  -4.049  -42.455 0.4285714328
115423  24.787  -3.769  -42.279 0.5714285970
116756  28.242  -3.705  -40.223 0.1428571492
116768  28.426  -3.303  -40.453 0.1428571492
116782  27.745  -3.254  -41.738 0.1428571492
116783  27.467  -3.717  -41.533 0.5714285970
116797  26.390  -3.998  -42.590 0.5714285970
116798  24.223  -3.739  -42.272 0.4285714328
116809  26.509  -3.578  -42.708 0.5714285970
118277  28.674  -2.719  -41.151 0.1428571492
118278  28.185  -2.952  -41.436 0.1428571492
118292  28.023  -2.793  -41.958 0.4285714328
118295  23.010  -2.865  -42.177 0.2857142985
118307  27.818  -2.589  -42.456 0.4285714328
118309  26.724  -2.939  -42.752 0.5714285970
118312  24.700  -2.808  -42.910 0.5714285970
118314  23.311  -2.579  -42.438 0.2857142985
118323  27.002  -2.359  -42.917 0.5714285970
119736  21.704  -2.460  -42.087 0.1428571492
119746  28.095  -2.176  -42.849 0.8571428657
119747  27.622  -2.318  -42.960 0.7142857313
119748  24.213  -2.782  -42.717 0.4285714328
119763  26.764  -2.023  -43.315 0.5714285970
121029  28.655  -1.594  -42.937 0.1428571492
121030  28.307  -1.879  -43.355 0.7142857313
121031  23.509  -1.599  -42.796 0.2857142985
121045  28.452  -1.547  -43.711 0.7142857313
121048  26.645  -1.692  -43.694 0.5714285970
121053  23.239  -1.128  -43.113 0.2857142985
121066  28.206  -1.508  -44.354 0.7142857313
122311  28.032  -1.224  -44.621 0.5714285970
122312  27.788  -1.251  -44.572 0.5714285970
122314  25.204  -0.482  -43.759 0.7142857313
123527  29.090  0.049  -45.049 0.8571428657
123529  28.137  -0.711  -44.903 0.8571428657
123530  27.609  -0.702  -44.686 0.5714285970
123532  26.129  -0.052  -44.065 0.7142857313
123535  24.001  0.154  -43.958 0.1428571492
123546  28.941  0.242  -45.589 0.8571428657
123547  28.651  -0.052  -45.415 0.8571428657
123550  27.392  -0.001  -44.724 0.7142857313
124710  29.404  0.462  -44.452 0.1428571492
124711  26.852  0.398  -44.452 0.5714285970
124713  25.721  0.504  -44.072 0.7142857313
124715  24.144  0.738  -44.200 0.2857142985
124727  27.106  0.731  -44.800 0.5714285970
124729  23.766  1.149  -44.639 0.1428571492
124738  29.104  0.669  -45.822 0.7142857313
124740  27.950  0.834  -45.711 0.5714285970
125940  25.308  1.100  -44.207 0.7142857313
125953  25.161  1.700  -44.567 0.7142857313
125955  23.740  1.627  -45.058 0.1428571492
125965  29.270  1.092  -46.150 0.8571428657
125966  28.998  0.921  -46.377 0.7142857313
125968  27.855  1.479  -45.590 0.5714285970
125982  28.721  1.265  -46.584 0.8571428657
127124  29.972  2.144  -44.978 0.1428571492
127129  24.889  2.268  -44.865 0.4285714328
127142  29.886  2.052  -45.855 0.1428571492
127143  29.486  1.499  -46.480 0.8571428657
127144  28.235  1.683  -46.055 0.5714285970
127146  24.019  2.396  -45.518 0.1428571492
127160  29.241  1.426  -47.052 0.8571428657
128426  28.135  2.395  -45.897 0.5714285970
128429  24.163  2.815  -45.644 0.1428571492
128430  23.724  2.741  -45.844 0.1428571492
129762  25.087  3.233  -45.252 0.4285714328
129794  23.623  3.170  -46.141 0.1428571492
129807  29.404  2.944  -47.976 0.7142857313
131148  25.494  4.307  -45.563 0.5714285970
131149  24.983  3.883  -45.533 0.2857142985
131182  28.929  3.572  -47.505 0.7142857313
131195  30.024  3.445  -47.948 0.1428571492
131200  29.819  3.390  -48.657 0.4285714328
131212  29.627  2.683  -49.534 0.1428571492
132426  26.388  4.696  -45.622 0.7142857313
132427  25.886  4.634  -45.633 0.7142857313
132428  25.454  4.777  -45.872 0.7142857313
132460  28.800  4.374  -47.349 0.8571428657
133796  27.903  5.459  -46.373 0.7142857313
133800  25.225  5.761  -46.485 0.5714285970
133801  24.681  5.683  -46.730 0.2857142985
133813  28.866  5.061  -47.310 0.8571428657
133815  24.276  5.732  -46.956 0.2857142985
133845  29.326  5.372  -48.169 0.8571428657
135259  27.684  6.771  -46.445 0.7142857313
135260  27.234  6.389  -46.297 0.8571428657
135261  26.734  6.105  -46.258 0.8571428657
135272  29.005  6.544  -47.235 0.8571428657
135275  24.028  6.056  -47.210 0.1428571492
135276  23.610  5.821  -47.496 0.1428571492
135288  29.159  6.274  -47.638 0.8571428657
135300  29.346  6.221  -48.160 0.8571428657
135325  29.511  6.107  -51.158 0.1428571492
136576  27.725  7.231  -46.642 0.7142857313
136577  27.257  7.191  -46.630 0.8571428657
136579  26.232  6.994  -46.419 0.7142857313
136580  25.721  6.710  -46.453 0.2857142985
136594  25.268  7.043  -46.624 0.1428571492
136595  24.762  6.793  -46.885 0.1428571492
136596  24.229  6.628  -47.216 0.1428571492
136606  24.007  7.080  -47.640 0.1428571492
136617  29.346  6.857  -48.170 0.8571428657
136628  29.529  6.725  -49.107 0.8571428657
136635  29.559  6.446  -49.768 0.1428571492
137779  26.937  7.584  -46.698 0.8571428657
137799  28.935  7.221  -47.323 0.8571428657
137801  28.005  7.553  -46.747 0.8571428657
137803  25.339  7.654  -46.851 0.7142857313
137819  28.597  7.818  -47.310 0.8571428657
137821  23.826  7.607  -47.944 0.1428571492
137833  29.170  7.798  -48.243 0.8571428657
137847  29.408  7.455  -49.178 0.8571428657
137858  29.411  7.450  -50.406 0.4285714328
137865  29.153  7.803  -51.288 0.2857142985
138867  27.781  8.039  -46.714 0.8571428657
138869  26.672  8.075  -46.728 0.8571428657
138887  28.425  8.270  -47.256 0.8571428657
138888  27.563  8.544  -46.799 0.8571428657
138889  26.383  8.513  -46.920 0.8571428657
138890  25.967  8.436  -47.119 0.8571428657
138891  25.590  8.645  -47.371 0.2857142985
138904  29.049  8.322  -48.011 0.8571428657
138908  23.632  8.190  -48.061 0.1428571492
138924  29.230  8.263  -48.417 0.8571428657
138943  29.358  8.472  -48.810 0.8571428657
138962  29.382  8.270  -49.783 0.8571428657
140062  27.316  9.073  -46.851 0.8571428657
140087  25.250  9.160  -47.467 0.4285714328
140090  23.669  9.449  -48.044 0.2857142985
140122  29.466  8.677  -49.326 0.8571428657
140134  29.408  8.838  -49.840 0.5714285970
140135  29.193  9.360  -49.928 0.5714285970
141306  27.668  10.039  -46.898 0.8571428657
141309  25.894  9.631  -47.084 0.8571428657
141326  28.575  9.995  -47.576 0.8571428657
141328  24.983  9.587  -47.539 0.7142857313
141330  23.994  9.842  -47.888 0.2857142985
141331  23.462  9.909  -48.078 0.2857142985
141345  29.092  9.811  -48.449 0.8571428657
141348  22.478  9.807  -48.661 0.1428571492
141368  21.501  9.570  -49.204 0.1428571492
141369  20.975  9.629  -49.247 0.1428571492
141403  28.668  9.624  -51.086 0.1428571492
142492  27.467  10.593  -46.840 0.8571428657
142494  26.386  10.522  -46.919 0.5714285970
142495  25.758  10.672  -47.114 0.7142857313
142509  28.438  10.517  -47.499 0.8571428657
142510  27.999  10.530  -47.142 0.8571428657
142514  23.170  10.389  -48.116 0.4285714328
142522  28.953  10.353  -48.307 0.8571428657
142525  22.099  10.282  -48.864 0.1428571492
142572  28.748  10.347  -51.010 0.1428571492
143702  27.273  11.116  -46.843 0.8571428657
143703  26.694  11.078  -46.795 0.7142857313
143704  26.130  11.116  -46.991 0.7142857313
143705  25.560  11.242  -47.209 0.7142857313
143722  28.556  11.043  -47.748 0.8571428657
143725  23.748  11.164  -47.744 0.5714285970
143737  28.765  11.296  -48.202 0.8571428657
143738  22.709  11.365  -48.441 0.1428571492
143751  21.627  11.310  -49.234 0.1428571492
143752  20.992  11.141  -49.549 0.1428571492
143753  20.274  11.234  -49.570 0.2857142985
143762  28.882  11.201  -49.682 0.2857142985
143800  28.544  10.862  -51.508 0.1428571492
144986  27.654  11.619  -47.142 0.8571428657
144987  27.283  12.116  -46.957 0.8571428657
144990  25.298  11.879  -47.254 0.7142857313
145004  24.141  11.892  -47.628 0.7142857313
145015  28.890  11.465  -48.723 0.8571428657
145017  22.536  11.854  -48.728 0.2857142985
145018  21.897  11.841  -49.047 0.4285714328
145028  28.878  11.999  -48.886 0.5714285970
145052  28.721  11.971  -50.365 0.1428571492
145069  28.507  12.072  -50.901 0.1428571492
146216  27.009  12.655  -46.964 0.8571428657
146218  25.805  12.785  -47.140 0.5714285970
146237  28.058  12.555  -47.467 0.8571428657
146238  24.857  12.769  -47.512 0.7142857313
146240  23.400  12.343  -48.266 0.5714285970
146254  23.185  12.882  -48.381 0.5714285970
146269  28.940  12.264  -49.399 0.5714285970
146270  28.835  12.470  -48.976 0.5714285970
146283  28.824  12.486  -49.943 0.4285714328
147381  26.830  13.167  -47.087 0.8571428657
147383  25.755  13.261  -47.300 0.8571428657
147397  27.802  13.158  -47.396 0.8571428657
147400  24.836  13.392  -47.722 0.8571428657
147402  23.728  13.075  -48.123 0.7142857313
147418  28.370  13.458  -48.264 0.5714285970
147422  22.213  13.353  -48.836 0.5714285970
147435  28.813  12.786  -49.242 0.4285714328
147438  20.527  13.312  -49.537 0.2857142985
147454  28.760  13.338  -49.165 0.4285714328
148589  26.667  13.697  -47.200 0.8571428657
148600  26.396  14.251  -47.311 0.8571428657
148603  24.512  13.959  -47.889 0.7142857313
148616  28.047  14.143  -48.097 0.8571428657
148644  28.793  13.699  -49.708 0.4285714328
149729  26.059  14.710  -47.509 0.7142857313
149742  28.232  14.667  -48.480 0.5714285970
149743  27.580  15.037  -48.146 0.7142857313
149744  24.271  14.394  -48.022 0.8571428657
149746  23.327  14.720  -48.565 0.7142857313
149754  28.514  15.031  -49.306 0.2857142985
150885  26.805  15.147  -47.804 0.7142857313
150888  25.066  15.068  -47.878 0.5714285970
150910  28.233  15.510  -49.198 0.1428571492
150911  27.935  15.554  -48.782 0.4285714328
152042  27.367  16.398  -48.755 0.1428571492
152043  27.061  16.018  -48.353 0.2857142985
152044  26.340  15.999  -48.168 0.4285714328
152046  23.894  15.965  -48.727 0.5714285970
152061  28.129  16.323  -49.536 0.1428571492
153266  27.260  16.855  -48.975 0.1428571492
153267  26.605  16.983  -48.877 0.1428571492
153268  26.015  16.847  -48.638 0.5714285970
153271  23.660  16.820  -49.246 0.2857142985
154460  26.412  17.579  -49.128 0.1428571492
154464  23.601  17.407  -49.554 0.2857142985
155701  26.163  18.069  -49.385 0.1428571492
158260  25.300  19.688  -53.669 0.1428571492
225718  27.330  -6.617  -38.084 0.2857142985
226420  27.845  6.115  -46.345 0.8571428657
226618  24.645  1.832  -44.769 0.4285714328
227160  25.150  -6.563  -40.217 0.5714285970
228294  25.402  5.223  -46.224 0.5714285970
228679  27.761  9.521  -46.906 0.8571428657
229665  22.841  -6.778  -40.238 0.4285714328
230287  25.708  8.137  -47.126 0.7142857313
230420  28.708  9.425  -47.662 0.8571428657
230607  25.870  -0.553  -43.906 0.7142857313
230681  26.061  12.329  -46.906 0.8571428657
230770  20.794  -4.878  -40.126 0.1428571492
231376  28.720  14.421  -49.471 0.2857142985
231607  23.519  14.175  -48.454 0.7142857313
232196  22.945  -4.872  -41.387 0.4285714328
232204  29.309  9.237  -49.399 0.5714285970
232306  29.197  9.337  -48.514 0.8571428657
232869  26.811  18.950  -51.552 0.1428571492
233285  25.673  12.262  -47.035 0.5714285970
233292  28.925  5.838  -47.357 0.8571428657
233433  24.187  10.801  -47.671 0.7142857313
234072  26.062  2.522  -44.744 0.7142857313
235128  21.255  14.188  -49.289 0.5714285970
235504  29.655  2.663  -49.131 0.1428571492
235844  28.499  12.842  -48.220 0.8571428657
236524  29.351  4.644  -48.610 0.7142857313
237168  29.357  4.606  -49.547 0.2857142985
237181  21.615  -8.029  -38.734 0.4285714328
237665  22.240  -12.609  -34.255 0.1428571492
237678  28.736  11.867  -48.318 0.8571428657
237962  22.056  -2.803  -41.904 0.2857142985
238518  28.301  -6.698  -37.319 0.1428571492
240532  26.253  5.421  -46.064 0.7142857313
240742  27.800  12.179  -47.190 0.8571428657
241262  23.807  -5.252  -41.587 0.4285714328
241561  28.892  10.784  -50.006 0.2857142985
241694  21.232  -11.054  -36.229 0.5714285970
245072  21.293  13.687  -49.235 0.5714285970
245129  21.951  -11.639  -35.858 0.2857142985
245465  19.188  12.501  -49.268 0.1428571492
245610  24.982  -0.005  -43.896 0.7142857313
246435  20.708  15.123  -49.593 0.4285714328
246538  20.253  12.955  -49.552 0.4285714328
248131  24.135  8.151  -47.792 0.1428571492
248475  27.117  6.846  -46.427 0.8571428657
248493  29.066  10.260  -50.053 0.7142857313
248939  27.015  4.789  -45.815 0.7142857313
249139  21.881  10.861  -48.991 0.1428571492
249874  23.693  13.642  -48.410 0.5714285970
250168  23.301  10.849  -47.887 0.4285714328
250598  26.113  9.317  -47.005 0.7142857313
251175  22.865  10.866  -48.163 0.2857142985
251179  20.730  10.149  -49.428 0.1428571492
251537  25.149  -3.073  -42.959 0.5714285970
252033  28.243  10.923  -47.400 0.8571428657
252582  21.671  10.002  -49.094 0.1428571492
253367  21.324  12.956  -49.060 0.4285714328
253517  29.600  2.796  -50.069 0.1428571492
253620  29.099  9.757  -50.102 0.5714285970
254377  28.815  10.810  -48.115 0.8571428657
254488  27.160  14.854  -47.794 0.7142857313
254752  25.776  15.920  -48.131 0.5714285970
255769  19.718  13.772  -49.552 0.4285714328
256649  28.759  0.933  -46.312 0.8571428657
257401  28.502  8.848  -47.322 0.8571428657
259050  23.496  8.859  -48.124 0.1428571492
259593  19.965  15.381  -49.710 0.2857142985
259741  25.952  18.468  -49.664 0.2857142985
263255  21.446  12.404  -49.154 0.4285714328
265097  25.430  10.284  -47.231 0.5714285970
265165  18.854  -12.663  -33.724 0.1428571492
265816  19.946  -7.798  -37.765 0.1428571492
266026  29.023  9.430  -50.335 0.1428571492
266311  23.938  11.547  -47.644 0.7142857313
266729  28.771  1.938  -47.315 0.8571428657
267195  25.983  -6.472  -39.585 0.5714285970
267296  24.914  12.282  -47.378 0.7142857313
267370  27.911  14.723  -48.201 0.5714285970
267388  23.959  8.615  -47.904 0.1428571492
268314  20.219  19.703  -49.051 0.1428571492
268334  23.246  -9.133  -38.635 0.4285714328
269117  27.524  1.212  -45.389 0.5714285970
269893  28.953  10.694  -49.059 0.7142857313
269969  27.988  9.794  -47.028 0.8571428657
270104  21.624  -11.152  -36.247 0.5714285970
270621  27.993  -7.034  -37.262 0.1428571492
270953  27.746  13.585  -47.474 0.7142857313
