#!ascii label  , from subject 198451 vox2ras=TkReg
2125
90988  -38.199  1.276  33.630 0.0000000000
105406  -51.543  12.882  9.209 0.0000000000
95278  -39.832  4.176  22.334 0.0000000000
69508  -3.425  -15.631  34.884 0.0000000000
76120  -21.671  -8.853  36.551 0.0000000000
82838  -5.072  -5.082  30.199 0.0000000000
85594  -4.634  -4.518  35.638 0.0000000000
97824  -47.348  6.211  17.576 0.0000000000
78992  -5.449  -7.712  22.418 0.0000000000
73330  -3.388  -12.962  43.137 0.0000000000
91078  -35.652  0.261  28.816 0.0000000000
85642  -33.100  -1.605  33.561 0.0000000000
84223  -30.127  -2.384  37.515 0.0000000000
111254  -54.446  17.605  5.383 0.0000000000
89816  -42.330  2.217  19.082 0.0000000000
76157  -15.475  -9.726  34.137 0.0000000000
91172  -3.992  0.289  21.470 0.0000000000
76169  -5.815  -10.726  33.432 0.0000000000
73500  -6.626  -12.487  28.603 0.0000000000
66974  -3.978  -17.252  31.180 0.0000000000
80036  -9.073  -6.966  43.401 0.0000000000
84084  -5.943  -6.453  43.967 0.0000000000
98841  -39.643  7.385  25.600 0.0000000000
82747  -27.744  -3.720  41.272 0.0000000000
78832  -24.663  -6.913  33.824 0.0000000000
82807  -4.524  -5.207  33.475 0.0000000000
77498  -4.543  -9.876  36.748 0.0000000000
103017  -49.119  9.739  12.769 0.0000000000
77397  -11.581  -7.436  41.907 0.0000000000
76061  -13.321  -8.802  38.127 0.0000000000
81539  -5.607  -5.958  25.176 0.0000000000
72212  -5.189  -12.943  24.743 0.0000000000
86925  -7.316  -5.198  38.570 0.0000000000
80079  -3.690  -8.747  40.630 0.0000000000
72021  -3.216  -13.801  39.449 0.0000000000
92401  -38.945  2.473  32.845 0.0000000000
87011  -37.719  -0.932  32.282 0.0000000000
91036  -38.045  0.988  31.568 0.0000000000
85607  -35.760  -1.502  34.045 0.0000000000
84339  -34.800  -2.691  31.289 0.0000000000
86948  -34.491  -0.956  36.140 0.0000000000
109011  -53.190  15.628  7.678 0.0000000000
103064  -47.625  10.077  8.822 0.0000000000
107837  -49.535  14.112  7.938 0.0000000000
110161  -50.246  15.969  5.409 0.0000000000
93940  -40.673  3.215  19.654 0.0000000000
95276  -36.234  4.123  22.211 0.0000000000
93921  -36.999  3.563  19.748 0.0000000000
92613  -37.748  2.237  17.424 0.0000000000
72089  -4.434  -13.708  33.877 0.0000000000
70798  -4.901  -14.471  31.885 0.0000000000
68311  -3.449  -16.148  32.921 0.0000000000
65645  -5.103  -18.301  32.677 0.0000000000
65614  -4.875  -18.037  34.314 0.0000000000
77393  -7.413  -8.969  42.125 0.0000000000
77374  -6.744  -8.927  43.572 0.0000000000
101447  -38.685  8.634  27.978 0.0000000000
96486  -37.525  4.775  30.343 0.0000000000
93802  -34.549  2.369  28.527 0.0000000000
97684  -35.921  5.802  28.651 0.0000000000
97705  -36.265  6.488  26.342 0.0000000000
90925  -30.719  0.140  40.874 0.0000000000
84270  -27.694  -2.603  34.787 0.0000000000
82783  -26.722  -3.887  37.048 0.0000000000
114571  -52.778  19.504  2.783 0.0000000000
119070  -50.763  23.336  3.661 0.0000000000
84259  -4.709  -4.799  34.589 0.0000000000
80126  -4.948  -7.178  35.190 0.0000000000
81435  -4.586  -6.914  36.274 0.0000000000
101670  -47.864  8.652  15.686 0.0000000000
93980  -42.786  3.885  16.802 0.0000000000
97852  -45.206  6.163  15.087 0.0000000000
97870  -46.184  6.273  12.686 0.0000000000
80046  -13.470  -6.868  42.554 0.0000000000
77382  -13.956  -7.931  41.879 0.0000000000
88363  -3.367  -1.763  28.020 0.0000000000
88386  -3.661  -1.845  26.017 0.0000000000
82888  -5.607  -5.162  27.663 0.0000000000
69576  -5.688  -15.124  28.083 0.0000000000
73524  -6.294  -12.698  26.858 0.0000000000
69588  -5.736  -15.582  26.498 0.0000000000
85526  -9.339  -4.978  40.322 0.0000000000
77373  -4.050  -10.066  43.625 0.0000000000
82750  -4.126  -7.314  42.038 0.0000000000
77410  -3.231  -10.559  42.300 0.0000000000
77438  -3.583  -10.656  40.787 0.0000000000
73346  -3.159  -13.007  42.379 0.0000000000
93770  -37.645  2.670  30.769 0.0000000000
89552  -32.161  -0.289  39.383 0.0000000000
89558  -33.505  -0.255  38.143 0.0000000000
85602  -31.054  -1.652  35.322 0.0000000000
115677  -54.283  20.394  4.152 0.0000000000
109044  -52.496  15.837  3.117 0.0000000000
92617  -45.429  3.691  18.677 0.0000000000
89878  -38.248  1.069  16.031 0.0000000000
76178  -19.964  -9.202  33.403 0.0000000000
74779  -18.559  -9.211  34.585 0.0000000000
85846  -4.319  -3.277  21.604 0.0000000000
78843  -6.426  -8.224  32.501 0.0000000000
78883  -7.264  -8.618  30.273 0.0000000000
74814  -6.349  -11.722  31.739 0.0000000000
70835  -5.489  -14.732  29.754 0.0000000000
66993  -4.300  -17.211  29.452 0.0000000000
84104  -11.755  -4.249  43.891 0.0000000000
85481  -9.125  -5.059  42.639 0.0000000000
82695  -7.991  -6.420  43.866 0.0000000000
77368  -5.711  -9.173  44.208 0.0000000000
96561  -39.930  5.481  24.083 0.0000000000
96557  -36.201  5.300  23.946 0.0000000000
80083  -25.103  -6.390  38.973 0.0000000000
82758  -28.841  -3.082  39.497 0.0000000000
80103  -25.660  -5.905  37.811 0.0000000000
76146  -22.839  -7.585  35.262 0.0000000000
87028  -3.162  -2.161  30.236 0.0000000000
88312  -3.772  -1.663  31.468 0.0000000000
82825  -4.932  -5.205  31.826 0.0000000000
80144  -5.633  -7.913  33.801 0.0000000000
76131  -4.904  -10.668  35.660 0.0000000000
73422  -4.108  -12.906  35.978 0.0000000000
101716  -49.893  10.070  10.217 0.0000000000
97897  -47.166  7.295  9.962 0.0000000000
82711  -12.163  -5.704  43.176 0.0000000000
78708  -10.832  -7.484  42.712 0.0000000000
77425  -8.091  -8.766  40.748 0.0000000000
74738  -17.301  -9.460  36.707 0.0000000000
74691  -16.573  -9.394  38.531 0.0000000000
75988  -15.339  -8.627  40.661 0.0000000000
77429  -12.670  -8.177  40.272 0.0000000000
77453  -9.658  -8.540  39.227 0.0000000000
92524  -4.542  1.146  23.228 0.0000000000
85811  -4.016  -2.961  23.914 0.0000000000
80271  -5.290  -7.345  23.660 0.0000000000
77614  -6.776  -9.583  27.544 0.0000000000
77643  -5.885  -9.513  25.343 0.0000000000
74906  -4.492  -10.835  23.644 0.0000000000
86941  -5.955  -4.382  37.193 0.0000000000
86894  -6.803  -5.201  41.640 0.0000000000
85536  -5.032  -5.661  39.448 0.0000000000
82771  -4.495  -6.483  38.038 0.0000000000
78758  -4.066  -9.238  38.325 0.0000000000
74713  -3.704  -11.888  38.479 0.0000000000
70680  -3.475  -14.951  37.542 0.0000000000
69397  -3.130  -15.692  42.902 0.0000000000
68207  -3.235  -16.454  41.055 0.0000000000
66897  -3.284  -17.696  36.705 0.0000000000
92391  -38.809  2.551  33.182 0.0000000000
93711  -37.911  3.229  33.906 0.0000000000
88295  -38.319  -0.101  32.973 0.0000000000
91003  -38.745  1.196  32.725 0.0000000000
88275  -37.157  -0.291  33.704 0.0000000000
86994  -37.237  -1.141  33.022 0.0000000000
92378  -37.317  2.112  33.855 0.0000000000
90978  -36.658  0.638  34.258 0.0000000000
107840  -52.163  14.344  8.474 0.0000000000
104256  -48.937  11.101  8.681 0.0000000000
104272  -48.314  11.255  8.460 0.0000000000
106584  -50.479  13.391  8.531 0.0000000000
108997  -51.228  15.074  7.712 0.0000000000
93905  -40.633  3.694  20.902 0.0000000000
93907  -42.241  3.203  21.266 0.0000000000
95280  -41.313  4.030  22.147 0.0000000000
93901  -35.988  3.587  20.634 0.0000000000
93903  -38.521  3.869  20.721 0.0000000000
93923  -39.243  3.534  20.035 0.0000000000
70762  -3.982  -14.746  34.011 0.0000000000
70777  -4.072  -14.996  33.292 0.0000000000
68295  -3.311  -16.474  33.973 0.0000000000
66949  -3.395  -17.494  33.706 0.0000000000
66948  -3.268  -17.090  34.456 0.0000000000
75985  -6.993  -9.686  41.593 0.0000000000
75976  -6.823  -9.627  42.310 0.0000000000
97676  -37.829  5.928  30.312 0.0000000000
97686  -36.925  5.289  29.807 0.0000000000
98798  -37.501  6.726  29.522 0.0000000000
98812  -37.658  7.483  28.721 0.0000000000
117987  -52.964  22.293  4.165 0.0000000000
116824  -51.992  21.444  3.330 0.0000000000
122197  -51.189  26.050  4.920 0.0000000000
85610  -4.369  -4.342  34.815 0.0000000000
82785  -4.694  -5.714  35.465 0.0000000000
84227  -4.658  -5.295  36.131 0.0000000000
98977  -47.907  7.298  16.720 0.0000000000
101655  -49.249  9.352  17.326 0.0000000000
95316  -44.805  4.598  17.390 0.0000000000
95332  -43.705  4.607  16.641 0.0000000000
97828  -46.342  6.343  16.355 0.0000000000
98984  -46.693  6.956  15.254 0.0000000000
78697  -14.758  -7.705  42.026 0.0000000000
77383  -14.999  -8.093  41.723 0.0000000000
76071  -22.820  -8.371  38.067 0.0000000000
76095  -21.572  -8.821  37.546 0.0000000000
81639  -5.501  -6.096  21.159 0.0000000000
84364  -3.984  -4.216  29.203 0.0000000000
84385  -4.525  -4.118  28.105 0.0000000000
82868  -5.463  -5.355  28.586 0.0000000000
69579  -5.554  -15.990  27.586 0.0000000000
69580  -5.742  -15.141  27.236 0.0000000000
69587  -5.633  -16.226  26.994 0.0000000000
85543  -10.246  -5.262  39.347 0.0000000000
85510  -10.089  -5.051  41.271 0.0000000000
75968  -3.619  -11.243  43.161 0.0000000000
77377  -3.442  -10.488  42.936 0.0000000000
75972  -3.382  -11.366  42.892 0.0000000000
75984  -3.129  -11.383  42.092 0.0000000000
73341  -3.253  -12.897  42.798 0.0000000000
93759  -38.711  2.831  31.596 0.0000000000
92433  -37.867  1.621  31.137 0.0000000000
95132  -38.574  3.955  31.450 0.0000000000
96487  -38.262  4.889  31.066 0.0000000000
85605  -34.134  -1.623  34.791 0.0000000000
85590  -33.471  -1.526  35.773 0.0000000000
85620  -32.197  -1.404  34.531 0.0000000000
85618  -30.196  -1.694  34.852 0.0000000000
113473  -54.705  18.877  4.486 0.0000000000
111257  -52.767  16.759  5.085 0.0000000000
109027  -51.398  15.841  4.256 0.0000000000
111265  -53.595  16.922  4.003 0.0000000000
112390  -53.822  17.990  3.246 0.0000000000
89831  -42.957  2.115  18.367 0.0000000000
92606  -46.197  3.415  19.405 0.0000000000
91190  -44.778  2.515  19.948 0.0000000000
91230  -39.407  2.064  17.476 0.0000000000
91252  -37.630  1.568  16.703 0.0000000000
89846  -40.367  1.941  17.651 0.0000000000
89863  -41.838  1.954  17.326 0.0000000000
89804  -4.020  -0.602  20.996 0.0000000000
87154  -4.335  -2.370  21.137 0.0000000000
88451  -4.262  -1.427  21.546 0.0000000000
77546  -6.174  -9.647  32.858 0.0000000000
77558  -6.397  -9.801  32.290 0.0000000000
74797  -5.891  -11.752  32.643 0.0000000000
69564  -4.193  -15.742  31.298 0.0000000000
70818  -5.048  -14.665  30.863 0.0000000000
69569  -4.365  -16.030  30.346 0.0000000000
69574  -4.681  -16.221  29.645 0.0000000000
66982  -4.183  -17.340  30.233 0.0000000000
65664  -4.741  -18.095  31.221 0.0000000000
82698  -11.040  -5.608  43.650 0.0000000000
84090  -10.977  -5.089  43.430 0.0000000000
81370  -8.348  -6.673  43.736 0.0000000000
74655  -5.729  -10.888  43.491 0.0000000000
77369  -6.065  -8.919  44.043 0.0000000000
74650  -5.342  -11.027  43.740 0.0000000000
75964  -4.931  -10.322  44.102 0.0000000000
97728  -39.285  6.536  24.910 0.0000000000
97706  -37.531  6.801  25.755 0.0000000000
97725  -36.136  6.051  25.265 0.0000000000
97726  -37.160  6.402  25.111 0.0000000000
96559  -37.827  5.560  23.707 0.0000000000
82742  -27.334  -3.837  41.854 0.0000000000
80078  -25.689  -5.835  41.021 0.0000000000
81419  -26.632  -4.867  40.612 0.0000000000
84175  -31.220  -2.371  38.968 0.0000000000
84159  -30.820  -2.442  39.554 0.0000000000
82770  -29.309  -2.497  38.392 0.0000000000
80146  -25.502  -5.574  34.766 0.0000000000
81436  -26.130  -4.766  36.372 0.0000000000
78801  -25.229  -6.222  35.968 0.0000000000
78799  -24.511  -7.049  36.249 0.0000000000
77522  -23.882  -7.616  34.538 0.0000000000
76181  -22.106  -8.652  33.562 0.0000000000
85652  -4.197  -3.830  33.251 0.0000000000
85653  -4.061  -3.582  32.391 0.0000000000
85673  -3.932  -3.517  31.511 0.0000000000
82817  -4.631  -5.190  32.654 0.0000000000
80166  -5.324  -6.445  33.010 0.0000000000
81457  -5.144  -6.122  33.469 0.0000000000
78783  -4.857  -8.904  36.549 0.0000000000
78784  -5.050  -8.810  35.764 0.0000000000
76108  -4.751  -10.483  36.316 0.0000000000
74755  -4.636  -11.560  35.455 0.0000000000
76107  -4.373  -10.920  36.697 0.0000000000
101708  -49.450  9.644  11.179 0.0000000000
104219  -50.978  11.036  11.181 0.0000000000
104212  -50.741  11.072  12.877 0.0000000000
100345  -47.436  8.081  12.500 0.0000000000
97878  -46.788  6.809  11.590 0.0000000000
100352  -48.283  8.378  11.082 0.0000000000
100362  -48.423  8.540  10.115 0.0000000000
82723  -13.453  -6.330  42.339 0.0000000000
78710  -12.931  -7.474  42.174 0.0000000000
78694  -12.159  -7.154  42.787 0.0000000000
78727  -11.257  -7.431  42.394 0.0000000000
77395  -9.331  -7.959  42.053 0.0000000000
77413  -9.768  -7.806  41.406 0.0000000000
76141  -17.055  -9.456  34.657 0.0000000000
74762  -17.429  -9.534  35.614 0.0000000000
76140  -16.408  -9.587  34.968 0.0000000000
76089  -14.438  -9.109  37.112 0.0000000000
76090  -15.263  -9.314  37.002 0.0000000000
76043  -15.054  -9.029  38.836 0.0000000000
76025  -15.573  -8.778  39.487 0.0000000000
76024  -14.721  -8.904  39.613 0.0000000000
75986  -13.979  -8.287  40.411 0.0000000000
76041  -13.085  -8.771  38.882 0.0000000000
77484  -10.021  -8.749  37.983 0.0000000000
93835  -4.795  1.948  24.533 0.0000000000
84431  -4.514  -4.259  25.759 0.0000000000
87102  -3.838  -2.390  25.088 0.0000000000
84445  -4.601  -4.202  24.729 0.0000000000
82956  -4.782  -4.663  23.489 0.0000000000
81560  -5.509  -6.438  24.695 0.0000000000
76259  -6.899  -10.303  29.296 0.0000000000
78912  -7.272  -8.614  28.166 0.0000000000
76281  -6.710  -10.520  28.378 0.0000000000
73538  -5.732  -12.857  26.155 0.0000000000
74868  -5.676  -11.241  26.397 0.0000000000
74895  -4.830  -11.293  25.117 0.0000000000
76350  -4.801  -10.372  24.583 0.0000000000
73565  -4.856  -12.183  24.107 0.0000000000
73576  -5.222  -11.949  23.443 0.0000000000
86932  -6.470  -4.853  37.976 0.0000000000
85465  -7.749  -5.192  43.162 0.0000000000
86896  -7.884  -5.188  41.929 0.0000000000
85477  -6.563  -5.594  42.848 0.0000000000
82754  -3.988  -7.501  41.552 0.0000000000
84160  -4.838  -6.286  40.693 0.0000000000
82759  -4.392  -6.734  40.199 0.0000000000
84193  -4.749  -5.820  38.562 0.0000000000
82764  -4.450  -6.653  39.228 0.0000000000
81425  -4.245  -7.564  38.943 0.0000000000
80082  -3.823  -8.747  39.826 0.0000000000
74687  -3.291  -12.130  40.084 0.0000000000
76056  -3.662  -11.119  39.160 0.0000000000
73381  -3.230  -12.878  39.335 0.0000000000
72041  -3.512  -13.570  37.898 0.0000000000
70662  -3.381  -14.787  38.587 0.0000000000
66772  -3.149  -17.468  42.765 0.0000000000
69405  -3.109  -15.705  42.458 0.0000000000
95116  -39.173  3.998  32.385 0.0000000000
85687  -36.852  -2.063  31.352 0.0000000000
87056  -37.137  -1.562  30.532 0.0000000000
89638  -38.174  0.100  31.819 0.0000000000
92412  -38.822  1.986  32.182 0.0000000000
85643  -33.881  -1.749  33.445 0.0000000000
84296  -35.156  -2.059  32.518 0.0000000000
84321  -36.123  -2.145  31.997 0.0000000000
85592  -35.186  -1.292  34.836 0.0000000000
111245  -53.489  16.471  6.731 0.0000000000
105415  -47.451  11.929  7.892 0.0000000000
107848  -48.006  14.325  7.200 0.0000000000
110149  -48.894  15.634  5.598 0.0000000000
109008  -49.991  15.284  7.167 0.0000000000
110153  -52.063  15.853  7.102 0.0000000000
91198  -41.397  2.627  19.077 0.0000000000
91175  -43.517  2.462  20.513 0.0000000000
92552  -42.863  2.680  20.856 0.0000000000
93867  -44.322  3.519  22.684 0.0000000000
95275  -35.159  4.379  22.484 0.0000000000
92549  -35.040  3.463  20.410 0.0000000000
92566  -35.305  3.334  19.864 0.0000000000
92599  -36.192  2.856  18.180 0.0000000000
92628  -35.747  2.333  16.709 0.0000000000
93948  -37.383  3.048  18.417 0.0000000000
92586  -39.642  2.904  18.801 0.0000000000
73454  -5.014  -12.749  33.508 0.0000000000
73465  -5.459  -12.763  32.652 0.0000000000
72090  -4.704  -13.654  33.292 0.0000000000
69556  -3.954  -15.569  32.237 0.0000000000
68327  -3.804  -16.459  31.882 0.0000000000
65653  -4.583  -18.276  32.009 0.0000000000
65643  -3.904  -18.058  32.705 0.0000000000
65630  -4.667  -18.095  33.410 0.0000000000
78691  -8.896  -7.760  43.077 0.0000000000
78686  -7.725  -7.776  43.687 0.0000000000
77375  -7.292  -8.438  43.417 0.0000000000
100114  -38.866  7.805  26.178 0.0000000000
93785  -36.379  2.564  29.606 0.0000000000
92485  -35.479  1.184  28.992 0.0000000000
95152  -36.021  3.495  29.565 0.0000000000
95151  -35.358  3.939  29.156 0.0000000000
96496  -35.251  4.697  28.615 0.0000000000
98810  -36.227  6.482  28.126 0.0000000000
98822  -37.241  7.382  27.204 0.0000000000
84128  -29.330  -2.564  41.057 0.0000000000
84255  -29.112  -2.314  36.031 0.0000000000
84221  -28.711  -2.655  37.270 0.0000000000
82792  -27.261  -3.037  35.706 0.0000000000
81450  -25.718  -4.660  34.315 0.0000000000
114585  -51.749  19.301  2.064 0.0000000000
115688  -50.982  20.578  2.233 0.0000000000
117997  -49.880  22.204  2.111 0.0000000000
119108  -49.925  23.152  0.990 0.0000000000
84281  -4.298  -4.666  33.819 0.0000000000
81448  -4.926  -5.897  34.080 0.0000000000
81441  -4.677  -6.574  35.031 0.0000000000
80113  -4.970  -7.740  35.829 0.0000000000
80101  -4.713  -8.100  37.129 0.0000000000
101691  -48.447  9.196  14.110 0.0000000000
103000  -49.800  9.829  15.173 0.0000000000
95345  -42.461  4.858  15.068 0.0000000000
96680  -43.314  5.583  13.356 0.0000000000
95359  -44.310  5.518  12.443 0.0000000000
96667  -45.455  6.481  13.814 0.0000000000
98992  -47.055  7.586  13.744 0.0000000000
82713  -13.911  -6.611  42.309 0.0000000000
80047  -14.399  -7.182  42.289 0.0000000000
78711  -14.067  -7.781  42.190 0.0000000000
77398  -12.824  -7.598  41.568 0.0000000000
76137  -13.432  -9.472  35.335 0.0000000000
76087  -12.416  -8.813  37.303 0.0000000000
91072  -3.639  0.237  26.813 0.0000000000
91089  -3.749  0.253  25.810 0.0000000000
88376  -3.553  -1.700  26.941 0.0000000000
84418  -4.419  -3.855  26.959 0.0000000000
81523  -6.099  -5.767  26.400 0.0000000000
72144  -6.301  -13.529  29.114 0.0000000000
73512  -6.588  -12.406  27.620 0.0000000000
72164  -6.400  -13.424  27.818 0.0000000000
72183  -6.119  -13.628  26.763 0.0000000000
72213  -5.593  -13.486  25.277 0.0000000000
85557  -10.295  -5.393  38.288 0.0000000000
85542  -9.400  -5.080  39.342 0.0000000000
85541  -8.634  -5.109  39.264 0.0000000000
80040  -4.723  -8.041  43.897 0.0000000000
84114  -5.034  -6.567  43.052 0.0000000000
80069  -3.915  -8.383  43.239 0.0000000000
80073  -3.573  -8.791  42.233 0.0000000000
80076  -3.641  -8.758  41.481 0.0000000000
78741  -3.613  -9.591  40.295 0.0000000000
77424  -3.300  -10.560  41.654 0.0000000000
75999  -3.230  -11.558  41.374 0.0000000000
73367  -3.154  -13.077  40.970 0.0000000000
89696  -36.267  -0.127  29.268 0.0000000000
89668  -37.514  0.080  30.781 0.0000000000
91066  -37.207  0.885  30.455 0.0000000000
92467  -37.069  1.406  30.288 0.0000000000
95142  -37.578  3.618  30.891 0.0000000000
97677  -38.468  6.357  30.607 0.0000000000
84207  -31.495  -1.855  37.829 0.0000000000
86938  -34.065  -0.919  36.974 0.0000000000
84243  -31.817  -1.825  37.014 0.0000000000
84241  -30.841  -2.122  36.893 0.0000000000
84272  -29.613  -2.032  35.548 0.0000000000
107867  -50.658  14.967  3.025 0.0000000000
112389  -53.057  17.505  2.567 0.0000000000
115675  -53.448  20.669  3.603 0.0000000000
95311  -45.721  4.578  17.940 0.0000000000
96632  -48.246  5.750  18.712 0.0000000000
95305  -47.076  4.376  19.065 0.0000000000
91251  -36.644  1.815  16.375 0.0000000000
91286  -40.419  2.037  16.027 0.0000000000
92631  -43.504  3.296  17.786 0.0000000000
76161  -21.169  -9.033  34.664 0.0000000000
76142  -20.378  -9.384  35.777 0.0000000000
74780  -19.269  -9.304  34.377 0.0000000000
74790  -18.022  -9.317  33.882 0.0000000000
84495  -4.361  -4.108  20.427 0.0000000000
82999  -4.803  -5.467  21.576 0.0000000000
80175  -6.211  -7.032  31.476 0.0000000000
80186  -6.810  -7.097  30.188 0.0000000000
78869  -6.926  -8.424  31.112 0.0000000000
76217  -6.810  -9.895  31.110 0.0000000000
74827  -6.725  -11.417  30.214 0.0000000000
73478  -5.872  -12.759  31.741 0.0000000000
72125  -5.824  -13.761  30.716 0.0000000000
72126  -6.361  -13.372  30.107 0.0000000000
70847  -5.609  -14.875  28.861 0.0000000000
85497  -10.825  -5.010  42.141 0.0000000000
85469  -11.000  -4.538  43.451 0.0000000000
85454  -8.983  -5.242  43.247 0.0000000000
84070  -6.787  -6.575  43.990 0.0000000000
78685  -6.954  -7.776  43.933 0.0000000000
80026  -6.292  -7.376  44.415 0.0000000000
80031  -5.617  -7.756  44.423 0.0000000000
77366  -4.833  -9.482  44.260 0.0000000000
74647  -4.269  -11.550  43.785 0.0000000000
73322  -4.126  -12.570  43.800 0.0000000000
95251  -39.240  4.772  22.549 0.0000000000
95223  -40.893  4.986  23.658 0.0000000000
96562  -40.661  5.524  24.173 0.0000000000
91116  -34.180  -0.106  27.153 0.0000000000
95247  -34.879  4.829  23.465 0.0000000000
95220  -37.578  4.970  23.194 0.0000000000
78745  -24.732  -6.829  40.223 0.0000000000
77487  -23.520  -7.812  37.704 0.0000000000
89547  -31.579  -0.374  40.356 0.0000000000
84143  -29.827  -2.525  40.449 0.0000000000
82753  -28.631  -3.324  40.121 0.0000000000
82776  -27.818  -3.144  37.588 0.0000000000
82768  -27.561  -3.753  38.691 0.0000000000
82760  -26.802  -4.764  39.508 0.0000000000
80092  -25.518  -5.987  38.590 0.0000000000
77501  -23.998  -7.596  36.738 0.0000000000
76145  -22.099  -7.949  35.432 0.0000000000
76180  -21.348  -8.898  33.628 0.0000000000
118034  -50.536  22.463  -0.495 0.0000000000
118035  -51.089  22.579  -1.116 0.0000000000
116891  -52.093  21.611  -2.093 0.0000000000
88349  -3.120  -1.710  28.895 0.0000000000
84345  -4.102  -4.083  30.226 0.0000000000
87015  -3.354  -2.032  30.950 0.0000000000
85692  -3.655  -3.491  30.593 0.0000000000
82826  -5.266  -5.324  31.183 0.0000000000
81462  -5.512  -6.447  32.254 0.0000000000
78831  -6.150  -8.310  33.217 0.0000000000
77519  -5.671  -9.629  34.039 0.0000000000
80127  -5.250  -7.569  34.986 0.0000000000
78798  -5.466  -8.927  34.523 0.0000000000
76151  -5.373  -10.693  34.170 0.0000000000
74774  -4.699  -12.040  34.803 0.0000000000
73439  -4.373  -12.912  35.209 0.0000000000
72055  -3.914  -13.910  35.962 0.0000000000
104239  -50.899  11.499  9.719 0.0000000000
95392  -45.519  5.278  11.240 0.0000000000
96727  -45.988  5.583  9.929 0.0000000000
97936  -45.952  7.096  8.965 0.0000000000
99061  -47.501  8.481  9.270 0.0000000000
101729  -48.753  9.664  9.389 0.0000000000
84092  -11.666  -4.918  43.496 0.0000000000
81373  -11.429  -5.802  43.497 0.0000000000
81382  -12.682  -6.519  43.086 0.0000000000
80044  -11.266  -6.800  43.149 0.0000000000
80043  -10.240  -7.000  43.189 0.0000000000
77411  -7.730  -8.818  41.533 0.0000000000
74740  -19.188  -9.349  36.176 0.0000000000
76116  -18.934  -9.519  37.355 0.0000000000
76065  -18.233  -9.317  38.370 0.0000000000
74760  -15.977  -9.546  36.247 0.0000000000
74719  -17.064  -9.451  37.508 0.0000000000
76046  -17.708  -9.471  38.991 0.0000000000
76007  -17.645  -9.182  40.264 0.0000000000
75990  -17.042  -8.950  40.705 0.0000000000
77401  -15.914  -8.727  41.454 0.0000000000
77400  -14.837  -8.466  41.153 0.0000000000
77416  -13.557  -8.109  40.904 0.0000000000
77415  -12.188  -7.710  41.080 0.0000000000
76059  -11.766  -8.586  38.424 0.0000000000
77442  -11.474  -8.435  39.822 0.0000000000
77427  -10.239  -7.922  40.791 0.0000000000
77439  -8.498  -8.879  39.964 0.0000000000
91164  -3.960  0.384  22.554 0.0000000000
89739  -3.941  -0.312  24.561 0.0000000000
89761  -3.886  -0.424  23.888 0.0000000000
88437  -4.133  -1.376  22.499 0.0000000000
85835  -4.307  -3.251  22.493 0.0000000000
82978  -4.745  -4.905  22.967 0.0000000000
78981  -5.158  -7.745  23.093 0.0000000000
80205  -7.254  -6.999  28.529 0.0000000000
80218  -7.204  -6.884  27.613 0.0000000000
80228  -6.928  -7.695  26.172 0.0000000000
76301  -6.311  -10.679  27.453 0.0000000000
77627  -6.092  -9.920  26.167 0.0000000000
78957  -6.108  -8.280  25.020 0.0000000000
78956  -5.631  -8.541  24.676 0.0000000000
77656  -4.979  -9.248  24.130 0.0000000000
76366  -4.828  -10.008  23.229 0.0000000000
74938  -5.592  -11.041  22.810 0.0000000000
85509  -9.320  -5.137  41.202 0.0000000000
86916  -8.478  -4.905  40.823 0.0000000000
86914  -7.336  -5.084  40.067 0.0000000000
85490  -5.457  -6.065  41.824 0.0000000000
85521  -6.032  -5.317  40.313 0.0000000000
86923  -6.571  -5.058  39.041 0.0000000000
86930  -5.587  -4.760  38.227 0.0000000000
85566  -4.938  -4.998  37.693 0.0000000000
85580  -4.606  -4.849  36.652 0.0000000000
82778  -4.618  -6.192  36.765 0.0000000000
80090  -4.387  -8.211  38.166 0.0000000000
78772  -4.117  -9.661  37.795 0.0000000000
77451  -3.757  -10.384  39.811 0.0000000000
77464  -3.851  -10.221  38.876 0.0000000000
76082  -3.970  -10.982  37.474 0.0000000000
74714  -3.796  -11.853  37.652 0.0000000000
72042  -3.691  -14.076  37.042 0.0000000000
70701  -3.428  -15.084  36.560 0.0000000000
70540  -3.893  -13.799  44.010 0.0000000000
69386  -3.461  -15.572  43.612 0.0000000000
70553  -3.187  -13.953  43.259 0.0000000000
71962  -3.136  -13.776  42.749 0.0000000000
71998  -3.128  -14.142  41.745 0.0000000000
70631  -3.144  -14.734  40.548 0.0000000000
68214  -3.247  -16.508  40.270 0.0000000000
69452  -3.358  -15.637  39.077 0.0000000000
69453  -3.345  -15.797  38.286 0.0000000000
68235  -3.208  -16.853  36.842 0.0000000000
68254  -3.267  -16.613  35.870 0.0000000000
65594  -3.495  -17.834  35.601 0.0000000000
65582  -5.965  -18.768  35.583 0.0000000000
92390  -38.457  2.002  33.438 0.0000000000
92380  -38.522  2.635  33.486 0.0000000000
92379  -37.975  2.214  33.707 0.0000000000
89605  -38.232  0.463  33.362 0.0000000000
90995  -38.700  1.439  33.202 0.0000000000
89595  -37.985  0.695  33.742 0.0000000000
89604  -37.958  0.007  33.422 0.0000000000
90987  -37.443  1.003  33.898 0.0000000000
106585  -51.389  13.543  8.765 0.0000000000
107841  -52.958  14.443  8.757 0.0000000000
106586  -52.245  13.648  8.996 0.0000000000
104257  -49.945  11.584  9.188 0.0000000000
105404  -49.366  12.334  8.677 0.0000000000
105405  -50.608  12.636  8.931 0.0000000000
93883  -40.013  4.001  21.611 0.0000000000
93884  -41.039  3.843  21.664 0.0000000000
95279  -40.674  4.043  22.275 0.0000000000
93863  -39.323  4.380  21.955 0.0000000000
93881  -37.783  4.159  21.609 0.0000000000
93882  -38.989  4.245  21.393 0.0000000000
93904  -39.629  3.861  20.771 0.0000000000
70741  -3.750  -14.756  34.919 0.0000000000
69526  -3.512  -15.497  33.954 0.0000000000
68274  -3.288  -16.470  34.994 0.0000000000
74664  -6.299  -10.725  41.691 0.0000000000
98799  -38.196  7.078  29.921 0.0000000000
84244  -4.878  -4.889  35.282 0.0000000000
98965  -47.580  6.948  16.850 0.0000000000
98966  -48.181  7.019  17.409 0.0000000000
97831  -47.961  6.502  17.782 0.0000000000
96636  -46.635  5.835  17.395 0.0000000000
96634  -45.341  5.476  16.731 0.0000000000
97829  -46.946  6.424  16.891 0.0000000000
98964  -47.266  6.958  16.455 0.0000000000
80059  -16.950  -7.739  41.756 0.0000000000
78713  -16.208  -7.880  41.998 0.0000000000
76096  -22.277  -8.538  37.412 0.0000000000
81620  -5.375  -6.660  21.519 0.0000000000
81621  -5.843  -6.710  21.314 0.0000000000
84365  -4.488  -4.586  29.915 0.0000000000
82852  -4.731  -4.905  29.191 0.0000000000
82853  -5.538  -5.546  29.584 0.0000000000
85511  -10.909  -5.139  41.278 0.0000000000
74653  -3.708  -11.910  43.479 0.0000000000
74652  -3.485  -12.165  43.131 0.0000000000
74656  -3.358  -12.125  42.825 0.0000000000
73338  -3.372  -12.696  42.880 0.0000000000
93760  -38.850  3.602  31.787 0.0000000000
95133  -38.793  4.160  31.765 0.0000000000
96476  -38.615  4.597  31.402 0.0000000000
85621  -33.078  -1.624  34.463 0.0000000000
85641  -32.294  -1.432  33.481 0.0000000000
111260  -54.411  17.901  4.884 0.0000000000
111258  -53.284  16.950  4.850 0.0000000000
110173  -52.861  16.670  4.609 0.0000000000
111259  -54.039  17.365  4.755 0.0000000000
111266  -54.037  17.562  4.181 0.0000000000
89818  -42.999  2.109  18.857 0.0000000000
91202  -44.208  2.399  19.499 0.0000000000
91201  -43.417  2.266  19.440 0.0000000000
89827  -40.755  2.011  18.208 0.0000000000
91231  -39.921  1.998  17.628 0.0000000000
89828  -41.100  1.909  18.317 0.0000000000
89848  -41.793  1.712  17.914 0.0000000000
92543  -4.305  0.927  20.897 0.0000000000
89793  -3.901  -0.548  21.990 0.0000000000
76193  -6.187  -10.588  32.569 0.0000000000
68341  -4.001  -16.592  30.748 0.0000000000
65676  -4.304  -17.747  30.864 0.0000000000
81372  -10.616  -6.087  43.641 0.0000000000
82697  -9.984  -5.864  43.696 0.0000000000
81371  -9.526  -6.369  43.644 0.0000000000
74651  -5.647  -10.329  43.792 0.0000000000
97708  -39.438  6.923  25.245 0.0000000000
97729  -39.863  6.493  25.024 0.0000000000
89695  -35.875  -0.524  28.601 0.0000000000
97727  -38.286  6.556  24.934 0.0000000000
84127  -28.409  -2.800  41.613 0.0000000000
84141  -27.964  -3.458  41.594 0.0000000000
82751  -27.131  -4.277  41.291 0.0000000000
82756  -27.182  -4.276  40.612 0.0000000000
84206  -30.997  -2.338  37.962 0.0000000000
84190  -30.643  -2.561  38.635 0.0000000000
84204  -29.485  -2.414  38.027 0.0000000000
80145  -25.029  -6.317  34.297 0.0000000000
80129  -25.603  -5.591  35.730 0.0000000000
78817  -24.747  -6.851  34.701 0.0000000000
77511  -24.354  -7.203  34.987 0.0000000000
77523  -24.317  -7.302  34.151 0.0000000000
76183  -23.378  -8.067  33.290 0.0000000000
77548  -23.644  -7.876  32.907 0.0000000000
84304  -4.190  -4.403  33.025 0.0000000000
82816  -4.303  -4.790  32.876 0.0000000000
82808  -4.740  -5.541  33.312 0.0000000000
81456  -4.868  -5.636  33.593 0.0000000000
77499  -4.844  -9.730  36.095 0.0000000000
101700  -49.439  9.830  11.718 0.0000000000
103019  -50.232  10.642  12.111 0.0000000000
103012  -50.154  10.615  12.745 0.0000000000
101694  -48.299  9.108  12.959 0.0000000000
100346  -47.888  8.453  12.035 0.0000000000
101699  -48.884  9.295  11.871 0.0000000000
101707  -48.969  9.001  11.191 0.0000000000
77380  -12.391  -7.431  41.996 0.0000000000
78709  -11.935  -7.383  42.390 0.0000000000
77396  -10.343  -7.719  41.966 0.0000000000
77414  -10.919  -7.611  41.287 0.0000000000
76158  -16.386  -9.485  33.977 0.0000000000
76088  -13.434  -8.981  37.210 0.0000000000
76062  -14.320  -9.035  38.070 0.0000000000
76042  -14.042  -8.865  38.992 0.0000000000
93834  -4.344  1.524  24.896 0.0000000000
82919  -5.294  -5.222  25.641 0.0000000000
84430  -4.404  -3.941  25.300 0.0000000000
82918  -4.959  -5.029  25.112 0.0000000000
82937  -5.062  -5.422  24.361 0.0000000000
74839  -6.689  -11.328  29.240 0.0000000000
72198  -5.349  -12.900  25.441 0.0000000000
73537  -5.207  -12.117  25.648 0.0000000000
73551  -4.863  -12.170  24.894 0.0000000000
85540  -7.885  -5.224  39.035 0.0000000000
86933  -6.891  -4.872  37.848 0.0000000000
84102  -6.711  -5.885  43.658 0.0000000000
85478  -7.165  -5.187  42.909 0.0000000000
85463  -6.436  -5.819  43.342 0.0000000000
81416  -3.898  -7.782  40.896 0.0000000000
81417  -4.130  -7.176  40.541 0.0000000000
81421  -4.146  -7.298  39.966 0.0000000000
81420  -3.934  -8.037  39.970 0.0000000000
81424  -4.030  -8.213  39.475 0.0000000000
73374  -3.157  -12.968  40.191 0.0000000000
72029  -3.292  -13.750  38.509 0.0000000000
64122  -3.300  -19.177  42.814 0.0000000000
65442  -3.278  -18.266  42.850 0.0000000000
65456  -3.210  -18.250  42.552 0.0000000000
93739  -39.104  3.128  32.591 0.0000000000
85688  -37.231  -1.540  31.582 0.0000000000
87037  -37.405  -1.176  31.243 0.0000000000
88319  -38.138  -0.461  32.070 0.0000000000
91004  -38.882  1.793  32.829 0.0000000000
91013  -38.646  1.414  32.273 0.0000000000
92413  -38.907  2.188  32.443 0.0000000000
92424  -38.898  2.309  32.147 0.0000000000
85623  -34.798  -1.681  33.883 0.0000000000
85644  -34.635  -1.801  33.263 0.0000000000
84273  -35.346  -1.839  33.105 0.0000000000
85647  -37.427  -1.200  32.432 0.0000000000
84298  -36.403  -1.904  32.522 0.0000000000
85668  -36.872  -1.780  31.954 0.0000000000
84342  -36.499  -2.243  31.676 0.0000000000
86960  -36.440  -0.715  34.294 0.0000000000
86959  -35.691  -0.788  34.815 0.0000000000
85593  -35.890  -1.193  34.339 0.0000000000
85606  -34.982  -1.608  34.410 0.0000000000
110165  -53.155  16.271  6.796 0.0000000000
111246  -53.991  16.805  6.753 0.0000000000
110156  -53.977  16.223  7.547 0.0000000000
101755  -47.091  9.332  9.037 0.0000000000
101754  -46.388  9.182  8.806 0.0000000000
103063  -46.949  9.747  8.758 0.0000000000
106582  -48.720  13.052  8.217 0.0000000000
106593  -47.949  12.618  7.937 0.0000000000
106592  -47.362  12.972  7.560 0.0000000000
107836  -48.577  14.221  7.578 0.0000000000
108994  -48.914  14.951  7.226 0.0000000000
108995  -49.446  14.842  7.470 0.0000000000
108998  -52.073  15.024  7.968 0.0000000000
109009  -51.605  15.584  7.414 0.0000000000
110154  -52.814  15.763  7.372 0.0000000000
110164  -52.614  16.326  6.509 0.0000000000
92567  -41.167  3.053  19.593 0.0000000000
92568  -41.816  2.946  19.857 0.0000000000
93926  -41.856  3.145  20.631 0.0000000000
93865  -42.669  3.798  22.578 0.0000000000
93886  -42.867  3.233  21.933 0.0000000000
93866  -43.467  3.564  22.650 0.0000000000
93879  -35.522  3.944  21.657 0.0000000000
92550  -35.574  3.484  20.141 0.0000000000
93920  -35.997  3.304  19.673 0.0000000000
92582  -35.389  3.072  19.125 0.0000000000
92583  -36.084  2.993  18.852 0.0000000000
93936  -36.691  3.154  18.905 0.0000000000
93939  -39.925  3.199  19.467 0.0000000000
93938  -38.956  3.330  19.213 0.0000000000
92587  -40.631  2.825  19.017 0.0000000000
73453  -4.653  -13.098  33.874 0.0000000000
69540  -3.693  -15.358  33.239 0.0000000000
69541  -3.931  -15.302  32.831 0.0000000000
69555  -3.692  -15.657  32.682 0.0000000000
68326  -3.687  -15.960  32.395 0.0000000000
68312  -3.557  -16.929  32.498 0.0000000000
66966  -3.812  -17.378  31.990 0.0000000000
66958  -3.593  -17.622  32.750 0.0000000000
65613  -4.045  -17.867  34.053 0.0000000000
65629  -3.939  -17.983  33.218 0.0000000000
65615  -5.529  -18.387  34.503 0.0000000000
77379  -8.103  -8.081  42.960 0.0000000000
77376  -8.008  -7.963  43.293 0.0000000000
77378  -7.400  -8.748  42.718 0.0000000000
100097  -38.730  8.369  27.084 0.0000000000
95153  -36.741  3.438  30.205 0.0000000000
96498  -36.812  4.675  29.996 0.0000000000
97685  -36.663  5.648  29.524 0.0000000000
96497  -35.896  4.770  29.421 0.0000000000
96507  -35.280  5.449  28.034 0.0000000000
100085  -38.260  8.264  28.359 0.0000000000
100084  -37.725  7.775  27.790 0.0000000000
86893  -29.725  -1.608  41.521 0.0000000000
86901  -30.183  -1.634  41.172 0.0000000000
84254  -28.141  -2.624  35.867 0.0000000000
113503  -52.302  18.392  2.215 0.0000000000
112398  -51.909  17.505  1.687 0.0000000000
114570  -52.161  19.693  2.572 0.0000000000
117985  -51.352  22.511  3.605 0.0000000000
116839  -51.255  21.036  2.736 0.0000000000
117984  -50.494  22.548  3.222 0.0000000000
116838  -50.299  21.444  2.294 0.0000000000
119083  -50.050  23.341  2.949 0.0000000000
120194  -50.520  24.405  3.591 0.0000000000
82795  -4.827  -5.421  34.390 0.0000000000
101686  -48.512  9.112  15.152 0.0000000000
103006  -49.161  9.518  14.625 0.0000000000
102999  -49.089  9.399  15.601 0.0000000000
93995  -41.439  3.533  15.857 0.0000000000
96650  -44.142  5.596  15.568 0.0000000000
96649  -43.183  5.194  15.372 0.0000000000
96665  -43.680  5.768  14.396 0.0000000000
96666  -44.746  6.098  14.438 0.0000000000
97853  -45.486  6.363  14.804 0.0000000000
100323  -47.544  8.072  15.246 0.0000000000
98985  -47.066  7.359  14.852 0.0000000000
101685  -47.934  8.669  14.677 0.0000000000
101690  -47.912  8.661  13.692 0.0000000000
81384  -14.772  -6.945  42.142 0.0000000000
78712  -15.066  -7.803  41.956 0.0000000000
78696  -14.217  -7.490  42.297 0.0000000000
77381  -13.018  -7.614  41.956 0.0000000000
76136  -12.502  -9.040  35.375 0.0000000000
76135  -11.481  -9.082  35.484 0.0000000000
89687  -3.277  -1.089  27.571 0.0000000000
89701  -3.379  -1.034  26.868 0.0000000000
87079  -3.866  -2.408  27.453 0.0000000000
82867  -4.845  -4.644  28.167 0.0000000000
84407  -4.723  -4.160  27.505 0.0000000000
82887  -5.159  -4.697  27.212 0.0000000000
84419  -4.694  -4.505  26.679 0.0000000000
81508  -6.185  -5.660  27.125 0.0000000000
70848  -5.990  -14.322  28.424 0.0000000000
70855  -5.920  -14.371  27.479 0.0000000000
70859  -5.868  -14.478  26.572 0.0000000000
72199  -5.807  -13.631  25.941 0.0000000000
70865  -5.940  -14.318  25.587 0.0000000000
85527  -10.177  -5.057  40.340 0.0000000000
85525  -8.532  -4.993  40.292 0.0000000000
78689  -4.292  -9.051  43.733 0.0000000000
80058  -4.150  -8.378  43.535 0.0000000000
78705  -3.970  -9.045  43.462 0.0000000000
77392  -3.301  -10.708  42.682 0.0000000000
78723  -3.341  -9.738  42.628 0.0000000000
78732  -3.267  -9.641  41.939 0.0000000000
78736  -3.442  -9.645  41.159 0.0000000000
74662  -3.122  -12.245  41.930 0.0000000000
74671  -3.132  -12.435  41.399 0.0000000000
73358  -3.116  -13.217  41.731 0.0000000000
87085  -35.722  -1.816  28.088 0.0000000000
88371  -36.282  -1.096  28.963 0.0000000000
89655  -37.905  0.222  31.360 0.0000000000
88344  -37.502  -0.651  30.941 0.0000000000
92448  -37.608  1.723  30.783 0.0000000000
91052  -37.472  0.746  30.723 0.0000000000
93786  -37.137  2.530  30.365 0.0000000000
84338  -34.204  -2.716  31.208 0.0000000000
88234  -33.217  -0.665  38.415 0.0000000000
85535  -32.404  -1.548  38.575 0.0000000000
85550  -32.658  -1.514  37.976 0.0000000000
89569  -34.845  -0.020  36.089 0.0000000000
88242  -34.579  -0.584  36.562 0.0000000000
85603  -31.975  -1.724  35.778 0.0000000000
85589  -32.359  -1.661  36.477 0.0000000000
85588  -31.976  -1.754  36.368 0.0000000000
84242  -31.565  -1.837  36.766 0.0000000000
84257  -30.928  -1.999  36.206 0.0000000000
84256  -30.098  -1.914  35.912 0.0000000000
85601  -30.466  -1.782  35.384 0.0000000000
85639  -29.883  -1.511  33.792 0.0000000000
116810  -53.667  21.925  4.307 0.0000000000
110150  -49.435  15.723  6.044 0.0000000000
110159  -49.007  15.576  4.813 0.0000000000
110160  -49.583  15.785  5.100 0.0000000000
109039  -51.779  15.631  3.691 0.0000000000
109038  -50.858  15.275  3.528 0.0000000000
107868  -51.280  15.198  3.128 0.0000000000
109052  -51.795  15.378  2.355 0.0000000000
111275  -52.199  16.900  2.242 0.0000000000
111268  -52.744  16.764  2.678 0.0000000000
113471  -54.449  19.531  3.769 0.0000000000
114572  -53.580  19.679  3.226 0.0000000000
114555  -53.948  20.193  3.624 0.0000000000
116826  -53.561  21.283  3.931 0.0000000000
93955  -45.935  4.100  18.518 0.0000000000
95312  -46.759  4.619  18.579 0.0000000000
93956  -46.426  4.077  18.795 0.0000000000
92590  -46.280  3.206  19.985 0.0000000000
93951  -47.232  3.988  19.571 0.0000000000
92554  -44.095  2.669  20.961 0.0000000000
92555  -44.945  2.714  20.802 0.0000000000
92612  -36.663  2.402  17.007 0.0000000000
92629  -36.166  2.174  16.495 0.0000000000
91227  -36.903  2.057  16.712 0.0000000000
89858  -37.952  1.256  16.398 0.0000000000
88539  -37.704  0.905  15.508 0.0000000000
88541  -38.684  1.063  15.510 0.0000000000
92615  -43.905  2.945  18.110 0.0000000000
91256  -43.228  2.727  17.786 0.0000000000
93953  -44.262  3.594  18.004 0.0000000000
93954  -45.078  4.040  18.125 0.0000000000
74781  -19.907  -9.316  34.188 0.0000000000
74792  -19.480  -9.234  33.435 0.0000000000
74803  -18.242  -9.386  33.185 0.0000000000
88483  -4.213  -1.711  19.545 0.0000000000
85858  -4.392  -3.329  20.765 0.0000000000
84487  -4.450  -4.280  21.167 0.0000000000
83016  -4.976  -4.776  21.587 0.0000000000
78854  -6.595  -7.958  31.783 0.0000000000
78855  -6.726  -7.674  31.223 0.0000000000
76216  -6.711  -10.582  31.483 0.0000000000
76237  -6.741  -11.059  30.738 0.0000000000
74826  -6.599  -11.679  30.838 0.0000000000
72102  -5.046  -13.657  32.640 0.0000000000
72114  -5.347  -13.701  31.748 0.0000000000
72143  -6.004  -14.001  29.784 0.0000000000
70836  -5.926  -14.356  29.195 0.0000000000
68368  -4.512  -16.705  29.061 0.0000000000
69575  -5.250  -15.827  28.914 0.0000000000
65654  -5.336  -18.308  31.818 0.0000000000
65646  -6.004  -18.546  32.608 0.0000000000
85483  -10.867  -4.855  42.933 0.0000000000
84073  -9.379  -5.742  43.692 0.0000000000
84089  -9.759  -5.371  43.497 0.0000000000
84088  -8.879  -5.734  43.633 0.0000000000
84087  -7.907  -5.788  43.656 0.0000000000
84071  -7.494  -6.295  43.804 0.0000000000
80035  -7.729  -7.245  43.784 0.0000000000
77370  -6.616  -8.663  43.816 0.0000000000
78683  -5.868  -8.602  44.161 0.0000000000
80032  -5.977  -7.586  44.384 0.0000000000
78682  -5.678  -8.467  44.275 0.0000000000
78681  -5.286  -8.556  44.182 0.0000000000
77367  -5.297  -9.334  44.278 0.0000000000
74648  -4.629  -11.375  43.798 0.0000000000
74646  -3.972  -11.723  43.667 0.0000000000
95222  -39.655  5.097  23.359 0.0000000000
93803  -35.514  2.429  29.145 0.0000000000
92484  -34.774  1.255  28.449 0.0000000000
96535  -35.823  5.522  24.738 0.0000000000
97724  -35.547  5.721  25.310 0.0000000000
96556  -35.176  5.175  24.137 0.0000000000
95217  -35.251  5.023  23.689 0.0000000000
96560  -38.888  5.650  23.804 0.0000000000
95221  -38.577  5.141  23.193 0.0000000000
80080  -25.156  -6.351  39.817 0.0000000000
80077  -25.280  -6.404  40.673 0.0000000000
78751  -24.711  -6.853  39.358 0.0000000000
78750  -24.301  -7.278  38.838 0.0000000000
78760  -24.291  -7.276  38.019 0.0000000000
84174  -30.380  -2.723  39.289 0.0000000000
84144  -30.517  -2.312  39.962 0.0000000000
84173  -29.505  -2.954  39.678 0.0000000000
84157  -29.210  -2.997  40.276 0.0000000000
82784  -27.405  -3.050  36.526 0.0000000000
81430  -26.196  -5.015  37.455 0.0000000000
82775  -26.740  -4.170  38.135 0.0000000000
82767  -26.816  -4.614  39.068 0.0000000000
81426  -26.155  -5.273  38.597 0.0000000000
81422  -26.362  -5.133  39.666 0.0000000000
77510  -24.118  -7.375  35.788 0.0000000000
78785  -24.433  -7.231  36.734 0.0000000000
77509  -23.448  -7.593  36.053 0.0000000000
76122  -22.747  -7.695  36.302 0.0000000000
76162  -21.809  -8.568  34.550 0.0000000000
76163  -22.427  -8.094  34.414 0.0000000000
76203  -21.629  -8.723  32.619 0.0000000000
118023  -50.053  22.287  0.265 0.0000000000
120210  -50.117  24.354  1.411 0.0000000000
118048  -51.775  22.614  -1.665 0.0000000000
89645  -3.282  -0.888  29.821 0.0000000000
87045  -3.142  -2.308  29.440 0.0000000000
85710  -3.557  -3.258  29.524 0.0000000000
85691  -3.538  -2.698  29.994 0.0000000000
87016  -3.858  -2.683  31.612 0.0000000000
84326  -4.346  -4.398  31.398 0.0000000000
84327  -4.765  -4.917  31.285 0.0000000000
81469  -5.611  -6.144  31.696 0.0000000000
81461  -5.239  -5.991  32.453 0.0000000000
80157  -5.343  -6.893  33.317 0.0000000000
80158  -5.593  -7.647  33.352 0.0000000000
78830  -5.884  -8.153  33.677 0.0000000000
78816  -6.047  -8.602  33.669 0.0000000000
78815  -5.765  -8.464  34.085 0.0000000000
81442  -4.851  -7.019  34.885 0.0000000000
81449  -5.008  -6.739  34.417 0.0000000000
77507  -5.071  -9.705  35.400 0.0000000000
78797  -5.202  -8.708  35.069 0.0000000000
77508  -5.280  -9.711  34.702 0.0000000000
76132  -5.153  -10.648  34.936 0.0000000000
74775  -5.019  -11.676  34.318 0.0000000000
74756  -4.901  -11.334  35.067 0.0000000000
74754  -4.419  -11.959  35.937 0.0000000000
74773  -4.525  -12.279  35.198 0.0000000000
72071  -4.062  -13.822  34.956 0.0000000000
103043  -50.171  10.564  9.943 0.0000000000
104222  -51.067  11.045  10.423 0.0000000000
95224  -41.906  4.713  23.484 0.0000000000
96683  -45.757  6.303  13.003 0.0000000000
96696  -45.182  5.680  12.083 0.0000000000
96697  -45.897  5.903  12.028 0.0000000000
97884  -46.981  6.787  10.937 0.0000000000
96717  -46.630  6.144  10.642 0.0000000000
96728  -46.454  6.161  9.987 0.0000000000
96742  -46.104  6.104  9.527 0.0000000000
97913  -46.611  6.943  9.442 0.0000000000
99060  -46.886  7.924  9.152 0.0000000000
99037  -47.016  7.536  9.456 0.0000000000
100363  -49.112  9.158  10.180 0.0000000000
100375  -48.889  9.200  9.763 0.0000000000
101730  -49.455  9.797  9.817 0.0000000000
103042  -49.560  10.208  9.469 0.0000000000
84093  -12.116  -5.455  43.156 0.0000000000
82710  -11.514  -5.361  43.791 0.0000000000
81381  -12.046  -5.937  43.342 0.0000000000
81383  -13.817  -6.718  42.447 0.0000000000
78693  -11.106  -7.197  42.913 0.0000000000
80045  -12.292  -6.566  43.051 0.0000000000
78692  -10.066  -7.325  42.992 0.0000000000
78707  -9.841  -7.596  42.763 0.0000000000
77412  -8.678  -8.146  41.475 0.0000000000
74764  -19.165  -9.253  35.249 0.0000000000
74741  -19.728  -9.346  35.784 0.0000000000
74739  -18.393  -9.449  36.724 0.0000000000
76091  -18.640  -9.432  37.736 0.0000000000
74720  -17.849  -9.362  37.555 0.0000000000
76139  -15.530  -9.702  35.320 0.0000000000
76115  -15.286  -9.452  36.171 0.0000000000
74700  -15.881  -9.199  37.897 0.0000000000
74718  -16.411  -9.427  37.525 0.0000000000
74702  -16.809  -9.496  38.107 0.0000000000
74703  -17.475  -9.511  38.211 0.0000000000
74692  -17.103  -9.508  38.602 0.0000000000
76027  -17.281  -9.231  39.651 0.0000000000
76045  -16.891  -9.278  39.012 0.0000000000
76005  -15.939  -8.448  40.116 0.0000000000
76006  -16.784  -8.846  40.182 0.0000000000
75989  -16.195  -8.682  40.764 0.0000000000
75977  -16.476  -8.908  41.075 0.0000000000
77419  -16.019  -8.974  41.165 0.0000000000
77418  -15.619  -8.690  41.009 0.0000000000
76002  -13.630  -8.479  40.062 0.0000000000
77430  -13.499  -8.292  40.463 0.0000000000
76086  -11.343  -8.686  37.486 0.0000000000
77486  -10.792  -8.741  37.663 0.0000000000
77466  -9.750  -8.737  38.392 0.0000000000
77454  -10.559  -8.518  39.160 0.0000000000
77441  -10.338  -8.159  40.088 0.0000000000
78737  -9.848  -7.972  40.429 0.0000000000
77440  -9.446  -8.303  39.956 0.0000000000
93850  -4.955  1.849  23.686 0.0000000000
92525  -4.988  1.588  23.125 0.0000000000
92534  -5.063  1.656  22.379 0.0000000000
88377  -3.507  -1.307  26.310 0.0000000000
89718  -3.560  -0.423  25.184 0.0000000000
88387  -3.568  -1.347  25.430 0.0000000000
87116  -3.995  -2.705  24.354 0.0000000000
87117  -3.942  -2.169  24.036 0.0000000000
88423  -3.891  -1.292  23.451 0.0000000000
87129  -4.234  -2.211  22.986 0.0000000000
85822  -4.091  -2.972  23.297 0.0000000000
81581  -5.093  -6.359  23.614 0.0000000000
81600  -4.861  -6.186  23.023 0.0000000000
81618  -4.668  -5.788  22.494 0.0000000000
80287  -5.107  -7.188  23.257 0.0000000000
78884  -7.143  -7.868  29.770 0.0000000000
81477  -6.720  -6.772  29.687 0.0000000000
78913  -7.343  -7.651  27.854 0.0000000000
78925  -7.018  -8.213  26.923 0.0000000000
80229  -7.151  -6.966  26.609 0.0000000000
74855  -6.688  -11.543  28.009 0.0000000000
74869  -6.236  -11.636  27.005 0.0000000000
76317  -5.562  -10.502  25.997 0.0000000000
76300  -5.967  -10.682  26.665 0.0000000000
77644  -6.314  -9.337  25.838 0.0000000000
77657  -5.285  -9.668  24.756 0.0000000000
76349  -4.534  -10.250  23.928 0.0000000000
77670  -4.845  -9.516  23.503 0.0000000000
76365  -4.611  -10.328  23.427 0.0000000000
76387  -5.531  -10.250  22.770 0.0000000000
74937  -4.928  -11.061  22.859 0.0000000000
88244  -5.532  -4.021  36.602 0.0000000000
85482  -10.018  -4.885  42.781 0.0000000000
85496  -10.033  -5.010  42.102 0.0000000000
85495  -9.123  -5.103  41.940 0.0000000000
86907  -8.411  -4.995  41.233 0.0000000000
86906  -7.925  -5.171  41.166 0.0000000000
86915  -8.061  -4.987  40.600 0.0000000000
86905  -7.325  -5.211  41.113 0.0000000000
82743  -4.203  -7.199  42.811 0.0000000000
84130  -5.221  -6.225  42.308 0.0000000000
84145  -4.668  -6.601  41.695 0.0000000000
85519  -4.932  -5.894  40.060 0.0000000000
85520  -5.336  -5.668  40.435 0.0000000000
86912  -5.907  -5.200  39.997 0.0000000000
85537  -5.507  -5.219  39.345 0.0000000000
86921  -5.570  -4.907  38.777 0.0000000000
86939  -4.872  -4.590  36.961 0.0000000000
84209  -4.706  -5.602  37.271 0.0000000000
80089  -4.084  -8.557  39.054 0.0000000000
78759  -4.443  -8.678  37.796 0.0000000000
76081  -3.786  -11.025  38.299 0.0000000000
72030  -3.554  -14.141  37.842 0.0000000000
73404  -3.611  -13.154  37.644 0.0000000000
70541  -4.139  -14.290  44.007 0.0000000000
68163  -3.226  -16.367  43.145 0.0000000000
69398  -3.192  -15.196  43.048 0.0000000000
70566  -3.207  -14.533  43.375 0.0000000000
70565  -3.138  -14.578  42.973 0.0000000000
69412  -3.122  -15.830  41.994 0.0000000000
70593  -3.119  -14.952  42.039 0.0000000000
69421  -3.159  -15.672  41.507 0.0000000000
70613  -3.068  -14.817  41.323 0.0000000000
69432  -3.202  -15.619  40.793 0.0000000000
69442  -3.328  -15.621  39.959 0.0000000000
68219  -3.280  -16.595  39.321 0.0000000000
68220  -3.280  -16.350  38.632 0.0000000000
66876  -3.110  -17.591  37.421 0.0000000000
66918  -3.209  -17.467  35.907 0.0000000000
90996  -38.871  2.038  33.003 0.0000000000
93723  -39.130  3.403  33.253 0.0000000000
93712  -38.449  3.201  33.689 0.0000000000
88306  -38.156  -0.614  32.603 0.0000000000
88307  -38.485  -0.033  32.538 0.0000000000
89614  -38.596  0.554  32.913 0.0000000000
86969  -36.781  -0.811  33.757 0.0000000000
85625  -36.357  -1.663  33.265 0.0000000000
86970  -37.254  -0.657  33.438 0.0000000000
88294  -38.001  -0.642  33.015 0.0000000000
90985  -36.254  1.331  34.103 0.0000000000
90986  -36.694  1.273  34.045 0.0000000000
89584  -36.721  0.164  34.231 0.0000000000
93710  -37.191  3.003  33.966 0.0000000000
108999  -52.873  15.195  8.086 0.0000000000
109012  -53.435  15.558  7.877 0.0000000000
109000  -53.678  15.155  8.338 0.0000000000
103065  -48.429  10.239  8.863 0.0000000000
103080  -47.773  10.669  8.508 0.0000000000
104273  -48.809  11.610  8.583 0.0000000000
105403  -48.725  12.288  8.408 0.0000000000
106583  -49.719  13.398  8.299 0.0000000000
107838  -50.448  14.186  8.092 0.0000000000
107839  -51.339  14.208  8.196 0.0000000000
93924  -40.247  3.511  20.144 0.0000000000
93906  -41.519  3.502  21.098 0.0000000000
93885  -41.931  3.735  22.005 0.0000000000
93864  -42.142  4.041  22.590 0.0000000000
93880  -36.653  3.824  21.487 0.0000000000
93902  -37.345  3.831  20.655 0.0000000000
93922  -38.161  3.729  19.827 0.0000000000
72088  -4.166  -14.042  34.163 0.0000000000
70763  -4.318  -14.495  33.587 0.0000000000
68296  -3.385  -16.953  33.133 0.0000000000
66936  -3.434  -17.671  34.593 0.0000000000
96485  -37.234  4.987  30.058 0.0000000000
97675  -37.208  5.546  29.856 0.0000000000
98797  -36.964  6.179  29.557 0.0000000000
98811  -36.839  6.813  28.577 0.0000000000
100086  -38.403  8.239  28.931 0.0000000000
92297  -30.816  0.949  40.434 0.0000000000
115674  -52.796  20.877  3.363 0.0000000000
115690  -52.318  20.377  2.951 0.0000000000
117986  -52.413  22.544  4.081 0.0000000000
119071  -51.628  23.418  4.085 0.0000000000
122187  -51.312  26.397  5.358 0.0000000000
100313  -47.780  8.018  15.904 0.0000000000
101671  -48.435  9.283  16.249 0.0000000000
101654  -48.677  8.734  17.127 0.0000000000
100295  -49.188  8.391  17.779 0.0000000000
93981  -43.330  4.040  17.150 0.0000000000
95333  -44.642  5.240  16.440 0.0000000000
96651  -45.137  5.885  15.724 0.0000000000
97842  -45.462  6.117  15.320 0.0000000000
97844  -46.494  6.665  15.787 0.0000000000
98976  -47.592  7.399  16.043 0.0000000000
81385  -15.370  -7.293  41.996 0.0000000000
78698  -15.487  -7.644  41.958 0.0000000000
77458  -23.339  -7.960  39.282 0.0000000000
83035  -5.125  -5.053  20.507 0.0000000000
83036  -5.690  -5.024  20.324 0.0000000000
83018  -5.673  -5.513  20.863 0.0000000000
85733  -3.676  -3.497  28.454 0.0000000000
87080  -3.678  -2.814  28.104 0.0000000000
84384  -4.140  -4.089  28.428 0.0000000000
82866  -4.446  -4.317  28.363 0.0000000000
75969  -3.879  -11.011  43.471 0.0000000000
77372  -3.699  -10.326  43.329 0.0000000000
75975  -3.228  -11.378  42.586 0.0000000000
74659  -3.246  -12.154  42.469 0.0000000000
92434  -38.245  1.803  31.387 0.0000000000
91035  -37.770  1.018  31.172 0.0000000000
93771  -38.065  2.808  31.099 0.0000000000
95143  -38.138  3.821  31.161 0.0000000000
82833  -35.019  -2.936  30.941 0.0000000000
85591  -34.345  -1.480  35.250 0.0000000000
85604  -33.180  -1.609  35.252 0.0000000000
85619  -31.411  -1.255  34.353 0.0000000000
114557  -54.565  19.942  4.216 0.0000000000
111250  -52.121  16.527  5.323 0.0000000000
110170  -50.950  16.001  4.715 0.0000000000
110171  -51.804  16.245  4.691 0.0000000000
110179  -52.265  16.080  4.099 0.0000000000
110183  -52.963  16.381  3.431 0.0000000000
111269  -53.359  17.001  3.160 0.0000000000
112381  -53.874  17.506  3.698 0.0000000000
113490  -54.403  18.613  3.694 0.0000000000
91234  -44.223  2.758  18.515 0.0000000000
92605  -45.404  3.224  19.027 0.0000000000
91215  -44.997  2.820  19.204 0.0000000000
92589  -45.593  2.935  19.558 0.0000000000
92572  -45.513  2.811  20.227 0.0000000000
91228  -37.327  1.950  16.935 0.0000000000
91229  -38.410  1.994  17.331 0.0000000000
89844  -38.943  1.818  17.049 0.0000000000
89860  -39.720  1.766  16.779 0.0000000000
89880  -39.950  1.710  16.417 0.0000000000
89861  -40.478  1.816  17.120 0.0000000000
89850  -42.881  2.149  18.058 0.0000000000
74805  -19.316  -9.347  32.460 0.0000000000
88467  -4.102  -1.527  20.576 0.0000000000
87142  -4.365  -2.297  22.056 0.0000000000
77547  -6.403  -9.033  32.714 0.0000000000
77559  -6.684  -9.158  31.756 0.0000000000
70797  -4.462  -15.062  32.036 0.0000000000
70817  -4.599  -15.075  31.340 0.0000000000
69565  -4.554  -15.392  30.733 0.0000000000
69570  -4.933  -15.531  30.048 0.0000000000
68355  -4.232  -16.689  29.859 0.0000000000
65677  -4.712  -17.968  30.272 0.0000000000
84091  -11.454  -4.689  43.882 0.0000000000
84103  -11.363  -4.512  43.705 0.0000000000
84074  -10.617  -5.600  43.677 0.0000000000
82696  -8.897  -6.173  43.734 0.0000000000
75970  -6.379  -9.687  43.436 0.0000000000
75967  -5.981  -9.676  43.788 0.0000000000
75966  -5.659  -9.842  43.985 0.0000000000
75965  -5.309  -10.115  44.019 0.0000000000
74649  -5.035  -11.203  43.816 0.0000000000
96538  -39.140  6.060  24.456 0.0000000000
96539  -40.274  6.044  24.680 0.0000000000
96536  -36.885  5.772  24.379 0.0000000000
96537  -38.038  6.053  24.362 0.0000000000
81411  -26.637  -4.852  41.923 0.0000000000
81414  -26.150  -5.339  41.217 0.0000000000
80081  -25.685  -5.814  40.198 0.0000000000
86918  -32.037  -1.433  39.393 0.0000000000
86910  -31.898  -1.344  39.869 0.0000000000
85533  -31.372  -2.118  39.390 0.0000000000
84189  -29.761  -2.716  39.054 0.0000000000
82763  -29.112  -2.745  38.815 0.0000000000
81443  -25.870  -4.538  35.349 0.0000000000
80116  -25.474  -5.839  36.740 0.0000000000
80115  -25.085  -6.361  36.796 0.0000000000
78800  -24.666  -6.715  35.752 0.0000000000
76164  -23.203  -7.890  34.284 0.0000000000
76182  -22.774  -8.346  33.469 0.0000000000
76204  -22.337  -8.516  32.601 0.0000000000
113517  -50.814  18.365  0.652 0.0000000000
84305  -4.116  -4.339  32.307 0.0000000000
80143  -5.353  -7.429  34.009 0.0000000000
80114  -5.188  -8.178  35.454 0.0000000000
76130  -4.567  -11.104  36.019 0.0000000000
74733  -4.066  -11.914  36.797 0.0000000000
101709  -49.828  9.952  10.656 0.0000000000
103032  -50.350  10.545  10.601 0.0000000000
103026  -50.224  10.459  11.310 0.0000000000
104215  -50.866  11.091  11.972 0.0000000000
99000  -47.089  7.514  12.830 0.0000000000
96698  -46.495  6.361  11.836 0.0000000000
99007  -47.218  7.551  11.870 0.0000000000
99016  -47.409  7.562  11.047 0.0000000000
99026  -47.690  7.770  10.362 0.0000000000
100353  -49.018  8.940  10.687 0.0000000000
82712  -12.951  -6.183  42.618 0.0000000000
78695  -13.210  -7.222  42.530 0.0000000000
78726  -10.622  -7.630  42.421 0.0000000000
78725  -9.711  -7.777  42.442 0.0000000000
74778  -17.792  -9.356  34.706 0.0000000000
74763  -18.419  -9.315  35.517 0.0000000000
74761  -16.536  -9.583  35.961 0.0000000000
76114  -14.401  -9.467  36.231 0.0000000000
76063  -15.481  -9.123  37.964 0.0000000000
76064  -15.943  -9.161  38.269 0.0000000000
76026  -16.474  -8.842  39.503 0.0000000000
76004  -15.102  -8.690  40.153 0.0000000000
75987  -14.543  -8.394  40.566 0.0000000000
76003  -14.366  -8.642  40.142 0.0000000000
76022  -13.489  -8.698  39.493 0.0000000000
76001  -13.030  -8.495  39.758 0.0000000000
77485  -10.374  -8.751  37.791 0.0000000000
76057  -8.395  -9.568  38.274 0.0000000000
77452  -8.905  -9.094  39.252 0.0000000000
93849  -4.567  1.463  24.131 0.0000000000
85795  -4.302  -3.525  25.992 0.0000000000
85794  -4.221  -3.395  25.462 0.0000000000
85810  -4.225  -3.313  24.395 0.0000000000
85821  -4.246  -3.559  23.560 0.0000000000
82936  -4.756  -4.729  23.954 0.0000000000
81559  -5.352  -6.727  24.051 0.0000000000
77582  -7.159  -9.534  29.796 0.0000000000
78896  -7.301  -8.686  29.266 0.0000000000
77595  -7.099  -9.574  28.730 0.0000000000
74883  -5.753  -11.991  26.279 0.0000000000
74882  -5.195  -11.278  25.876 0.0000000000
76333  -5.195  -10.451  25.275 0.0000000000
74907  -4.561  -11.251  24.255 0.0000000000
74919  -4.675  -11.404  23.531 0.0000000000
85480  -8.606  -5.157  42.827 0.0000000000
86889  -8.905  -5.244  42.027 0.0000000000
86887  -7.911  -5.091  42.612 0.0000000000
86886  -7.497  -5.055  42.651 0.0000000000
85492  -6.635  -5.300  42.097 0.0000000000
82749  -3.920  -7.543  41.830 0.0000000000
82755  -4.262  -7.027  41.094 0.0000000000
84177  -4.665  -6.121  39.691 0.0000000000
76019  -3.428  -11.576  40.674 0.0000000000
76037  -3.598  -11.310  40.019 0.0000000000
74697  -3.428  -11.991  39.273 0.0000000000
73391  -3.603  -12.495  37.832 0.0000000000
73390  -3.392  -12.790  38.418 0.0000000000
70679  -3.444  -14.395  38.126 0.0000000000
66773  -3.196  -17.546  42.923 0.0000000000
68162  -3.068  -16.755  42.948 0.0000000000
68175  -3.067  -16.590  42.673 0.0000000000
68186  -3.067  -16.541  42.209 0.0000000000
68197  -3.144  -16.481  41.677 0.0000000000
66875  -3.068  -17.576  38.164 0.0000000000
84377  -36.433  -2.823  30.373 0.0000000000
85724  -36.816  -2.326  30.185 0.0000000000
85706  -37.157  -1.824  31.026 0.0000000000
88331  -37.774  -0.487  31.551 0.0000000000
89656  -38.142  0.640  31.776 0.0000000000
88320  -38.481  0.159  32.127 0.0000000000
89639  -38.343  0.676  32.094 0.0000000000
91021  -38.322  1.269  31.875 0.0000000000
92423  -38.752  2.122  31.898 0.0000000000
93749  -38.968  2.979  32.076 0.0000000000
84294  -33.782  -1.987  32.697 0.0000000000
84295  -34.497  -2.096  32.619 0.0000000000
84319  -34.989  -2.455  31.919 0.0000000000
84275  -36.357  -1.824  32.888 0.0000000000
84297  -35.771  -1.954  32.464 0.0000000000
84320  -35.583  -2.346  31.916 0.0000000000
84361  -36.481  -2.615  31.093 0.0000000000
89570  -35.117  -0.214  35.728 0.0000000000
89583  -36.119  0.168  34.631 0.0000000000
88261  -35.704  -0.273  34.853 0.0000000000
86958  -35.013  -1.020  35.399 0.0000000000
85622  -33.975  -1.704  34.182 0.0000000000
111253  -53.882  17.158  5.629 0.0000000000
112367  -54.732  18.006  5.972 0.0000000000
111247  -54.363  17.358  6.037 0.0000000000
104271  -47.640  11.159  8.194 0.0000000000
104270  -46.878  11.112  8.047 0.0000000000
104269  -46.030  11.120  7.918 0.0000000000
105414  -46.629  12.026  7.622 0.0000000000
109006  -48.390  15.096  6.634 0.0000000000
110151  -50.267  15.695  6.478 0.0000000000
108996  -50.294  14.929  7.637 0.0000000000
110141  -50.523  15.442  7.168 0.0000000000
110162  -51.029  16.152  5.703 0.0000000000
110163  -51.861  16.410  6.021 0.0000000000
111252  -53.221  16.707  5.998 0.0000000000
91199  -42.051  2.350  19.121 0.0000000000
91200  -42.796  2.265  19.503 0.0000000000
91186  -42.140  2.679  19.630 0.0000000000
92570  -42.926  2.601  20.526 0.0000000000
92539  -43.963  2.885  21.504 0.0000000000
92538  -43.240  2.710  21.496 0.0000000000
92598  -34.898  3.116  18.139 0.0000000000
92611  -35.478  2.746  17.275 0.0000000000
93947  -36.938  2.830  18.384 0.0000000000
93937  -37.856  3.327  18.925 0.0000000000
92601  -38.462  2.579  17.675 0.0000000000
92602  -39.402  2.565  18.226 0.0000000000
91210  -40.294  2.265  18.269 0.0000000000
92533  -4.405  1.031  21.969 0.0000000000
74785  -5.442  -11.750  33.483 0.0000000000
70779  -4.705  -14.381  32.668 0.0000000000
70764  -4.547  -14.271  33.263 0.0000000000
70778  -4.351  -14.936  32.852 0.0000000000
65663  -4.204  -17.831  31.562 0.0000000000
65652  -3.989  -18.010  32.241 0.0000000000
65644  -4.342  -18.228  32.704 0.0000000000
65631  -5.632  -18.382  33.578 0.0000000000
78687  -8.392  -7.683  43.333 0.0000000000
78690  -7.910  -7.884  43.494 0.0000000000
75971  -6.757  -9.106  43.398 0.0000000000
75974  -6.675  -9.476  43.001 0.0000000000
100115  -39.703  7.987  26.081 0.0000000000
100098  -39.879  8.424  26.586 0.0000000000
92486  -35.957  1.023  29.337 0.0000000000
93804  -36.006  1.716  29.352 0.0000000000
93784  -36.027  2.841  29.368 0.0000000000
95167  -35.506  3.280  29.170 0.0000000000
95166  -35.021  3.238  28.854 0.0000000000
95150  -34.898  4.022  28.567 0.0000000000
96506  -34.546  4.486  27.828 0.0000000000
97692  -35.721  6.331  27.690 0.0000000000
98821  -36.477  6.869  27.439 0.0000000000
98838  -37.044  7.022  26.570 0.0000000000
86892  -29.205  -1.773  41.809 0.0000000000
84142  -28.746  -3.125  40.996 0.0000000000
84239  -29.313  -2.371  36.733 0.0000000000
84222  -29.300  -2.446  37.512 0.0000000000
84238  -28.392  -2.597  36.711 0.0000000000
82801  -26.770  -3.067  35.348 0.0000000000
82791  -26.264  -3.335  36.044 0.0000000000
80160  -24.878  -6.429  33.531 0.0000000000
113518  -50.993  17.832  0.970 0.0000000000
115689  -51.625  20.228  2.511 0.0000000000
115702  -51.209  19.955  1.975 0.0000000000
113501  -51.033  18.867  1.063 0.0000000000
115701  -50.645  20.297  1.606 0.0000000000
116851  -50.030  21.046  1.438 0.0000000000
116866  -49.809  21.622  1.292 0.0000000000
119091  -49.801  22.719  1.715 0.0000000000
119092  -49.929  23.472  1.986 0.0000000000
121241  -50.513  25.423  3.877 0.0000000000
103010  -49.090  9.682  13.635 0.0000000000
103011  -49.774  10.250  13.264 0.0000000000
103007  -49.705  10.079  14.224 0.0000000000
102980  -49.374  9.512  16.342 0.0000000000
95331  -42.528  4.339  15.948 0.0000000000
95344  -41.684  4.198  15.340 0.0000000000
96681  -44.132  5.714  13.314 0.0000000000
96682  -44.979  5.987  12.814 0.0000000000
97862  -46.176  6.660  13.217 0.0000000000
97854  -46.234  6.786  14.440 0.0000000000
97855  -46.734  7.206  14.090 0.0000000000
97863  -46.608  7.102  13.422 0.0000000000
100337  -47.503  8.164  13.223 0.0000000000
101693  -47.855  8.626  13.114 0.0000000000
82724  -14.453  -6.523  42.025 0.0000000000
76156  -14.465  -9.652  34.278 0.0000000000
76138  -14.452  -9.512  35.289 0.0000000000
76113  -13.429  -9.338  36.306 0.0000000000
76111  -11.419  -8.828  36.428 0.0000000000
92495  -3.843  0.988  26.296 0.0000000000
93820  -4.135  1.627  25.799 0.0000000000
89702  -3.525  -0.582  26.248 0.0000000000
85758  -4.041  -3.222  27.469 0.0000000000
85757  -4.155  -2.908  26.807 0.0000000000
85777  -4.161  -3.140  26.216 0.0000000000
84432  -4.808  -4.810  26.123 0.0000000000
82920  -5.697  -5.402  26.158 0.0000000000
70864  -5.639  -13.590  24.770 0.0000000000
85556  -9.404  -5.271  38.330 0.0000000000
85555  -8.668  -5.150  38.319 0.0000000000
82706  -5.100  -7.213  43.933 0.0000000000
84099  -5.303  -6.670  43.494 0.0000000000
81394  -4.450  -7.679  43.705 0.0000000000
81405  -4.003  -7.803  43.074 0.0000000000
81409  -3.885  -7.659  42.615 0.0000000000
78704  -3.698  -9.511  43.143 0.0000000000
80068  -3.723  -8.633  42.890 0.0000000000
81408  -3.770  -8.117  42.463 0.0000000000
81412  -3.798  -7.918  41.858 0.0000000000
74681  -3.212  -12.262  40.820 0.0000000000
72014  -3.182  -13.842  40.346 0.0000000000
88370  -35.719  -1.082  28.204 0.0000000000
87055  -36.863  -1.907  29.965 0.0000000000
88358  -36.998  -0.851  30.232 0.0000000000
89681  -37.075  0.135  30.374 0.0000000000
89680  -36.700  -0.431  29.746 0.0000000000
91065  -36.679  0.531  29.999 0.0000000000
91079  -36.171  0.596  29.521 0.0000000000
92466  -36.489  1.460  29.823 0.0000000000
95154  -37.125  3.390  30.601 0.0000000000
96499  -37.170  3.977  30.462 0.0000000000
88230  -32.408  -0.693  39.292 0.0000000000
84191  -31.340  -2.255  38.321 0.0000000000
84224  -30.855  -2.246  37.475 0.0000000000
86929  -33.747  -0.932  37.557 0.0000000000
85577  -32.962  -1.324  36.649 0.0000000000
85565  -33.305  -1.199  36.970 0.0000000000
85564  -32.724  -1.359  37.369 0.0000000000
84226  -31.907  -1.795  37.292 0.0000000000
84225  -31.402  -1.904  37.415 0.0000000000
84240  -30.115  -2.192  36.826 0.0000000000
84271  -28.952  -2.152  35.298 0.0000000000
85617  -28.968  -1.854  34.495 0.0000000000
109026  -50.952  15.603  4.083 0.0000000000
109037  -50.093  15.039  3.466 0.0000000000
109036  -49.201  15.069  3.418 0.0000000000
112399  -52.490  17.626  2.186 0.0000000000
113487  -52.635  18.880  2.605 0.0000000000
113488  -53.147  18.584  2.835 0.0000000000
115691  -53.037  20.231  3.127 0.0000000000
116825  -53.036  21.667  3.857 0.0000000000
117971  -53.170  22.753  4.449 0.0000000000
96630  -47.125  5.697  17.949 0.0000000000
97825  -47.706  6.159  17.930 0.0000000000
96631  -47.849  5.704  18.423 0.0000000000
96623  -48.090  5.285  18.937 0.0000000000
93950  -46.804  4.022  19.190 0.0000000000
91189  -44.265  2.416  20.098 0.0000000000
92571  -44.907  2.522  20.298 0.0000000000
92637  -41.768  2.863  16.664 0.0000000000
89881  -40.691  1.824  16.697 0.0000000000
91269  -41.967  2.592  16.973 0.0000000000
93963  -43.112  3.528  17.334 0.0000000000
93965  -44.510  4.060  17.791 0.0000000000
76143  -21.109  -9.201  35.670 0.0000000000
76160  -20.489  -9.324  34.842 0.0000000000
74765  -19.820  -9.395  35.036 0.0000000000
74791  -18.723  -9.333  33.730 0.0000000000
76159  -17.247  -9.421  33.907 0.0000000000
76175  -15.538  -9.664  33.002 0.0000000000
87168  -4.298  -2.515  20.244 0.0000000000
84488  -4.672  -4.689  20.591 0.0000000000
81638  -5.070  -5.971  21.418 0.0000000000
80302  -5.451  -7.218  22.058 0.0000000000
81470  -5.980  -6.270  30.956 0.0000000000
81476  -6.269  -6.306  29.992 0.0000000000
80185  -6.426  -6.755  30.742 0.0000000000
78870  -6.957  -7.814  30.607 0.0000000000
77571  -6.934  -9.349  30.752 0.0000000000
76238  -6.726  -10.434  30.333 0.0000000000
73489  -6.593  -12.404  29.865 0.0000000000
73488  -6.349  -12.679  30.872 0.0000000000
68369  -4.839  -16.739  28.120 0.0000000000
85456  -10.846  -4.703  43.226 0.0000000000
85468  -9.882  -4.873  43.031 0.0000000000
85467  -9.105  -5.116  42.962 0.0000000000
85466  -8.331  -5.222  42.993 0.0000000000
85452  -7.518  -5.517  43.551 0.0000000000
84085  -6.651  -6.257  44.010 0.0000000000
81369  -7.282  -6.875  43.815 0.0000000000
78684  -6.426  -8.095  44.045 0.0000000000
78678  -6.649  -7.704  44.160 0.0000000000
81368  -6.685  -6.822  44.179 0.0000000000
81367  -6.021  -6.684  44.622 0.0000000000
82692  -6.238  -6.531  44.733 0.0000000000
82707  -5.620  -6.794  44.188 0.0000000000
80041  -4.935  -7.767  44.133 0.0000000000
78680  -4.891  -8.688  44.091 0.0000000000
77365  -4.418  -9.719  43.947 0.0000000000
75963  -4.521  -10.503  43.956 0.0000000000
75962  -4.168  -10.727  43.743 0.0000000000
73331  -3.728  -12.554  43.583 0.0000000000
95252  -40.298  4.515  22.868 0.0000000000
96519  -40.976  6.179  24.846 0.0000000000
91077  -35.164  0.575  28.454 0.0000000000
89708  -34.783  -0.364  27.484 0.0000000000
92503  -34.247  0.783  27.803 0.0000000000
96558  -37.029  5.277  23.713 0.0000000000
95249  -37.186  4.357  22.573 0.0000000000
95250  -38.209  4.680  22.614 0.0000000000
80075  -25.747  -5.814  41.793 0.0000000000
80074  -25.304  -6.336  41.529 0.0000000000
78739  -24.301  -7.291  40.550 0.0000000000
77459  -23.781  -7.551  39.082 0.0000000000
77470  -23.363  -7.995  38.367 0.0000000000
76097  -22.969  -8.152  37.314 0.0000000000
89546  -31.011  -0.423  40.719 0.0000000000
86903  -31.444  -1.481  40.395 0.0000000000
88225  -31.304  -0.973  40.660 0.0000000000
88224  -30.633  -1.036  40.935 0.0000000000
85502  -30.118  -2.119  40.884 0.0000000000
82748  -28.428  -3.387  40.656 0.0000000000
82777  -28.692  -2.866  37.657 0.0000000000
82769  -28.716  -2.927  38.257 0.0000000000
82762  -28.095  -3.218  39.224 0.0000000000
82757  -27.929  -3.645  39.990 0.0000000000
81423  -26.554  -4.929  40.159 0.0000000000
80084  -25.634  -5.830  39.331 0.0000000000
80102  -25.103  -6.376  37.300 0.0000000000
78775  -24.676  -6.926  37.545 0.0000000000
78761  -24.711  -6.892  38.495 0.0000000000
77488  -23.901  -7.559  37.522 0.0000000000
76121  -22.161  -8.233  36.468 0.0000000000
76144  -21.695  -8.687  35.558 0.0000000000
76179  -20.458  -9.164  33.728 0.0000000000
116876  -50.361  21.385  -0.347 0.0000000000
116890  -51.288  21.574  -1.501 0.0000000000
116893  -52.897  21.536  -2.509 0.0000000000
89673  -3.200  -0.995  28.408 0.0000000000
88350  -3.267  -2.120  28.590 0.0000000000
87066  -3.320  -2.659  28.816 0.0000000000
88325  -3.226  -1.518  30.375 0.0000000000
87029  -3.672  -2.705  30.785 0.0000000000
84346  -4.700  -4.671  30.713 0.0000000000
82827  -5.679  -5.801  31.131 0.0000000000
80174  -5.713  -6.810  32.074 0.0000000000
80168  -6.079  -7.421  32.261 0.0000000000
80167  -5.501  -6.933  32.683 0.0000000000
80159  -5.927  -7.706  32.820 0.0000000000
77532  -6.130  -9.071  33.298 0.0000000000
77531  -5.952  -9.787  33.341 0.0000000000
78814  -5.433  -8.192  34.575 0.0000000000
73441  -4.777  -12.502  34.216 0.0000000000
73440  -4.538  -12.874  34.537 0.0000000000
72072  -4.330  -13.490  34.550 0.0000000000
104258  -50.886  12.171  9.322 0.0000000000
105395  -51.447  12.263  9.519 0.0000000000
104240  -51.724  12.126  9.866 0.0000000000
97826  -48.362  6.261  18.254 0.0000000000
95253  -41.482  4.344  22.729 0.0000000000
95254  -42.382  4.304  22.996 0.0000000000
95391  -44.773  5.041  11.299 0.0000000000
95408  -45.071  4.919  10.692 0.0000000000
96708  -46.564  6.210  11.350 0.0000000000
95409  -45.827  5.211  10.552 0.0000000000
95429  -45.428  5.143  10.038 0.0000000000
96741  -45.595  5.529  9.336 0.0000000000
97911  -45.522  5.972  8.928 0.0000000000
99058  -45.585  7.485  8.707 0.0000000000
99059  -46.187  7.834  8.845 0.0000000000
100396  -46.596  8.577  8.979 0.0000000000
100397  -47.246  8.803  9.191 0.0000000000
99038  -47.495  7.953  9.649 0.0000000000
100398  -47.648  8.955  9.354 0.0000000000
101756  -47.940  9.509  9.237 0.0000000000
103066  -49.239  10.432  9.032 0.0000000000
80037  -10.347  -6.632  43.431 0.0000000000
80038  -11.312  -6.280  43.331 0.0000000000
80042  -9.542  -7.194  43.185 0.0000000000
78706  -8.981  -7.880  42.719 0.0000000000
77394  -8.285  -8.189  42.276 0.0000000000
78724  -9.088  -7.952  42.434 0.0000000000
74672  -6.595  -10.509  40.864 0.0000000000
76119  -20.942  -9.143  36.644 0.0000000000
76118  -20.076  -9.406  36.690 0.0000000000
76117  -19.335  -9.449  37.088 0.0000000000
76093  -20.025  -9.363  37.732 0.0000000000
76047  -18.657  -9.371  39.130 0.0000000000
74737  -16.538  -9.517  36.823 0.0000000000
74736  -15.909  -9.463  36.907 0.0000000000
76028  -18.184  -9.450  39.748 0.0000000000
76008  -18.590  -9.217  40.333 0.0000000000
75978  -17.155  -8.843  41.085 0.0000000000
77384  -16.145  -8.316  41.821 0.0000000000
77417  -14.590  -8.431  40.785 0.0000000000
77399  -13.847  -7.955  41.488 0.0000000000
76060  -12.383  -8.740  38.211 0.0000000000
76040  -12.260  -8.636  38.928 0.0000000000
77443  -12.304  -8.495  39.482 0.0000000000
77467  -10.551  -8.628  38.397 0.0000000000
77455  -11.561  -8.609  38.944 0.0000000000
77428  -11.328  -8.025  40.606 0.0000000000
77426  -9.153  -8.061  40.656 0.0000000000
76038  -7.985  -9.701  39.149 0.0000000000
92509  -4.051  0.934  25.355 0.0000000000
92516  -4.233  0.828  24.333 0.0000000000
91128  -4.062  0.132  24.260 0.0000000000
87103  -3.744  -1.749  24.749 0.0000000000
91147  -4.115  0.285  23.559 0.0000000000
89779  -3.889  -0.480  22.985 0.0000000000
85834  -4.433  -3.605  23.013 0.0000000000
84469  -4.883  -4.074  22.625 0.0000000000
84480  -4.705  -4.085  21.937 0.0000000000
82998  -4.844  -5.035  22.156 0.0000000000
81601  -4.917  -6.527  22.530 0.0000000000
78982  -5.330  -8.285  22.866 0.0000000000
81482  -6.176  -5.946  28.935 0.0000000000
81492  -6.795  -6.332  28.258 0.0000000000
78897  -7.356  -7.823  28.835 0.0000000000
81509  -6.831  -6.175  27.341 0.0000000000
81524  -6.620  -6.121  26.575 0.0000000000
80240  -6.611  -6.491  26.110 0.0000000000
80239  -6.689  -7.162  25.754 0.0000000000
77613  -6.305  -10.039  26.851 0.0000000000
77628  -6.579  -9.299  26.440 0.0000000000
78942  -6.512  -8.429  25.637 0.0000000000
80257  -6.210  -7.343  24.909 0.0000000000
80256  -5.708  -7.420  24.246 0.0000000000
78955  -5.364  -8.065  23.978 0.0000000000
78968  -5.156  -8.308  23.454 0.0000000000
78969  -5.130  -8.915  23.261 0.0000000000
78983  -5.715  -8.763  22.717 0.0000000000
77683  -5.492  -9.390  22.902 0.0000000000
76388  -6.195  -10.381  22.554 0.0000000000
73588  -5.287  -11.462  22.992 0.0000000000
74939  -6.226  -11.240  22.946 0.0000000000
86950  -4.849  -4.317  36.301 0.0000000000
85494  -8.709  -5.186  41.543 0.0000000000
85508  -8.823  -5.086  41.127 0.0000000000
85524  -7.777  -5.103  39.809 0.0000000000
85523  -7.399  -5.156  39.522 0.0000000000
84115  -5.613  -6.239  42.978 0.0000000000
85491  -5.953  -5.915  42.143 0.0000000000
85507  -6.451  -5.286  41.207 0.0000000000
84146  -5.148  -6.186  41.476 0.0000000000
85506  -5.968  -5.527  41.266 0.0000000000
85522  -6.470  -5.265  40.714 0.0000000000
86913  -6.585  -5.188  40.167 0.0000000000
86924  -7.043  -5.135  38.866 0.0000000000
86931  -6.019  -4.792  38.068 0.0000000000
85567  -5.288  -4.759  37.869 0.0000000000
85552  -5.104  -5.355  38.681 0.0000000000
86940  -5.348  -4.457  37.237 0.0000000000
81429  -4.467  -7.222  37.549 0.0000000000
78773  -4.463  -9.219  37.427 0.0000000000
78749  -3.842  -9.443  39.397 0.0000000000
77482  -3.950  -10.186  38.038 0.0000000000
77483  -4.171  -10.113  37.358 0.0000000000
73405  -3.796  -12.891  36.982 0.0000000000
70723  -3.488  -14.837  35.832 0.0000000000
69493  -3.294  -15.741  35.779 0.0000000000
71916  -4.094  -13.264  43.988 0.0000000000
71929  -3.443  -13.521  43.591 0.0000000000
69387  -3.821  -15.872  43.720 0.0000000000
69372  -3.783  -14.910  43.835 0.0000000000
70554  -3.445  -14.384  43.734 0.0000000000
71928  -3.229  -13.484  43.038 0.0000000000
71944  -3.168  -13.701  42.974 0.0000000000
71981  -3.127  -13.942  42.276 0.0000000000
70576  -3.078  -14.744  42.643 0.0000000000
72007  -3.155  -13.938  41.141 0.0000000000
66808  -3.177  -17.130  41.299 0.0000000000
70647  -3.291  -14.714  39.671 0.0000000000
70663  -3.402  -15.361  37.986 0.0000000000
68226  -3.243  -16.737  37.913 0.0000000000
69463  -3.329  -15.927  37.533 0.0000000000
69476  -3.305  -15.860  36.674 0.0000000000
66935  -3.225  -17.201  35.149 0.0000000000
66919  -3.374  -17.709  35.250 0.0000000000
65597  -5.759  -18.622  35.114 0.0000000000
64212  -6.144  -19.092  36.039 0.0000000000
64224  -6.217  -19.059  35.258 0.0000000000
65581  -5.560  -18.577  35.853 0.0000000000
68225  -3.209  -16.981  38.585 0.0000000000
68396  -5.708  -16.332  26.733 0.0000000000
71915  -3.973  -13.215  43.922 0.0000000000
73321  -3.929  -12.582  43.704 0.0000000000
74690  -16.303  -9.285  38.468 0.0000000000
74701  -16.189  -9.248  38.126 0.0000000000
74717  -15.880  -9.302  37.582 0.0000000000
74793  -19.940  -9.210  33.700 0.0000000000
74918  -4.640  -10.811  23.234 0.0000000000
74936  -4.784  -10.654  23.018 0.0000000000
76021  -12.867  -8.626  39.338 0.0000000000
76023  -14.080  -8.749  39.698 0.0000000000
76039  -11.880  -8.573  38.790 0.0000000000
76044  -16.084  -9.104  38.689 0.0000000000
76085  -10.391  -8.966  37.282 0.0000000000
76165  -23.608  -7.852  33.818 0.0000000000
76184  -23.648  -7.910  33.473 0.0000000000
76206  -23.358  -8.078  32.543 0.0000000000
76385  -4.731  -10.429  23.146 0.0000000000
76386  -5.025  -10.205  22.981 0.0000000000
77446  -23.813  -7.637  39.922 0.0000000000
77456  -12.063  -8.577  39.143 0.0000000000
77465  -9.133  -9.003  38.636 0.0000000000
77468  -11.068  -8.655  38.123 0.0000000000
77471  -23.843  -7.548  38.274 0.0000000000
77500  -23.444  -7.755  36.951 0.0000000000
77520  -5.973  -9.107  33.751 0.0000000000
77521  -23.508  -7.626  35.190 0.0000000000
77533  -23.655  -7.916  33.263 0.0000000000
77534  -23.898  -7.706  33.523 0.0000000000
77535  -24.253  -7.294  33.348 0.0000000000
77671  -5.133  -9.426  23.165 0.0000000000
78677  -6.374  -7.678  44.181 0.0000000000
78679  -6.983  -7.623  44.127 0.0000000000
78688  -3.953  -9.597  43.447 0.0000000000
78738  -10.182  -8.008  40.580 0.0000000000
78742  -9.943  -8.058  40.210 0.0000000000
78743  -10.111  -8.051  40.378 0.0000000000
78744  -24.261  -7.233  39.684 0.0000000000
78774  -24.284  -7.359  37.331 0.0000000000
78786  -24.780  -6.742  36.694 0.0000000000
78787  -25.056  -6.415  36.400 0.0000000000
78926  -7.192  -7.420  27.231 0.0000000000
78941  -6.039  -8.717  25.112 0.0000000000
80027  -6.618  -7.683  44.356 0.0000000000
80028  -6.903  -7.570  44.450 0.0000000000
80029  -4.952  -8.006  44.037 0.0000000000
80030  -5.161  -7.777  44.278 0.0000000000
80033  -6.465  -7.393  44.439 0.0000000000
80034  -6.764  -7.455  44.043 0.0000000000
80039  -11.831  -6.141  43.453 0.0000000000
80048  -15.081  -7.401  42.022 0.0000000000
80049  -15.824  -7.518  42.008 0.0000000000
80057  -3.873  -8.774  43.284 0.0000000000
80091  -25.098  -6.417  38.136 0.0000000000
80128  -25.232  -6.315  35.199 0.0000000000
80176  -6.677  -7.244  30.893 0.0000000000
80195  -7.022  -7.178  29.367 0.0000000000
80255  -5.450  -7.398  23.927 0.0000000000
80288  -5.111  -7.179  22.853 0.0000000000
80301  -5.240  -7.175  22.455 0.0000000000
81364  -5.302  -7.560  44.380 0.0000000000
81365  -5.540  -7.243  44.476 0.0000000000
81366  -5.859  -6.913  44.669 0.0000000000
81378  -4.812  -7.543  43.979 0.0000000000
81379  -5.170  -7.422  44.178 0.0000000000
81380  -5.509  -6.978  44.333 0.0000000000
81395  -15.095  -6.551  42.241 0.0000000000
81404  -3.834  -8.043  42.795 0.0000000000
81410  -26.200  -5.329  41.893 0.0000000000
81413  -3.806  -7.705  42.261 0.0000000000
81415  -26.625  -4.827  41.284 0.0000000000
81418  -26.191  -5.354  40.507 0.0000000000
81468  -5.315  -5.608  31.833 0.0000000000
81483  -6.723  -6.570  29.136 0.0000000000
81491  -6.202  -5.728  27.990 0.0000000000
81540  -6.095  -6.167  25.647 0.0000000000
81541  -6.373  -6.114  26.154 0.0000000000
81561  -5.885  -6.443  25.041 0.0000000000
81619  -4.828  -6.300  21.934 0.0000000000
82690  -5.768  -6.855  44.355 0.0000000000
82691  -5.911  -6.698  44.498 0.0000000000
82693  -6.783  -6.714  44.650 0.0000000000
82694  -7.201  -6.630  43.849 0.0000000000
82705  -4.963  -7.459  43.992 0.0000000000
82708  -6.105  -6.615  44.289 0.0000000000
82709  -6.326  -6.533  44.412 0.0000000000
82721  -4.803  -7.353  43.814 0.0000000000
82722  -5.001  -7.009  43.656 0.0000000000
82733  -4.541  -7.092  43.397 0.0000000000
82734  -5.007  -6.757  43.319 0.0000000000
82746  -27.016  -4.313  41.895 0.0000000000
82752  -27.795  -3.719  40.660 0.0000000000
82761  -27.153  -4.412  39.743 0.0000000000
82832  -34.660  -3.073  30.787 0.0000000000
82839  -5.667  -5.674  30.532 0.0000000000
82851  -4.322  -4.500  28.650 0.0000000000
82901  -5.156  -5.008  26.442 0.0000000000
82902  -5.653  -5.239  26.827 0.0000000000
82938  -5.337  -5.563  24.951 0.0000000000
82957  -4.771  -5.370  23.559 0.0000000000
82977  -4.844  -4.389  23.339 0.0000000000
83017  -5.063  -5.216  21.110 0.0000000000
84069  -6.650  -6.640  44.402 0.0000000000
84072  -8.374  -6.017  43.733 0.0000000000
84075  -11.130  -5.231  43.751 0.0000000000
84082  -5.222  -6.902  43.768 0.0000000000
84083  -5.464  -6.716  43.840 0.0000000000
84086  -7.218  -6.056  43.773 0.0000000000
84100  -5.665  -6.418  43.510 0.0000000000
84101  -6.215  -6.082  43.760 0.0000000000
84113  -4.520  -6.842  42.974 0.0000000000
84126  -27.441  -3.523  42.158 0.0000000000
84129  -4.548  -6.711  42.498 0.0000000000
84131  -5.742  -6.124  42.604 0.0000000000
84158  -30.064  -2.677  39.855 0.0000000000
84161  -5.202  -6.005  40.982 0.0000000000
84176  -31.712  -2.073  38.539 0.0000000000
84192  -31.790  -1.861  38.091 0.0000000000
84205  -30.037  -2.452  38.260 0.0000000000
84208  -31.954  -1.754  37.657 0.0000000000
84258  -31.327  -1.872  36.445 0.0000000000
84269  -27.021  -2.929  34.367 0.0000000000
84274  -35.990  -1.834  32.966 0.0000000000
84299  -36.699  -1.800  32.292 0.0000000000
84322  -36.518  -1.975  32.082 0.0000000000
84340  -35.371  -2.769  31.175 0.0000000000
84360  -35.826  -2.914  30.674 0.0000000000
84406  -4.267  -3.763  27.849 0.0000000000
84446  -4.708  -4.739  24.965 0.0000000000
84457  -4.667  -4.090  23.785 0.0000000000
84468  -4.811  -4.025  23.210 0.0000000000
85451  -6.911  -5.729  43.561 0.0000000000
85453  -8.197  -5.381  43.327 0.0000000000
85455  -9.942  -5.084  43.190 0.0000000000
85462  -5.956  -6.116  43.341 0.0000000000
85464  -7.014  -5.465  43.385 0.0000000000
85476  -6.115  -6.067  42.892 0.0000000000
85479  -7.759  -5.134  42.966 0.0000000000
85489  -29.455  -2.173  41.449 0.0000000000
85493  -7.033  -5.115  42.406 0.0000000000
85503  -30.786  -1.995  40.331 0.0000000000
85504  -31.433  -1.771  40.024 0.0000000000
85505  -5.506  -5.890  41.353 0.0000000000
85517  -31.114  -2.074  39.803 0.0000000000
85518  -31.658  -1.770  39.592 0.0000000000
85538  -5.892  -5.170  39.633 0.0000000000
85539  -7.470  -5.237  39.196 0.0000000000
85549  -32.131  -1.780  38.328 0.0000000000
85551  -33.069  -1.243  37.547 0.0000000000
85553  -5.304  -4.954  38.421 0.0000000000
85563  -32.265  -1.664  37.780 0.0000000000
85576  -32.361  -1.605  37.221 0.0000000000
85578  -33.840  -1.267  36.157 0.0000000000
85579  -34.558  -1.207  35.552 0.0000000000
85608  -36.411  -1.244  33.759 0.0000000000
85609  -36.785  -1.076  33.489 0.0000000000
85624  -35.575  -1.769  33.627 0.0000000000
85626  -36.830  -1.282  33.237 0.0000000000
85645  -36.575  -1.754  32.816 0.0000000000
85646  -36.968  -1.516  32.638 0.0000000000
85669  -37.333  -1.341  32.110 0.0000000000
85705  -36.894  -2.371  30.793 0.0000000000
85709  -3.393  -2.706  29.566 0.0000000000
85725  -37.102  -2.070  30.624 0.0000000000
85778  -4.266  -3.461  26.535 0.0000000000
86880  -8.004  -4.966  42.971 0.0000000000
86881  -8.223  -5.162  42.885 0.0000000000
86888  -8.422  -5.195  42.477 0.0000000000
86895  -7.271  -5.138  41.995 0.0000000000
86897  -8.502  -5.218  41.816 0.0000000000
86898  -8.845  -5.198  41.796 0.0000000000
86902  -30.826  -1.585  40.793 0.0000000000
86904  -6.828  -5.236  41.158 0.0000000000
86911  -32.145  -1.069  39.431 0.0000000000
86920  -32.955  -1.017  38.627 0.0000000000
86922  -5.978  -5.006  39.118 0.0000000000
86927  -32.787  -1.330  38.480 0.0000000000
86928  -33.225  -1.096  38.016 0.0000000000
86937  -33.547  -1.119  37.326 0.0000000000
86947  -33.840  -1.099  36.729 0.0000000000
86949  -35.098  -0.793  35.595 0.0000000000
86968  -36.267  -0.973  34.192 0.0000000000
86979  -37.068  -0.953  33.311 0.0000000000
86980  -37.532  -0.843  33.187 0.0000000000
86995  -37.607  -0.998  32.737 0.0000000000
87024  -37.574  -0.965  31.809 0.0000000000
87046  -3.349  -2.696  29.324 0.0000000000
87065  -3.166  -2.184  28.942 0.0000000000
87090  -3.973  -2.500  26.287 0.0000000000
88221  -29.972  -1.088  41.260 0.0000000000
88229  -32.027  -0.762  39.657 0.0000000000
88237  -33.690  -0.692  37.931 0.0000000000
88238  -34.135  -0.656  37.348 0.0000000000
88243  -34.973  -0.405  36.013 0.0000000000
88250  -34.935  -0.680  36.014 0.0000000000
88251  -35.259  -0.455  35.474 0.0000000000
88262  -36.383  -0.321  34.462 0.0000000000
88263  -36.837  -0.151  34.044 0.0000000000
88274  -36.735  -0.472  34.030 0.0000000000
88286  -37.719  -0.385  33.423 0.0000000000
88287  -38.064  -0.146  33.232 0.0000000000
88338  -3.044  -1.589  29.671 0.0000000000
88364  -3.449  -2.353  28.200 0.0000000000
88405  -3.804  -1.093  24.469 0.0000000000
88540  -38.378  0.956  15.607 0.0000000000
88558  -38.004  0.942  15.129 0.0000000000
88559  -38.488  0.931  15.334 0.0000000000
89543  -30.312  -0.462  41.039 0.0000000000
89553  -32.595  -0.249  39.033 0.0000000000
89562  -33.970  -0.281  37.632 0.0000000000
89563  -34.315  -0.219  36.987 0.0000000000
89576  -35.024  0.251  35.490 0.0000000000
89577  -35.360  0.067  35.254 0.0000000000
89585  -37.104  0.275  33.961 0.0000000000
89594  -37.728  0.197  33.715 0.0000000000
89624  -38.532  0.630  32.466 0.0000000000
89688  -3.360  -0.462  27.237 0.0000000000
89817  -42.629  2.095  19.043 0.0000000000
89829  -41.852  2.005  18.574 0.0000000000
89830  -42.436  1.988  18.442 0.0000000000
89845  -39.560  1.892  17.156 0.0000000000
89847  -40.947  1.868  17.933 0.0000000000
89849  -42.407  2.013  17.853 0.0000000000
89859  -38.857  1.512  16.596 0.0000000000
89862  -41.159  1.759  17.329 0.0000000000
89864  -42.212  2.046  17.521 0.0000000000
89879  -39.050  1.308  15.979 0.0000000000
89882  -41.238  1.931  17.048 0.0000000000
89901  -39.634  1.599  15.794 0.0000000000
89902  -40.164  1.779  16.238 0.0000000000
90926  -31.255  0.147  40.305 0.0000000000
90927  -31.592  -0.026  39.920 0.0000000000
90937  -32.353  0.155  39.113 0.0000000000
90946  -33.233  0.181  38.318 0.0000000000
90979  -37.021  0.495  34.076 0.0000000000
91014  -38.818  1.610  32.577 0.0000000000
91058  -3.300  -0.429  28.315 0.0000000000
91094  -34.083  0.300  27.335 0.0000000000
91095  -34.674  0.132  27.745 0.0000000000
91096  -35.210  0.112  28.198 0.0000000000
91109  -3.957  0.243  24.916 0.0000000000
91174  -43.252  2.491  20.496 0.0000000000
91176  -44.061  2.481  20.511 0.0000000000
91185  -41.844  2.789  19.483 0.0000000000
91187  -42.904  2.502  20.107 0.0000000000
91188  -43.488  2.373  20.046 0.0000000000
91197  -40.814  2.547  18.769 0.0000000000
91203  -44.910  2.637  19.575 0.0000000000
91211  -41.219  2.180  18.590 0.0000000000
91212  -41.572  2.116  18.621 0.0000000000
91213  -43.545  2.271  18.895 0.0000000000
91214  -44.292  2.558  18.969 0.0000000000
91232  -42.739  2.203  17.870 0.0000000000
91233  -43.395  2.348  18.179 0.0000000000
91253  -38.378  1.518  16.876 0.0000000000
91254  -42.012  2.365  17.074 0.0000000000
91255  -42.397  2.367  17.435 0.0000000000
91267  -40.809  2.017  16.516 0.0000000000
91268  -41.348  2.300  16.791 0.0000000000
91287  -40.922  2.457  16.191 0.0000000000
92287  -30.911  0.564  40.525 0.0000000000
92449  -37.975  1.961  31.018 0.0000000000
92551  -42.387  2.925  20.688 0.0000000000
92553  -43.341  2.516  20.839 0.0000000000
92569  -42.553  2.749  20.271 0.0000000000
92573  -46.351  3.162  20.510 0.0000000000
92588  -41.314  2.895  19.337 0.0000000000
92603  -40.020  2.599  18.568 0.0000000000
92604  -44.748  2.875  18.834 0.0000000000
92616  -44.722  3.282  18.493 0.0000000000
92630  -42.937  2.938  17.453 0.0000000000
92638  -42.396  3.073  17.014 0.0000000000
93629  -31.029  1.327  40.086 0.0000000000
93748  -38.864  2.626  31.861 0.0000000000
93861  -37.967  4.415  22.187 0.0000000000
93862  -38.592  4.550  21.993 0.0000000000
93871  -5.325  1.769  23.131 0.0000000000
93887  -43.752  3.135  22.097 0.0000000000
93908  -42.719  2.868  21.266 0.0000000000
93925  -41.149  3.247  20.271 0.0000000000
93935  -36.042  3.087  19.162 0.0000000000
93941  -46.862  3.646  19.763 0.0000000000
93942  -47.518  3.887  19.974 0.0000000000
93949  -46.061  3.718  18.932 0.0000000000
93964  -43.893  4.036  17.488 0.0000000000
93979  -41.923  3.631  16.298 0.0000000000
94033  -44.582  4.809  10.927 0.0000000000
94049  -44.420  4.624  10.608 0.0000000000
95083  -38.454  3.913  33.873 0.0000000000
95218  -35.669  5.060  23.517 0.0000000000
95310  -45.213  4.407  17.856 0.0000000000
95313  -47.513  5.137  18.653 0.0000000000
95315  -44.137  4.402  17.207 0.0000000000
95317  -45.678  5.177  17.370 0.0000000000
95330  -42.044  4.022  15.881 0.0000000000
95375  -44.662  5.438  11.892 0.0000000000
95376  -45.209  5.416  11.712 0.0000000000
95390  -44.288  5.075  11.452 0.0000000000
95428  -44.842  4.775  10.048 0.0000000000
95449  -45.193  5.104  9.688 0.0000000000
96495  -34.918  4.381  28.361 0.0000000000
96540  -41.385  5.558  24.278 0.0000000000
96629  -46.348  5.302  17.719 0.0000000000
96635  -46.093  5.880  16.865 0.0000000000
96652  -45.649  5.853  16.276 0.0000000000
96668  -45.867  6.626  13.578 0.0000000000
96707  -46.223  5.609  11.064 0.0000000000
96716  -46.336  5.642  10.396 0.0000000000
97674  -36.978  5.790  29.654 0.0000000000
97830  -47.623  6.540  17.425 0.0000000000
97843  -45.886  6.224  15.703 0.0000000000
97871  -46.579  6.737  12.411 0.0000000000
97885  -47.269  7.165  10.490 0.0000000000
97896  -46.922  6.677  10.205 0.0000000000
97912  -45.826  6.365  9.147 0.0000000000
97914  -47.080  7.401  9.645 0.0000000000
97935  -45.275  6.442  8.728 0.0000000000
97937  -46.384  7.446  9.049 0.0000000000
98840  -38.801  7.320  25.782 0.0000000000
98959  -48.994  7.003  18.032 0.0000000000
98975  -46.964  7.021  15.921 0.0000000000
99008  -47.643  8.023  11.469 0.0000000000
99015  -47.100  7.164  11.338 0.0000000000
100294  -48.818  7.711  17.523 0.0000000000
100314  -48.150  8.002  16.597 0.0000000000
100329  -47.525  8.069  14.217 0.0000000000
100338  -47.761  8.515  12.732 0.0000000000
100354  -49.390  9.461  10.558 0.0000000000
100364  -49.485  9.649  10.213 0.0000000000
100374  -48.095  8.961  9.511 0.0000000000
100376  -49.258  9.426  9.961 0.0000000000
101672  -48.798  9.384  16.851 0.0000000000
101728  -48.255  9.376  9.378 0.0000000000
101757  -48.588  9.940  9.106 0.0000000000
101771  -46.567  9.820  8.571 0.0000000000
102961  -49.537  9.540  16.927 0.0000000000
102979  -48.963  9.423  16.076 0.0000000000
103001  -50.288  10.206  15.111 0.0000000000
103018  -49.592  10.158  12.270 0.0000000000
103025  -49.794  10.171  11.683 0.0000000000
103079  -47.115  10.379  8.448 0.0000000000
104238  -49.957  10.844  9.470 0.0000000000
104255  -48.217  10.625  8.624 0.0000000000
105396  -52.105  12.737  9.589 0.0000000000
105407  -52.116  13.162  9.304 0.0000000000
105416  -48.195  11.994  8.235 0.0000000000
105417  -48.665  11.871  8.485 0.0000000000
106581  -48.082  13.302  7.751 0.0000000000
107835  -47.867  13.762  7.412 0.0000000000
107847  -47.386  14.081  6.911 0.0000000000
107869  -51.660  15.301  3.132 0.0000000000
107879  -51.577  15.148  2.801 0.0000000000
107889  -51.454  15.051  2.522 0.0000000000
109007  -49.399  15.322  6.874 0.0000000000
109010  -51.879  15.446  7.639 0.0000000000
109024  -49.503  15.294  3.938 0.0000000000
109025  -50.261  15.347  3.981 0.0000000000
109040  -52.539  15.937  3.641 0.0000000000
109041  -52.801  16.170  3.591 0.0000000000
109043  -51.989  15.375  2.959 0.0000000000
109045  -52.721  16.035  3.389 0.0000000000
109053  -52.209  15.622  2.698 0.0000000000
110142  -50.824  15.341  7.420 0.0000000000
110143  -52.308  15.489  7.605 0.0000000000
110144  -52.549  15.362  7.783 0.0000000000
110145  -53.787  15.774  7.853 0.0000000000
110152  -51.178  15.774  6.932 0.0000000000
110155  -53.500  16.070  7.350 0.0000000000
110169  -50.289  15.737  4.559 0.0000000000
110172  -52.492  16.484  4.564 0.0000000000
110178  -51.967  15.944  4.127 0.0000000000
110180  -52.849  16.460  4.056 0.0000000000
110182  -52.768  16.408  2.964 0.0000000000
110190  -52.318  16.111  2.530 0.0000000000
111251  -52.480  16.643  5.651 0.0000000000
111256  -52.340  16.573  5.031 0.0000000000
112366  -54.543  17.402  6.538 0.0000000000
112372  -54.310  17.858  4.477 0.0000000000
112373  -54.561  18.377  4.615 0.0000000000
112382  -54.332  18.181  3.960 0.0000000000
112383  -54.624  18.582  4.262 0.0000000000
112391  -54.221  18.409  3.555 0.0000000000
113472  -54.626  19.004  4.003 0.0000000000
113489  -54.114  18.929  3.434 0.0000000000
113504  -52.778  17.997  2.444 0.0000000000
114556  -54.257  20.073  3.890 0.0000000000
114558  -54.764  19.466  4.577 0.0000000000
114573  -54.146  19.681  3.552 0.0000000000
114584  -51.099  19.352  1.502 0.0000000000
114586  -52.316  19.132  2.481 0.0000000000
114601  -50.721  19.416  0.990 0.0000000000
115663  -53.876  21.602  4.403 0.0000000000
115676  -53.950  20.847  4.058 0.0000000000
115717  -50.319  20.282  0.859 0.0000000000
116809  -53.179  22.184  4.183 0.0000000000
116822  -50.395  22.038  2.835 0.0000000000
116823  -50.939  21.832  3.023 0.0000000000
116837  -49.864  21.809  1.963 0.0000000000
116840  -51.779  20.743  2.931 0.0000000000
116850  -49.865  21.583  1.736 0.0000000000
117970  -52.743  23.068  4.383 0.0000000000
118007  -49.753  22.085  1.595 0.0000000000
119082  -49.919  22.823  2.290 0.0000000000
119107  -49.744  22.535  1.319 0.0000000000
119121  -50.434  23.234  0.041 0.0000000000
120177  -50.785  24.904  4.059 0.0000000000
120195  -51.022  23.903  3.957 0.0000000000
121230  -50.912  25.280  4.388 0.0000000000
