#!ascii label  , from subject 198451 vox2ras=TkReg
1361
135619  -48.636  43.291  -3.286 0.0000000000
147381  -46.561  57.090  -20.568 0.0000000000
142700  -41.186  51.568  -12.834 0.0000000000
138783  -50.795  45.927  -15.402 0.0000000000
138080  -46.667  44.857  -25.234 0.0000000000
142820  -50.122  51.315  -22.010 0.0000000000
136503  -48.783  44.064  -23.151 0.0000000000
137971  -46.235  45.497  -17.696 0.0000000000
132579  -41.650  38.004  -5.043 0.0000000000
135655  -43.638  42.763  -6.556 0.0000000000
149458  -43.119  60.933  -17.470 0.0000000000
140458  -42.819  49.133  -21.859 0.0000000000
139781  -44.441  47.490  -27.931 0.0000000000
141104  -45.169  49.549  -9.787 0.0000000000
142766  -43.632  51.065  -17.892 0.0000000000
142729  -48.178  51.830  -14.634 0.0000000000
140382  -49.086  48.396  -8.815 0.0000000000
138700  -47.647  46.569  -10.409 0.0000000000
137167  -41.635  43.875  -12.315 0.0000000000
136375  -49.398  43.226  -4.408 0.0000000000
135805  -44.207  42.642  -27.460 0.0000000000
135789  -48.448  43.037  -25.472 0.0000000000
136552  -44.023  42.882  -25.381 0.0000000000
138048  -44.660  45.123  -23.151 0.0000000000
133379  -42.764  39.913  -6.573 0.0000000000
136386  -40.255  44.003  -6.947 0.0000000000
150781  -37.850  62.938  -15.873 0.0000000000
139765  -42.994  47.315  -25.650 0.0000000000
141115  -42.236  49.690  -10.786 0.0000000000
144983  -42.879  54.053  -12.093 0.0000000000
146589  -40.775  56.685  -18.360 0.0000000000
144272  -44.538  53.921  -18.566 0.0000000000
139678  -50.996  47.662  -19.070 0.0000000000
141992  -49.693  49.227  -18.272 0.0000000000
141159  -49.911  49.092  -15.851 0.0000000000
141909  -48.380  50.590  -12.054 0.0000000000
140399  -49.933  47.744  -12.091 0.0000000000
138690  -49.153  47.149  -9.465 0.0000000000
137909  -49.748  45.904  -12.077 0.0000000000
138747  -44.602  46.804  -14.065 0.0000000000
142041  -47.317  50.616  -22.273 0.0000000000
145823  -48.629  54.784  -21.934 0.0000000000
140492  -48.964  48.414  -23.826 0.0000000000
138052  -49.856  46.444  -22.683 0.0000000000
136483  -49.931  44.567  -19.448 0.0000000000
137211  -49.586  45.135  -16.606 0.0000000000
137234  -47.890  45.006  -20.391 0.0000000000
138849  -44.469  46.699  -20.327 0.0000000000
131733  -45.164  37.040  -3.625 0.0000000000
132600  -46.265  39.519  -5.236 0.0000000000
135644  -46.391  43.209  -4.824 0.0000000000
150103  -32.632  61.206  -15.037 0.0000000000
149453  -38.868  60.127  -17.426 0.0000000000
148108  -43.626  58.769  -18.554 0.0000000000
143586  -45.187  52.702  -21.185 0.0000000000
138915  -44.552  46.250  -24.252 0.0000000000
138091  -43.919  45.185  -26.538 0.0000000000
138101  -43.347  45.699  -28.227 0.0000000000
140551  -44.251  48.536  -28.713 0.0000000000
139523  -41.320  47.066  -7.551 0.0000000000
139526  -43.802  47.228  -6.725 0.0000000000
140334  -46.386  48.000  -5.857 0.0000000000
141152  -42.498  49.607  -14.995 0.0000000000
142010  -47.403  50.999  -20.441 0.0000000000
141172  -46.088  49.264  -16.525 0.0000000000
141920  -44.873  50.818  -13.149 0.0000000000
144965  -46.257  54.543  -11.644 0.0000000000
141871  -47.491  50.121  -8.960 0.0000000000
139497  -48.307  47.376  -5.048 0.0000000000
138645  -47.937  46.520  -5.725 0.0000000000
137862  -46.522  45.822  -7.558 0.0000000000
137132  -44.558  44.426  -8.770 0.0000000000
138750  -47.555  47.107  -13.334 0.0000000000
138697  -44.827  46.551  -11.263 0.0000000000
135701  -43.051  42.922  -10.817 0.0000000000
134841  -48.716  41.782  -3.949 0.0000000000
134085  -49.780  41.220  -4.001 0.0000000000
136351  -49.324  43.428  -3.458 0.0000000000
135803  -42.991  42.838  -27.111 0.0000000000
134995  -44.102  41.919  -26.305 0.0000000000
135770  -41.417  42.937  -25.323 0.0000000000
137299  -41.447  43.673  -24.477 0.0000000000
144225  -42.366  53.642  -12.633 0.0000000000
146592  -43.699  56.741  -18.347 0.0000000000
138806  -50.600  46.679  -17.505 0.0000000000
139643  -50.670  48.014  -17.351 0.0000000000
139626  -50.233  47.007  -15.670 0.0000000000
140407  -49.879  47.706  -14.048 0.0000000000
139592  -50.535  46.931  -13.467 0.0000000000
138721  -50.298  46.443  -11.682 0.0000000000
137922  -51.115  45.337  -14.128 0.0000000000
138902  -47.195  46.769  -23.784 0.0000000000
141266  -48.051  49.174  -22.825 0.0000000000
138067  -48.274  45.768  -24.917 0.0000000000
136541  -48.352  43.130  -24.589 0.0000000000
137289  -49.278  44.748  -23.510 0.0000000000
137267  -49.758  44.991  -22.324 0.0000000000
138014  -50.115  45.760  -20.750 0.0000000000
136495  -49.398  44.506  -21.754 0.0000000000
136481  -49.008  44.362  -20.292 0.0000000000
137249  -47.868  44.871  -22.294 0.0000000000
138885  -43.986  46.196  -21.916 0.0000000000
134859  -43.330  41.762  -6.777 0.0000000000
133365  -44.671  39.701  -6.002 0.0000000000
134120  -45.210  41.236  -6.023 0.0000000000
134105  -46.485  41.200  -5.307 0.0000000000
135642  -45.125  43.233  -5.783 0.0000000000
150799  -40.784  62.080  -16.156 0.0000000000
150114  -37.895  61.589  -16.778 0.0000000000
149444  -40.372  60.711  -17.068 0.0000000000
148098  -41.114  58.939  -17.763 0.0000000000
148101  -43.011  59.645  -18.051 0.0000000000
142798  -42.460  52.289  -20.727 0.0000000000
144298  -43.746  53.811  -20.685 0.0000000000
142027  -43.778  50.708  -21.042 0.0000000000
140460  -44.668  49.185  -21.658 0.0000000000
139739  -43.481  47.380  -23.496 0.0000000000
139774  -44.008  47.400  -27.200 0.0000000000
138936  -43.682  46.443  -26.566 0.0000000000
138942  -44.192  46.375  -27.426 0.0000000000
137337  -44.213  44.883  -28.301 0.0000000000
138949  -44.413  46.597  -28.289 0.0000000000
139791  -43.778  47.282  -28.457 0.0000000000
139793  -44.719  47.873  -28.621 0.0000000000
141885  -38.123  51.418  -10.174 0.0000000000
141098  -36.714  49.743  -9.419 0.0000000000
140375  -38.307  48.817  -9.582 0.0000000000
139521  -39.477  47.141  -7.906 0.0000000000
140377  -40.292  48.224  -9.643 0.0000000000
140390  -43.755  49.272  -10.326 0.0000000000
140364  -43.265  47.602  -8.257 0.0000000000
140365  -44.660  48.467  -8.442 0.0000000000
140333  -45.030  47.775  -6.379 0.0000000000
140348  -45.512  48.463  -7.262 0.0000000000
142749  -39.934  51.659  -16.735 0.0000000000
141941  -40.381  50.441  -15.615 0.0000000000
141959  -42.471  49.989  -16.462 0.0000000000
144324  -49.550  53.249  -21.917 0.0000000000
144300  -48.392  53.720  -20.623 0.0000000000
142818  -49.222  51.604  -21.538 0.0000000000
141963  -48.708  49.880  -16.664 0.0000000000
141187  -48.245  48.981  -17.622 0.0000000000
141946  -47.701  50.298  -15.475 0.0000000000
141934  -45.606  50.008  -14.267 0.0000000000
141922  -46.642  51.294  -13.644 0.0000000000
143491  -45.600  52.887  -12.389 0.0000000000
144236  -47.335  53.237  -13.027 0.0000000000
141121  -48.862  49.249  -10.400 0.0000000000
141896  -47.914  50.799  -10.262 0.0000000000
141092  -48.403  49.378  -8.312 0.0000000000
141071  -48.103  48.837  -6.414 0.0000000000
140350  -48.690  48.358  -6.715 0.0000000000
138646  -48.216  46.564  -5.189 0.0000000000
139527  -48.718  47.680  -7.109 0.0000000000
138688  -47.706  46.652  -9.515 0.0000000000
138682  -47.694  46.670  -8.558 0.0000000000
138681  -46.965  46.305  -8.595 0.0000000000
137861  -45.797  45.117  -7.889 0.0000000000
137872  -45.897  45.966  -9.002 0.0000000000
137973  -48.456  45.461  -17.439 0.0000000000
137947  -49.077  46.120  -14.773 0.0000000000
138795  -47.870  46.541  -15.764 0.0000000000
137907  -43.050  45.853  -12.990 0.0000000000
138733  -45.349  47.200  -12.629 0.0000000000
137895  -42.999  45.597  -11.869 0.0000000000
137881  -43.615  45.346  -10.841 0.0000000000
136431  -42.435  43.469  -11.250 0.0000000000
134164  -40.853  40.421  -11.464 0.0000000000
132565  -48.527  38.101  -3.854 0.0000000000
135646  -48.494  42.619  -5.597 0.0000000000
136565  -46.434  43.031  -26.601 0.0000000000
137326  -47.690  43.851  -25.873 0.0000000000
135007  -46.305  41.791  -26.661 0.0000000000
135786  -46.504  42.102  -25.660 0.0000000000
136539  -46.825  43.081  -24.859 0.0000000000
137286  -46.374  44.260  -23.808 0.0000000000
136537  -44.676  43.587  -24.574 0.0000000000
133363  -42.530  39.035  -6.150 0.0000000000
134115  -41.116  40.311  -7.134 0.0000000000
136401  -42.081  43.554  -6.883 0.0000000000
150130  -43.049  61.683  -17.446 0.0000000000
140500  -42.444  48.243  -24.282 0.0000000000
141302  -44.214  49.379  -27.094 0.0000000000
141318  -44.845  49.490  -27.784 0.0000000000
141888  -40.627  50.859  -10.709 0.0000000000
143469  -42.837  52.830  -10.894 0.0000000000
143470  -43.826  52.789  -10.936 0.0000000000
142776  -43.489  52.512  -18.250 0.0000000000
140452  -51.252  48.532  -20.849 0.0000000000
141223  -50.257  49.366  -20.895 0.0000000000
141202  -50.742  49.079  -19.240 0.0000000000
141965  -50.414  49.774  -17.123 0.0000000000
142739  -49.402  51.198  -15.375 0.0000000000
144246  -48.927  52.628  -14.000 0.0000000000
141924  -48.898  50.301  -13.904 0.0000000000
141132  -49.061  49.110  -12.337 0.0000000000
140395  -49.501  48.305  -10.865 0.0000000000
139549  -49.235  47.739  -9.215 0.0000000000
139553  -49.973  47.108  -10.864 0.0000000000
138702  -49.619  46.637  -10.661 0.0000000000
137897  -49.003  46.336  -11.160 0.0000000000
138792  -45.581  45.744  -16.353 0.0000000000
142711  -39.322  50.975  -13.349 0.0000000000
144321  -47.036  53.688  -21.926 0.0000000000
146622  -47.957  56.051  -21.283 0.0000000000
143604  -47.650  52.510  -22.470 0.0000000000
142832  -48.662  51.265  -23.073 0.0000000000
142054  -49.872  50.454  -23.468 0.0000000000
138068  -49.256  45.614  -24.427 0.0000000000
139745  -49.620  47.569  -23.628 0.0000000000
140477  -50.470  48.747  -22.754 0.0000000000
138874  -50.659  47.289  -21.350 0.0000000000
138831  -50.012  46.127  -19.479 0.0000000000
137231  -50.188  45.409  -17.899 0.0000000000
137212  -50.360  45.014  -16.204 0.0000000000
136470  -49.673  44.458  -18.296 0.0000000000
137220  -48.575  45.079  -18.169 0.0000000000
137983  -47.240  45.097  -19.032 0.0000000000
138032  -46.441  45.269  -22.633 0.0000000000
138851  -46.030  46.120  -21.124 0.0000000000
131756  -44.428  38.057  -5.029 0.0000000000
131750  -45.672  37.736  -4.240 0.0000000000
132563  -47.061  37.909  -3.940 0.0000000000
133347  -47.212  39.754  -4.949 0.0000000000
134840  -47.820  41.889  -4.403 0.0000000000
136358  -47.599  43.567  -3.739 0.0000000000
149441  -33.788  59.902  -16.095 0.0000000000
149443  -35.131  60.471  -16.792 0.0000000000
148799  -36.263  59.438  -17.673 0.0000000000
148096  -39.014  58.262  -18.016 0.0000000000
147360  -42.275  57.584  -18.149 0.0000000000
148113  -45.229  57.948  -19.775 0.0000000000
148122  -42.081  58.486  -20.530 0.0000000000
147378  -43.442  57.611  -20.662 0.0000000000
145790  -44.775  55.631  -21.026 0.0000000000
145080  -45.629  54.656  -21.179 0.0000000000
142029  -45.725  50.828  -21.570 0.0000000000
139741  -45.843  47.098  -23.092 0.0000000000
138065  -46.131  45.449  -24.691 0.0000000000
138928  -43.154  46.580  -25.189 0.0000000000
138078  -44.211  45.239  -25.341 0.0000000000
137312  -44.855  44.319  -25.927 0.0000000000
136574  -44.470  43.364  -27.288 0.0000000000
136573  -43.772  43.483  -27.629 0.0000000000
138941  -43.052  46.345  -27.818 0.0000000000
140517  -42.887  47.807  -27.710 0.0000000000
141319  -45.193  49.687  -28.362 0.0000000000
137849  -40.251  45.519  -6.763 0.0000000000
137851  -41.939  45.540  -6.256 0.0000000000
140378  -41.327  47.926  -9.343 0.0000000000
139524  -42.241  46.984  -7.113 0.0000000000
137853  -43.462  45.561  -5.747 0.0000000000
137835  -45.077  45.636  -5.053 0.0000000000
137825  -46.206  45.672  -4.330 0.0000000000
137818  -47.317  45.768  -3.640 0.0000000000
141917  -41.769  50.097  -13.599 0.0000000000
145039  -46.775  54.846  -19.512 0.0000000000
143560  -46.436  52.801  -19.677 0.0000000000
141989  -44.742  51.014  -18.530 0.0000000000
141221  -48.649  49.481  -20.464 0.0000000000
141208  -46.885  49.380  -19.256 0.0000000000
141978  -45.193  49.874  -18.116 0.0000000000
141170  -44.313  49.486  -16.354 0.0000000000
141932  -43.796  49.690  -13.972 0.0000000000
141906  -42.961  50.979  -12.827 0.0000000000
143489  -43.787  52.914  -12.471 0.0000000000
144963  -44.318  54.381  -11.615 0.0000000000
142686  -45.327  51.690  -10.842 0.0000000000
144214  -47.837  52.942  -11.825 0.0000000000
143473  -46.701  52.659  -10.856 0.0000000000
141106  -46.435  49.902  -9.284 0.0000000000
140349  -46.511  48.836  -7.004 0.0000000000
140318  -47.619  47.593  -4.431 0.0000000000
138628  -48.166  46.493  -3.832 0.0000000000
137827  -48.398  45.668  -4.394 0.0000000000
137107  -48.282  44.661  -4.661 0.0000000000
137106  -47.759  44.652  -5.260 0.0000000000
138675  -48.180  47.074  -7.170 0.0000000000
137855  -47.084  45.823  -6.303 0.0000000000
137124  -46.641  44.487  -6.453 0.0000000000
136403  -46.126  43.677  -6.961 0.0000000000
136406  -45.047  43.629  -8.091 0.0000000000
137934  -49.976  45.497  -14.245 0.0000000000
137919  -49.193  46.094  -12.518 0.0000000000
138718  -47.585  46.641  -11.287 0.0000000000
138749  -46.602  47.203  -13.780 0.0000000000
138734  -46.359  47.237  -12.684 0.0000000000
138699  -46.675  46.598  -10.529 0.0000000000
137870  -44.555  45.521  -9.710 0.0000000000
136411  -43.804  43.982  -9.906 0.0000000000
135632  -48.731  42.426  -3.645 0.0000000000
134084  -49.316  41.271  -3.907 0.0000000000
135620  -49.051  42.631  -3.400 0.0000000000
135621  -49.572  42.603  -3.795 0.0000000000
136350  -48.870  43.726  -3.217 0.0000000000
136561  -41.515  43.455  -26.584 0.0000000000
135795  -42.363  42.785  -26.598 0.0000000000
135793  -40.605  42.981  -25.920 0.0000000000
144224  -41.326  53.600  -12.624 0.0000000000
143487  -41.797  52.750  -12.769 0.0000000000
146594  -45.259  56.704  -19.010 0.0000000000
145768  -44.845  55.836  -18.653 0.0000000000
146598  -46.155  56.756  -19.361 0.0000000000
137974  -50.634  46.196  -16.453 0.0000000000
138805  -50.591  46.635  -16.857 0.0000000000
138782  -50.631  46.327  -15.607 0.0000000000
139609  -50.294  46.922  -14.552 0.0000000000
138767  -50.643  46.283  -15.007 0.0000000000
138752  -51.066  46.152  -13.923 0.0000000000
138753  -51.149  45.577  -14.367 0.0000000000
138066  -47.243  45.554  -24.796 0.0000000000
138918  -47.715  46.263  -24.301 0.0000000000
138081  -47.702  44.954  -25.252 0.0000000000
136521  -48.258  43.680  -23.884 0.0000000000
136522  -48.948  43.779  -23.902 0.0000000000
136504  -49.195  44.338  -22.799 0.0000000000
136494  -48.892  44.277  -22.229 0.0000000000
137250  -48.454  44.575  -21.773 0.0000000000
137266  -48.325  44.344  -22.895 0.0000000000
132580  -42.518  37.927  -5.080 0.0000000000
134119  -44.692  41.208  -6.245 0.0000000000
134860  -44.286  41.953  -6.463 0.0000000000
134861  -45.168  41.997  -5.995 0.0000000000
135656  -44.729  42.971  -6.053 0.0000000000
149446  -41.853  60.976  -16.667 0.0000000000
150116  -40.171  61.315  -16.723 0.0000000000
149457  -42.130  60.593  -16.888 0.0000000000
148805  -42.326  60.217  -17.254 0.0000000000
148806  -42.827  60.273  -17.534 0.0000000000
141234  -42.246  49.859  -21.619 0.0000000000
142813  -42.063  51.422  -20.888 0.0000000000
142026  -42.668  50.618  -21.091 0.0000000000
142814  -43.290  51.775  -20.647 0.0000000000
141235  -43.216  49.809  -21.348 0.0000000000
140459  -43.727  49.095  -21.656 0.0000000000
140489  -43.155  48.247  -22.923 0.0000000000
140531  -45.032  48.706  -28.375 0.0000000000
142679  -38.529  52.022  -10.188 0.0000000000
141886  -38.711  50.939  -10.278 0.0000000000
141878  -38.261  50.266  -10.055 0.0000000000
141100  -38.925  49.693  -10.130 0.0000000000
140376  -39.257  48.586  -9.717 0.0000000000
141103  -44.445  49.360  -10.028 0.0000000000
140380  -43.829  48.518  -9.576 0.0000000000
140381  -44.734  48.955  -9.427 0.0000000000
141088  -45.368  49.230  -9.075 0.0000000000
142764  -41.785  51.750  -17.662 0.0000000000
141974  -41.447  51.214  -17.232 0.0000000000
141958  -41.146  50.696  -16.601 0.0000000000
141976  -43.167  50.589  -17.440 0.0000000000
144325  -49.866  52.431  -22.006 0.0000000000
143589  -49.478  52.390  -21.773 0.0000000000
142819  -49.718  51.538  -21.805 0.0000000000
141947  -48.511  50.644  -15.898 0.0000000000
142737  -47.934  51.265  -14.867 0.0000000000
141935  -46.843  50.847  -14.292 0.0000000000
142728  -47.628  51.630  -14.084 0.0000000000
142717  -47.167  52.038  -13.451 0.0000000000
143501  -47.567  52.511  -13.491 0.0000000000
141108  -48.818  49.014  -9.239 0.0000000000
141107  -48.342  49.771  -9.657 0.0000000000
141093  -48.859  48.876  -8.569 0.0000000000
140367  -48.637  48.704  -7.493 0.0000000000
140368  -48.823  48.518  -8.045 0.0000000000
140351  -48.790  48.290  -7.396 0.0000000000
139528  -48.795  48.084  -7.691 0.0000000000
138687  -46.555  46.403  -9.480 0.0000000000
137868  -46.184  45.873  -8.501 0.0000000000
137959  -46.962  46.039  -16.998 0.0000000000
137906  -42.410  45.169  -12.687 0.0000000000
137894  -42.369  44.808  -11.984 0.0000000000
137159  -41.955  44.057  -11.765 0.0000000000
135699  -41.450  42.139  -11.561 0.0000000000
135709  -40.907  42.378  -12.465 0.0000000000
133349  -48.792  39.346  -4.538 0.0000000000
135647  -49.362  42.490  -4.899 0.0000000000
136374  -48.833  43.453  -4.847 0.0000000000
135806  -45.122  42.480  -27.135 0.0000000000
135797  -45.979  42.413  -26.900 0.0000000000
135014  -45.242  41.945  -26.897 0.0000000000
135783  -43.483  42.372  -25.854 0.0000000000
134996  -44.937  41.990  -26.097 0.0000000000
135785  -45.661  42.276  -25.513 0.0000000000
135772  -46.326  42.508  -25.247 0.0000000000
136554  -45.543  42.594  -25.275 0.0000000000
136538  -45.839  42.929  -24.971 0.0000000000
136536  -43.338  43.464  -24.953 0.0000000000
137281  -41.921  44.378  -23.916 0.0000000000
133386  -40.408  40.300  -7.291 0.0000000000
134874  -42.000  42.271  -7.221 0.0000000000
136400  -41.557  43.452  -6.995 0.0000000000
150108  -42.952  62.040  -15.670 0.0000000000
141301  -43.555  49.293  -26.336 0.0000000000
142094  -44.631  50.381  -27.236 0.0000000000
142883  -44.323  51.348  -26.787 0.0000000000
144961  -42.432  54.252  -11.646 0.0000000000
144205  -42.409  53.670  -10.892 0.0000000000
144942  -42.918  54.181  -11.145 0.0000000000
142684  -43.284  51.836  -10.957 0.0000000000
144206  -43.373  53.636  -10.883 0.0000000000
146587  -39.320  56.887  -18.233 0.0000000000
143550  -43.958  53.026  -18.538 0.0000000000
139693  -51.022  47.726  -20.166 0.0000000000
140447  -51.243  48.645  -19.837 0.0000000000
140425  -50.106  48.168  -16.238 0.0000000000
141176  -50.714  49.164  -17.328 0.0000000000
141175  -50.307  49.099  -16.648 0.0000000000
142740  -49.803  50.424  -16.042 0.0000000000
141948  -49.732  50.054  -15.578 0.0000000000
141937  -49.334  50.272  -14.787 0.0000000000
141158  -49.442  49.215  -15.082 0.0000000000
140402  -49.983  47.683  -13.034 0.0000000000
140401  -49.425  48.404  -12.682 0.0000000000
140398  -49.558  48.452  -11.806 0.0000000000
140396  -49.839  47.857  -11.398 0.0000000000
139561  -49.877  47.692  -10.953 0.0000000000
139562  -50.092  47.214  -11.329 0.0000000000
137910  -50.325  45.864  -12.476 0.0000000000
137899  -50.039  46.091  -11.742 0.0000000000
137884  -49.001  46.356  -10.917 0.0000000000
142830  -47.121  51.637  -22.224 0.0000000000
144342  -47.436  53.120  -22.273 0.0000000000
141267  -48.641  49.425  -23.274 0.0000000000
142043  -48.623  50.294  -23.000 0.0000000000
142053  -49.153  50.394  -23.319 0.0000000000
142845  -49.446  51.333  -23.383 0.0000000000
141268  -49.465  49.450  -23.571 0.0000000000
136567  -48.291  43.595  -25.791 0.0000000000
138082  -48.532  44.927  -25.236 0.0000000000
138083  -48.952  44.576  -25.089 0.0000000000
138051  -49.674  45.661  -22.968 0.0000000000
138904  -49.550  46.601  -23.435 0.0000000000
138905  -49.860  47.204  -22.915 0.0000000000
140494  -50.171  48.449  -23.093 0.0000000000
139726  -50.234  47.819  -22.542 0.0000000000
139715  -50.680  47.841  -21.728 0.0000000000
138873  -50.361  46.591  -21.299 0.0000000000
137245  -49.977  45.000  -20.192 0.0000000000
137991  -49.776  45.810  -19.231 0.0000000000
137992  -50.025  45.974  -18.686 0.0000000000
137237  -49.891  45.456  -18.407 0.0000000000
136471  -50.019  44.705  -18.168 0.0000000000
136477  -49.966  44.652  -18.702 0.0000000000
137235  -48.449  44.613  -19.896 0.0000000000
137228  -48.411  44.592  -19.043 0.0000000000
137227  -47.857  44.863  -19.500 0.0000000000
137219  -47.946  44.976  -18.710 0.0000000000
137285  -45.661  44.336  -23.700 0.0000000000
137264  -46.857  44.695  -23.238 0.0000000000
138049  -45.563  45.008  -23.206 0.0000000000
138870  -44.735  46.454  -21.253 0.0000000000
138871  -45.610  46.122  -21.535 0.0000000000
132597  -43.229  38.343  -5.486 0.0000000000
133364  -43.570  39.268  -6.035 0.0000000000
133366  -45.679  40.052  -5.707 0.0000000000
132599  -45.503  38.997  -5.460 0.0000000000
132583  -46.419  38.417  -4.677 0.0000000000
132562  -46.543  37.837  -4.077 0.0000000000
132584  -47.592  38.662  -4.421 0.0000000000
134848  -46.533  42.060  -5.262 0.0000000000
134093  -47.102  41.144  -4.905 0.0000000000
134839  -47.210  41.968  -4.765 0.0000000000
136357  -46.871  43.902  -4.207 0.0000000000
150774  -30.949  62.094  -15.839 0.0000000000
150101  -30.447  61.423  -15.602 0.0000000000
150102  -31.457  61.116  -15.311 0.0000000000
149437  -32.562  60.128  -15.085 0.0000000000
149438  -33.414  60.355  -15.551 0.0000000000
151411  -36.609  63.030  -15.267 0.0000000000
150780  -36.906  62.765  -15.756 0.0000000000
150125  -38.379  60.882  -17.171 0.0000000000
150113  -36.887  61.606  -16.801 0.0000000000
149451  -36.862  60.228  -17.493 0.0000000000
149450  -35.947  60.371  -17.258 0.0000000000
148800  -37.282  59.344  -17.775 0.0000000000
148095  -37.761  58.376  -17.955 0.0000000000
148801  -38.360  59.298  -17.817 0.0000000000
148107  -42.702  58.522  -17.978 0.0000000000
148106  -41.729  58.322  -17.991 0.0000000000
147362  -44.239  57.622  -18.579 0.0000000000
148112  -44.693  58.167  -19.423 0.0000000000
148123  -43.069  58.394  -20.414 0.0000000000
145788  -43.018  55.736  -20.673 0.0000000000
143585  -44.208  52.659  -20.965 0.0000000000
145059  -44.189  54.839  -20.800 0.0000000000
144319  -44.795  53.717  -20.876 0.0000000000
145804  -45.388  55.413  -21.213 0.0000000000
144320  -45.885  53.708  -21.433 0.0000000000
142816  -45.509  51.723  -21.292 0.0000000000
139723  -44.535  47.875  -22.612 0.0000000000
140474  -45.435  48.691  -21.991 0.0000000000
138900  -45.211  46.672  -23.717 0.0000000000
138916  -45.645  46.134  -24.258 0.0000000000
138064  -44.982  45.630  -24.768 0.0000000000
140509  -42.770  48.068  -25.114 0.0000000000
139753  -42.955  47.291  -24.368 0.0000000000
139764  -42.960  47.208  -25.002 0.0000000000
138090  -43.576  45.962  -25.748 0.0000000000
137323  -44.573  43.960  -26.950 0.0000000000
137336  -44.118  45.084  -28.445 0.0000000000
137331  -43.981  44.454  -28.172 0.0000000000
137330  -43.256  44.296  -27.875 0.0000000000
138095  -42.886  45.296  -27.677 0.0000000000
140550  -43.981  47.963  -28.481 0.0000000000
140529  -43.409  48.392  -28.030 0.0000000000
140530  -43.813  48.946  -28.407 0.0000000000
139520  -38.424  47.046  -7.690 0.0000000000
139522  -40.407  47.152  -7.811 0.0000000000
138669  -39.713  46.798  -7.267 0.0000000000
138670  -40.574  46.784  -7.055 0.0000000000
137850  -41.109  45.509  -6.572 0.0000000000
138671  -41.403  46.605  -6.967 0.0000000000
141889  -41.689  50.761  -10.784 0.0000000000
141114  -40.967  49.522  -10.514 0.0000000000
140388  -41.840  48.671  -10.222 0.0000000000
140346  -43.599  47.462  -7.545 0.0000000000
139540  -42.707  47.354  -7.601 0.0000000000
139507  -42.829  46.907  -6.776 0.0000000000
138659  -42.525  46.371  -6.445 0.0000000000
138660  -43.568  46.275  -5.837 0.0000000000
137834  -44.083  45.603  -5.398 0.0000000000
138661  -44.182  46.541  -5.676 0.0000000000
139510  -45.369  47.406  -5.726 0.0000000000
139494  -45.550  46.984  -5.225 0.0000000000
138644  -46.364  46.545  -4.505 0.0000000000
137826  -46.758  45.743  -3.937 0.0000000000
139495  -46.551  47.177  -4.757 0.0000000000
141942  -41.581  49.959  -15.384 0.0000000000
141916  -40.860  50.231  -13.776 0.0000000000
145822  -48.312  55.117  -21.858 0.0000000000
145776  -47.242  55.632  -19.907 0.0000000000
145791  -48.444  55.380  -20.688 0.0000000000
142801  -47.798  51.678  -20.772 0.0000000000
143561  -47.166  53.159  -19.969 0.0000000000
142788  -46.480  51.640  -19.928 0.0000000000
142787  -45.820  51.712  -19.426 0.0000000000
141999  -46.152  50.992  -19.561 0.0000000000
141212  -50.107  49.034  -19.952 0.0000000000
141222  -49.494  49.459  -20.807 0.0000000000
141211  -49.344  48.918  -19.732 0.0000000000
141186  -47.254  49.045  -17.601 0.0000000000
141198  -47.524  48.866  -18.666 0.0000000000
141185  -46.279  49.145  -17.472 0.0000000000
141196  -45.652  49.478  -18.189 0.0000000000
141184  -45.300  49.480  -17.411 0.0000000000
141183  -44.647  49.595  -17.066 0.0000000000
141171  -45.217  49.392  -16.412 0.0000000000
141144  -44.667  49.532  -14.650 0.0000000000
141933  -44.445  49.830  -13.899 0.0000000000
141919  -43.596  50.094  -13.317 0.0000000000
141907  -43.949  51.192  -12.742 0.0000000000
142702  -43.354  51.983  -12.505 0.0000000000
142703  -44.307  52.099  -12.566 0.0000000000
144986  -45.698  54.314  -12.079 0.0000000000
144228  -45.179  53.724  -12.263 0.0000000000
144964  -45.253  54.532  -11.631 0.0000000000
144944  -44.775  54.300  -11.143 0.0000000000
144945  -45.635  54.358  -11.188 0.0000000000
143502  -48.719  51.930  -13.224 0.0000000000
144238  -48.614  52.667  -13.369 0.0000000000
142705  -48.234  51.516  -11.928 0.0000000000
141882  -47.929  50.159  -9.230 0.0000000000
141895  -47.560  51.272  -10.204 0.0000000000
141881  -47.366  50.807  -9.715 0.0000000000
142675  -46.657  51.057  -10.063 0.0000000000
141090  -46.894  49.789  -8.758 0.0000000000
141078  -46.271  49.238  -7.915 0.0000000000
141079  -47.114  49.280  -7.634 0.0000000000
140336  -48.405  48.270  -5.775 0.0000000000
140335  -47.610  48.420  -5.635 0.0000000000
140327  -47.944  47.855  -4.939 0.0000000000
139489  -48.063  47.218  -4.264 0.0000000000
137820  -48.429  45.676  -3.847 0.0000000000
138635  -48.399  46.554  -4.367 0.0000000000
138663  -48.172  47.078  -6.208 0.0000000000
137837  -47.740  45.666  -5.430 0.0000000000
138684  -48.966  47.422  -8.801 0.0000000000
138683  -48.436  47.107  -8.356 0.0000000000
138673  -47.122  46.358  -8.009 0.0000000000
138674  -47.397  46.482  -7.377 0.0000000000
137863  -46.888  45.851  -6.939 0.0000000000
137854  -46.671  45.203  -6.639 0.0000000000
137130  -46.149  44.510  -7.075 0.0000000000
137867  -45.460  45.491  -8.603 0.0000000000
137129  -45.625  44.420  -7.640 0.0000000000
137133  -45.104  44.444  -8.206 0.0000000000
136405  -44.574  43.574  -8.710 0.0000000000
137188  -49.868  45.239  -14.662 0.0000000000
137200  -50.072  45.212  -15.280 0.0000000000
138766  -48.409  46.654  -14.021 0.0000000000
137933  -49.208  46.048  -13.560 0.0000000000
138751  -48.464  46.587  -12.924 0.0000000000
138736  -48.452  46.501  -11.952 0.0000000000
138735  -47.557  46.933  -12.247 0.0000000000
138778  -45.202  46.102  -15.795 0.0000000000
139607  -45.387  47.134  -14.233 0.0000000000
138715  -44.635  46.850  -12.082 0.0000000000
138716  -45.538  47.005  -11.744 0.0000000000
138717  -46.565  46.892  -11.486 0.0000000000
138698  -45.550  46.539  -10.588 0.0000000000
137883  -44.997  46.009  -10.067 0.0000000000
137882  -44.470  45.960  -10.535 0.0000000000
136432  -42.913  43.596  -10.862 0.0000000000
137148  -43.675  44.468  -10.246 0.0000000000
136420  -43.465  43.557  -10.423 0.0000000000
135688  -43.735  42.575  -10.495 0.0000000000
134095  -48.883  40.407  -4.338 0.0000000000
134096  -49.561  40.569  -4.349 0.0000000000
134097  -49.973  40.868  -4.699 0.0000000000
135011  -43.344  42.452  -27.267 0.0000000000
135004  -43.867  41.878  -26.883 0.0000000000
135003  -43.210  42.289  -26.971 0.0000000000
134994  -43.126  42.135  -26.418 0.0000000000
136551  -43.022  42.911  -25.450 0.0000000000
136535  -42.128  43.242  -25.084 0.0000000000
136534  -41.059  43.111  -24.871 0.0000000000
144982  -41.905  54.154  -12.218 0.0000000000
146591  -42.720  56.696  -18.270 0.0000000000
145766  -43.117  55.780  -18.420 0.0000000000
145028  -45.131  54.894  -18.746 0.0000000000
138818  -50.601  46.750  -18.400 0.0000000000
139661  -50.775  47.597  -17.847 0.0000000000
139660  -50.627  47.079  -17.258 0.0000000000
139642  -50.503  47.416  -16.806 0.0000000000
140416  -49.705  48.014  -15.179 0.0000000000
140415  -49.381  48.488  -14.470 0.0000000000
139575  -50.482  47.048  -12.363 0.0000000000
138737  -50.724  46.219  -12.897 0.0000000000
137921  -50.618  45.447  -13.689 0.0000000000
140475  -46.866  48.313  -22.469 0.0000000000
141254  -47.612  49.533  -22.385 0.0000000000
139743  -47.644  47.432  -23.424 0.0000000000
138903  -47.960  46.918  -23.902 0.0000000000
139744  -48.371  47.585  -23.840 0.0000000000
136542  -48.746  43.336  -24.870 0.0000000000
137303  -49.112  44.193  -24.682 0.0000000000
138034  -49.840  45.470  -22.411 0.0000000000
138035  -49.962  45.806  -21.934 0.0000000000
137268  -50.086  45.324  -21.786 0.0000000000
137251  -49.873  44.793  -21.413 0.0000000000
136489  -49.610  44.484  -20.674 0.0000000000
136482  -49.538  44.253  -19.813 0.0000000000
137243  -48.481  44.659  -20.789 0.0000000000
137242  -47.912  45.029  -21.338 0.0000000000
138030  -44.343  45.725  -22.556 0.0000000000
131732  -43.972  36.980  -3.676 0.0000000000
134117  -43.029  40.829  -6.827 0.0000000000
133380  -43.769  40.160  -6.508 0.0000000000
133381  -44.472  40.513  -6.378 0.0000000000
134103  -45.131  40.622  -6.096 0.0000000000
133367  -46.424  40.464  -5.284 0.0000000000
134104  -45.841  41.190  -5.738 0.0000000000
134847  -45.804  42.027  -5.721 0.0000000000
136371  -45.864  43.849  -4.982 0.0000000000
150776  -33.122  62.269  -15.374 0.0000000000
150798  -39.599  62.153  -16.235 0.0000000000
150797  -38.439  62.263  -16.336 0.0000000000
150115  -38.960  61.492  -16.698 0.0000000000
150126  -39.358  60.804  -17.059 0.0000000000
149454  -39.895  60.261  -17.361 0.0000000000
148802  -39.449  59.362  -17.664 0.0000000000
148804  -41.428  59.746  -17.370 0.0000000000
148100  -42.812  59.448  -17.801 0.0000000000
143570  -42.008  52.994  -20.666 0.0000000000
145058  -43.313  54.784  -20.717 0.0000000000
142799  -43.042  52.465  -20.718 0.0000000000
142815  -44.476  51.707  -21.016 0.0000000000
142028  -44.798  50.783  -21.345 0.0000000000
141236  -44.225  49.853  -21.330 0.0000000000
140473  -44.230  48.555  -22.115 0.0000000000
138898  -43.656  46.870  -23.862 0.0000000000
139773  -43.446  47.376  -26.384 0.0000000000
138935  -43.202  46.660  -25.944 0.0000000000
138097  -44.318  45.322  -27.652 0.0000000000
138103  -44.257  45.454  -28.371 0.0000000000
138948  -44.093  46.410  -28.711 0.0000000000
138947  -43.511  46.399  -28.469 0.0000000000
139792  -44.261  47.410  -28.683 0.0000000000
140552  -44.956  48.829  -28.881 0.0000000000
144201  -38.559  53.881  -10.336 0.0000000000
143464  -38.124  52.894  -10.195 0.0000000000
143462  -37.222  52.782  -10.041 0.0000000000
141877  -37.559  50.813  -9.987 0.0000000000
139536  -39.043  47.514  -8.573 0.0000000000
140360  -38.651  48.053  -9.179 0.0000000000
140361  -39.482  47.957  -9.195 0.0000000000
139547  -40.659  47.816  -9.196 0.0000000000
141116  -43.273  49.888  -10.687 0.0000000000
140389  -42.940  48.919  -10.311 0.0000000000
140347  -44.246  47.617  -7.169 0.0000000000
139509  -44.347  47.131  -6.089 0.0000000000
140332  -44.527  47.531  -6.523 0.0000000000
141957  -40.133  50.971  -16.330 0.0000000000
141943  -42.326  49.771  -15.656 0.0000000000
145083  -49.273  54.255  -21.776 0.0000000000
145061  -48.778  54.573  -20.892 0.0000000000
144301  -49.061  53.571  -21.301 0.0000000000
143574  -48.392  52.674  -21.022 0.0000000000
142802  -48.537  51.563  -21.190 0.0000000000
141980  -49.421  49.418  -17.748 0.0000000000
141200  -49.226  48.925  -18.609 0.0000000000
141979  -48.839  49.297  -17.481 0.0000000000
141174  -47.891  49.319  -16.907 0.0000000000
141173  -47.154  49.344  -16.522 0.0000000000
141156  -45.914  49.494  -15.689 0.0000000000
141945  -46.450  49.975  -15.082 0.0000000000
141921  -46.119  50.977  -13.402 0.0000000000
142704  -45.019  52.297  -12.472 0.0000000000
143499  -46.198  52.496  -12.782 0.0000000000
143492  -46.326  53.079  -12.528 0.0000000000
144987  -46.604  54.110  -12.219 0.0000000000
141126  -48.566  49.947  -11.305 0.0000000000
141900  -48.116  50.763  -11.225 0.0000000000
141120  -48.420  50.163  -10.538 0.0000000000
141872  -47.893  49.875  -8.655 0.0000000000
141091  -47.651  49.706  -8.228 0.0000000000
141081  -48.447  48.949  -7.079 0.0000000000
139512  -48.500  47.589  -5.972 0.0000000000
138689  -48.609  46.740  -9.501 0.0000000000
137210  -48.922  45.245  -17.258 0.0000000000
137948  -49.508  45.612  -15.303 0.0000000000
137960  -48.571  45.975  -16.367 0.0000000000
138781  -48.183  46.602  -15.129 0.0000000000
138765  -47.473  47.024  -14.396 0.0000000000
138731  -43.791  46.394  -13.488 0.0000000000
139589  -44.846  47.097  -13.622 0.0000000000
138714  -43.775  46.421  -12.491 0.0000000000
137896  -43.990  46.215  -11.465 0.0000000000
137160  -42.825  44.415  -11.068 0.0000000000
135700  -42.297  42.534  -11.093 0.0000000000
134910  -42.158  41.482  -11.040 0.0000000000
134909  -41.203  41.239  -11.526 0.0000000000
131736  -48.248  37.381  -3.556 0.0000000000
137325  -46.798  43.689  -26.165 0.0000000000
137314  -47.196  44.274  -25.618 0.0000000000
136566  -47.460  43.268  -26.222 0.0000000000
135799  -47.987  43.095  -25.856 0.0000000000
135006  -45.508  41.771  -26.580 0.0000000000
134998  -46.679  41.835  -26.126 0.0000000000
135788  -47.778  42.777  -25.620 0.0000000000
135774  -47.732  42.799  -25.225 0.0000000000
136540  -47.653  43.189  -24.773 0.0000000000
136520  -47.433  43.678  -24.285 0.0000000000
137288  -47.807  44.080  -23.610 0.0000000000
136519  -46.577  43.642  -24.343 0.0000000000
136518  -45.731  43.761  -24.219 0.0000000000
137302  -44.300  44.095  -24.045 0.0000000000
137300  -42.577  43.876  -24.448 0.0000000000
137282  -43.063  44.524  -23.845 0.0000000000
132596  -42.131  38.446  -5.622 0.0000000000
133362  -41.716  38.924  -6.135 0.0000000000
133378  -41.690  39.621  -6.668 0.0000000000
134116  -41.967  40.695  -7.138 0.0000000000
134129  -40.728  40.888  -7.417 0.0000000000
134857  -41.904  41.260  -7.242 0.0000000000
134858  -42.339  41.546  -7.109 0.0000000000
135654  -42.713  42.508  -6.952 0.0000000000
136389  -42.784  43.655  -6.631 0.0000000000
150782  -38.989  62.886  -15.753 0.0000000000
150783  -40.255  62.788  -15.636 0.0000000000
150118  -42.222  61.683  -16.100 0.0000000000
150139  -42.739  61.213  -17.991 0.0000000000
140488  -42.572  48.333  -23.445 0.0000000000
140510  -43.233  48.254  -25.981 0.0000000000
140518  -43.800  48.349  -26.806 0.0000000000
140519  -44.448  48.451  -27.586 0.0000000000
143468  -41.863  52.865  -10.819 0.0000000000
142683  -42.280  51.847  -10.869 0.0000000000
141891  -43.750  50.847  -10.823 0.0000000000
141892  -44.705  50.825  -10.686 0.0000000000
143538  -42.277  52.704  -17.843 0.0000000000
142765  -42.967  51.772  -17.809 0.0000000000
142034  -50.869  50.041  -21.891 0.0000000000
142033  -50.417  50.386  -21.691 0.0000000000
141224  -50.959  49.212  -20.835 0.0000000000
141213  -50.690  49.055  -20.161 0.0000000000
141201  -50.080  49.206  -18.678 0.0000000000
140440  -51.126  48.556  -18.626 0.0000000000
141190  -50.722  49.319  -18.129 0.0000000000
141981  -50.172  49.560  -17.853 0.0000000000
141964  -49.720  50.044  -17.124 0.0000000000
142752  -49.466  50.500  -16.332 0.0000000000
143519  -49.031  51.941  -15.110 0.0000000000
143511  -48.603  52.233  -14.612 0.0000000000
143512  -49.136  52.137  -14.526 0.0000000000
142719  -48.859  51.225  -13.515 0.0000000000
141923  -48.650  50.293  -12.903 0.0000000000
140406  -49.340  48.414  -13.629 0.0000000000
141138  -48.876  49.291  -13.222 0.0000000000
141131  -48.665  49.754  -12.130 0.0000000000
141127  -49.130  49.193  -11.469 0.0000000000
140391  -49.234  48.344  -9.795 0.0000000000
139552  -49.745  47.476  -10.322 0.0000000000
138703  -50.064  46.780  -11.122 0.0000000000
137885  -49.327  46.426  -10.861 0.0000000000
138701  -48.724  46.505  -10.528 0.0000000000
138719  -48.456  46.434  -11.162 0.0000000000
137958  -45.871  45.580  -16.862 0.0000000000
137957  -44.978  45.343  -16.448 0.0000000000
138777  -44.528  45.800  -15.558 0.0000000000
138761  -43.801  45.822  -14.758 0.0000000000
137930  -42.791  45.291  -14.106 0.0000000000
137917  -42.566  45.322  -13.508 0.0000000000
137176  -41.675  44.091  -12.931 0.0000000000
145806  -46.967  55.573  -21.586 0.0000000000
146621  -47.274  56.220  -21.348 0.0000000000
145082  -47.389  54.746  -21.849 0.0000000000
144322  -47.672  54.185  -22.093 0.0000000000
144343  -48.034  53.537  -22.352 0.0000000000
142042  -48.114  50.523  -22.644 0.0000000000
143605  -48.416  52.407  -22.721 0.0000000000
145097  -48.703  54.157  -22.242 0.0000000000
144361  -49.007  52.296  -23.064 0.0000000000
144362  -49.402  52.624  -22.828 0.0000000000
142847  -50.592  51.295  -23.040 0.0000000000
138919  -48.593  46.701  -24.299 0.0000000000
139755  -48.959  47.601  -24.180 0.0000000000
138920  -49.240  46.991  -24.051 0.0000000000
140502  -49.392  48.063  -23.910 0.0000000000
140493  -49.766  48.477  -23.625 0.0000000000
141269  -50.320  49.422  -23.211 0.0000000000
142044  -50.942  50.362  -22.584 0.0000000000
140462  -50.986  48.509  -21.658 0.0000000000
139707  -50.944  47.801  -21.077 0.0000000000
138853  -50.649  47.052  -20.613 0.0000000000
138852  -50.270  46.306  -20.229 0.0000000000
138832  -50.540  46.760  -19.522 0.0000000000
137984  -50.400  46.003  -17.713 0.0000000000
137223  -50.580  45.379  -16.892 0.0000000000
137213  -50.742  45.316  -15.762 0.0000000000
137222  -50.054  44.872  -17.500 0.0000000000
137221  -49.323  44.831  -17.774 0.0000000000
136475  -48.979  44.377  -19.459 0.0000000000
137229  -48.923  44.571  -18.790 0.0000000000
137972  -47.602  45.523  -17.932 0.0000000000
137982  -46.419  45.242  -18.623 0.0000000000
137265  -47.569  44.509  -23.068 0.0000000000
138033  -47.242  44.992  -22.652 0.0000000000
138013  -47.256  45.393  -21.936 0.0000000000
138031  -45.476  45.766  -22.290 0.0000000000
138012  -46.279  45.823  -21.558 0.0000000000
137999  -47.228  45.483  -20.940 0.0000000000
131755  -44.009  37.993  -5.066 0.0000000000
131749  -44.566  37.699  -4.529 0.0000000000
132598  -44.422  38.562  -5.399 0.0000000000
132582  -45.228  38.207  -4.923 0.0000000000
132564  -47.919  37.999  -3.814 0.0000000000
132585  -48.394  38.714  -4.171 0.0000000000
133348  -48.224  39.567  -4.647 0.0000000000
134094  -48.031  40.758  -4.553 0.0000000000
135631  -48.288  42.803  -3.700 0.0000000000
136349  -48.188  43.955  -3.291 0.0000000000
150105  -34.450  61.547  -15.713 0.0000000000
150795  -36.424  62.198  -16.227 0.0000000000
150112  -35.784  61.411  -16.694 0.0000000000
149439  -33.934  60.975  -15.664 0.0000000000
149442  -34.308  60.447  -16.169 0.0000000000
148798  -35.287  59.496  -17.276 0.0000000000
148093  -35.745  58.516  -17.556 0.0000000000
148094  -36.702  58.450  -17.778 0.0000000000
148103  -39.389  57.688  -18.138 0.0000000000
148097  -40.118  58.712  -17.943 0.0000000000
148105  -40.753  58.115  -18.056 0.0000000000
147359  -41.274  57.456  -18.168 0.0000000000
147363  -44.868  57.305  -18.933 0.0000000000
147387  -46.111  57.094  -21.018 0.0000000000
148816  -42.333  59.965  -19.102 0.0000000000
148827  -42.727  59.114  -19.939 0.0000000000
148828  -43.482  58.825  -19.923 0.0000000000
148124  -43.964  58.350  -20.318 0.0000000000
145789  -43.967  55.726  -20.790 0.0000000000
147379  -44.541  57.593  -20.678 0.0000000000
147386  -45.330  57.144  -20.839 0.0000000000
146619  -45.577  56.319  -21.149 0.0000000000
145805  -46.116  55.547  -21.360 0.0000000000
145081  -46.534  54.683  -21.540 0.0000000000
142817  -46.343  51.716  -21.798 0.0000000000
142030  -46.490  50.763  -21.948 0.0000000000
140461  -45.239  49.293  -21.693 0.0000000000
141252  -45.673  49.500  -21.719 0.0000000000
141253  -46.526  49.623  -21.935 0.0000000000
138901  -46.255  46.571  -23.613 0.0000000000
139738  -42.808  47.774  -23.896 0.0000000000
139754  -43.224  47.029  -24.042 0.0000000000
138062  -43.672  46.153  -24.680 0.0000000000
138077  -43.619  46.017  -24.980 0.0000000000
138063  -44.020  45.910  -24.693 0.0000000000
138079  -45.475  44.919  -25.299 0.0000000000
137313  -46.094  44.153  -25.702 0.0000000000
137324  -45.640  43.550  -26.332 0.0000000000
136564  -45.296  43.015  -27.006 0.0000000000
136575  -44.965  42.893  -27.165 0.0000000000
137332  -44.368  44.530  -27.898 0.0000000000
135804  -43.518  42.791  -27.439 0.0000000000
136572  -43.090  43.503  -27.403 0.0000000000
136562  -42.383  43.494  -26.949 0.0000000000
139780  -43.240  47.232  -27.997 0.0000000000
140532  -45.273  49.247  -28.647 0.0000000000
137119  -39.771  44.766  -6.930 0.0000000000
138668  -39.116  46.812  -7.446 0.0000000000
138656  -39.903  46.243  -6.821 0.0000000000
137120  -40.663  44.791  -6.796 0.0000000000
136387  -41.106  44.068  -6.861 0.0000000000
136388  -41.903  44.052  -6.752 0.0000000000
137122  -42.395  44.736  -6.360 0.0000000000
141102  -40.545  48.783  -10.205 0.0000000000
140387  -40.993  48.549  -10.072 0.0000000000
139538  -41.212  47.498  -8.502 0.0000000000
140379  -42.552  48.118  -9.478 0.0000000000
139539  -42.118  47.383  -7.947 0.0000000000
138672  -41.931  46.532  -6.759 0.0000000000
137852  -42.853  45.556  -6.019 0.0000000000
137123  -43.458  44.757  -5.915 0.0000000000
136369  -44.290  44.322  -5.784 0.0000000000
137104  -44.694  44.877  -5.367 0.0000000000
137105  -45.591  44.868  -4.801 0.0000000000
138642  -44.751  46.449  -5.384 0.0000000000
137836  -45.628  45.634  -4.681 0.0000000000
136356  -46.294  44.435  -4.508 0.0000000000
137095  -46.796  45.015  -3.979 0.0000000000
137086  -47.384  45.071  -3.634 0.0000000000
137087  -47.858  44.982  -3.431 0.0000000000
142712  -40.370  50.780  -13.213 0.0000000000
146599  -46.997  56.481  -20.118 0.0000000000
144273  -45.377  53.881  -18.894 0.0000000000
144284  -47.690  53.864  -20.127 0.0000000000
144282  -46.190  53.870  -19.329 0.0000000000
143551  -44.744  52.861  -18.763 0.0000000000
142777  -44.105  51.767  -18.326 0.0000000000
142013  -49.533  50.059  -21.274 0.0000000000
142012  -49.044  50.486  -21.251 0.0000000000
142011  -47.901  50.410  -20.669 0.0000000000
140439  -48.194  48.820  -19.059 0.0000000000
141209  -47.562  49.193  -19.557 0.0000000000
142000  -46.819  50.345  -19.917 0.0000000000
141990  -45.527  50.348  -18.983 0.0000000000
141977  -44.373  50.285  -17.836 0.0000000000
141960  -43.657  49.949  -16.887 0.0000000000
141169  -43.424  49.583  -16.021 0.0000000000
141168  -42.798  49.652  -15.678 0.0000000000
141155  -45.105  49.494  -15.389 0.0000000000
141154  -44.117  49.379  -15.351 0.0000000000
141142  -43.180  49.532  -14.236 0.0000000000
141136  -42.792  49.833  -13.744 0.0000000000
141905  -41.988  50.806  -12.940 0.0000000000
142701  -42.341  51.821  -12.630 0.0000000000
143488  -42.832  52.846  -12.632 0.0000000000
144226  -43.327  53.605  -12.392 0.0000000000
143490  -44.684  52.979  -12.386 0.0000000000
144227  -44.263  53.651  -12.242 0.0000000000
144984  -43.832  54.098  -12.015 0.0000000000
144943  -43.857  54.124  -11.208 0.0000000000
143471  -44.841  52.758  -11.048 0.0000000000
141893  -45.653  50.647  -10.269 0.0000000000
144237  -48.053  52.926  -13.468 0.0000000000
144997  -47.569  53.544  -12.860 0.0000000000
144966  -46.974  54.315  -11.925 0.0000000000
142693  -47.884  51.707  -11.158 0.0000000000
143474  -47.253  52.708  -11.077 0.0000000000
144209  -46.425  53.779  -11.100 0.0000000000
143472  -45.858  52.738  -10.844 0.0000000000
141894  -46.245  50.751  -10.151 0.0000000000
141105  -45.917  49.928  -9.678 0.0000000000
141089  -46.103  49.502  -8.837 0.0000000000
141070  -47.307  48.788  -6.626 0.0000000000
140325  -46.707  47.691  -5.138 0.0000000000
139488  -47.358  47.077  -4.111 0.0000000000
138627  -47.641  46.529  -3.690 0.0000000000
137088  -48.548  44.755  -3.376 0.0000000000
137089  -49.078  44.167  -3.397 0.0000000000
137096  -48.747  44.684  -3.873 0.0000000000
136359  -49.091  43.916  -4.200 0.0000000000
136373  -47.963  43.676  -5.416 0.0000000000
139542  -48.835  47.796  -8.219 0.0000000000
139541  -48.574  47.416  -7.715 0.0000000000
138662  -47.658  46.551  -6.304 0.0000000000
137125  -47.162  44.602  -5.864 0.0000000000
136393  -47.376  43.671  -5.875 0.0000000000
136392  -46.741  43.645  -6.432 0.0000000000
135671  -46.240  42.972  -7.063 0.0000000000
136402  -45.523  43.626  -7.470 0.0000000000
137190  -50.867  45.225  -14.564 0.0000000000
137935  -50.376  45.224  -13.992 0.0000000000
137920  -49.893  45.692  -13.051 0.0000000000
137908  -49.116  46.228  -11.683 0.0000000000
138779  -46.294  46.719  -15.569 0.0000000000
139591  -45.832  47.244  -13.431 0.0000000000
138686  -46.055  46.436  -10.002 0.0000000000
137871  -45.460  45.960  -9.525 0.0000000000
137866  -44.732  45.153  -8.927 0.0000000000
137149  -44.050  45.169  -10.132 0.0000000000
137139  -44.095  44.487  -9.462 0.0000000000
132581  -44.675  38.104  -4.997 0.0000000000
134118  -43.956  41.045  -6.623 0.0000000000
134128  -39.865  40.821  -7.415 0.0000000000
134130  -41.304  40.854  -7.290 0.0000000000
134829  -49.188  41.911  -3.733 0.0000000000
134830  -49.477  41.924  -3.805 0.0000000000
134831  -49.731  41.767  -3.969 0.0000000000
134872  -40.235  41.607  -7.481 0.0000000000
134873  -41.403  41.578  -7.443 0.0000000000
134908  -40.819  40.999  -11.697 0.0000000000
134997  -45.973  41.794  -26.109 0.0000000000
134999  -46.954  42.061  -26.181 0.0000000000
135005  -44.700  41.727  -26.715 0.0000000000
135008  -46.821  41.911  -26.372 0.0000000000
135012  -43.754  42.225  -27.310 0.0000000000
135013  -44.498  41.985  -27.223 0.0000000000
135015  -45.727  41.832  -26.807 0.0000000000
135630  -47.242  42.764  -4.371 0.0000000000
135643  -45.554  42.866  -5.606 0.0000000000
135657  -45.172  42.609  -5.938 0.0000000000
135669  -42.099  43.034  -7.061 0.0000000000
135689  -43.935  42.976  -9.965 0.0000000000
135768  -40.404  42.941  -25.176 0.0000000000
135769  -40.729  42.877  -25.200 0.0000000000
135771  -45.968  42.507  -25.254 0.0000000000
135773  -46.971  42.659  -25.304 0.0000000000
135775  -48.311  42.803  -25.113 0.0000000000
135780  -40.431  42.944  -25.429 0.0000000000
135781  -41.102  42.934  -25.632 0.0000000000
135782  -42.240  42.800  -25.828 0.0000000000
135784  -44.558  42.284  -25.782 0.0000000000
135787  -47.128  42.326  -25.808 0.0000000000
135794  -41.405  43.108  -26.087 0.0000000000
135796  -45.492  42.571  -27.063 0.0000000000
135798  -47.089  42.425  -26.349 0.0000000000
135800  -48.429  43.309  -25.670 0.0000000000
135807  -45.837  42.093  -26.974 0.0000000000
136348  -47.473  44.435  -3.668 0.0000000000
136370  -45.034  43.837  -5.534 0.0000000000
136372  -46.354  43.857  -4.626 0.0000000000
136390  -43.893  43.700  -6.144 0.0000000000
136391  -44.485  43.713  -5.891 0.0000000000
136421  -43.795  43.513  -9.952 0.0000000000
136430  -41.654  43.224  -11.882 0.0000000000
136447  -42.093  44.418  -13.892 0.0000000000
136476  -49.558  44.245  -19.050 0.0000000000
136488  -48.843  44.337  -21.133 0.0000000000
136490  -49.846  44.489  -20.021 0.0000000000
136517  -45.231  43.996  -24.044 0.0000000000
136553  -45.077  42.768  -25.334 0.0000000000
136555  -48.549  43.761  -25.590 0.0000000000
136556  -48.673  43.628  -25.410 0.0000000000
136563  -44.759  43.357  -27.102 0.0000000000
136568  -48.531  43.498  -25.624 0.0000000000
137094  -46.234  45.016  -4.415 0.0000000000
137097  -49.225  43.930  -3.705 0.0000000000
137103  -44.139  44.921  -5.653 0.0000000000
137121  -41.526  44.808  -6.663 0.0000000000
137138  -43.861  44.315  -9.873 0.0000000000
137158  -41.730  43.724  -11.998 0.0000000000
137168  -41.886  44.534  -12.494 0.0000000000
137177  -42.060  44.629  -13.319 0.0000000000
137178  -50.750  45.180  -13.924 0.0000000000
137179  -50.848  45.127  -14.145 0.0000000000
137186  -42.373  44.846  -13.984 0.0000000000
137189  -50.513  45.132  -14.361 0.0000000000
137201  -50.624  45.166  -15.183 0.0000000000
137202  -50.853  45.316  -15.057 0.0000000000
137230  -50.077  45.163  -18.157 0.0000000000
137236  -49.818  45.304  -19.052 0.0000000000
137244  -49.953  44.808  -20.843 0.0000000000
137252  -50.027  45.220  -21.138 0.0000000000
137283  -44.020  44.479  -23.645 0.0000000000
137284  -44.866  44.312  -23.692 0.0000000000
137287  -47.140  44.177  -23.771 0.0000000000
137301  -43.659  44.029  -24.287 0.0000000000
137315  -48.010  44.384  -25.589 0.0000000000
137316  -48.573  44.116  -25.521 0.0000000000
137317  -48.921  44.093  -25.243 0.0000000000
137327  -48.179  43.991  -25.742 0.0000000000
137819  -48.055  45.748  -3.514 0.0000000000
137838  -48.153  45.675  -4.835 0.0000000000
137848  -39.313  45.532  -6.796 0.0000000000
137898  -49.537  46.239  -11.301 0.0000000000
137918  -43.148  45.798  -13.870 0.0000000000
137931  -43.293  45.453  -14.643 0.0000000000
137932  -43.801  45.599  -15.009 0.0000000000
137936  -51.026  45.414  -14.660 0.0000000000
137946  -44.574  45.535  -15.892 0.0000000000
137949  -50.895  45.547  -15.257 0.0000000000
137961  -49.530  45.460  -15.905 0.0000000000
137962  -50.689  46.121  -16.224 0.0000000000
137963  -50.762  45.853  -16.094 0.0000000000
137975  -50.558  46.090  -16.912 0.0000000000
137998  -46.457  45.907  -20.514 0.0000000000
138000  -50.020  45.697  -19.778 0.0000000000
138011  -45.807  45.932  -21.780 0.0000000000
138050  -46.194  44.754  -23.347 0.0000000000
138096  -43.485  45.043  -28.152 0.0000000000
138102  -43.846  45.483  -28.516 0.0000000000
138626  -47.275  46.366  -3.776 0.0000000000
138632  -46.303  46.240  -4.435 0.0000000000
138633  -46.821  46.439  -4.115 0.0000000000
138634  -47.288  46.632  -3.884 0.0000000000
138641  -44.103  46.243  -5.493 0.0000000000
138643  -45.779  46.312  -4.752 0.0000000000
138657  -40.800  46.148  -6.770 0.0000000000
138658  -41.595  46.146  -6.555 0.0000000000
138720  -49.916  46.325  -11.353 0.0000000000
138732  -44.614  47.009  -13.133 0.0000000000
138746  -43.792  46.112  -14.326 0.0000000000
138748  -45.137  47.041  -14.217 0.0000000000
138762  -44.366  46.095  -14.992 0.0000000000
138763  -45.392  46.856  -14.748 0.0000000000
138764  -46.495  47.134  -14.699 0.0000000000
138768  -51.195  45.842  -14.774 0.0000000000
138780  -47.312  46.921  -15.341 0.0000000000
138793  -46.187  46.151  -16.320 0.0000000000
138794  -47.229  46.505  -16.131 0.0000000000
138796  -50.571  46.421  -16.186 0.0000000000
138797  -50.716  46.095  -15.809 0.0000000000
138872  -45.989  46.035  -21.377 0.0000000000
138886  -44.943  46.106  -21.926 0.0000000000
138887  -45.363  46.018  -21.906 0.0000000000
138888  -50.018  46.884  -22.177 0.0000000000
138899  -44.172  46.816  -23.823 0.0000000000
138913  -43.098  46.867  -24.452 0.0000000000
138914  -43.451  46.547  -24.309 0.0000000000
138917  -46.714  46.143  -24.286 0.0000000000
138927  -43.067  46.867  -24.693 0.0000000000
139476  -47.627  46.879  -3.825 0.0000000000
139477  -47.854  46.897  -3.871 0.0000000000
139487  -46.940  46.902  -4.324 0.0000000000
139493  -44.991  47.011  -5.582 0.0000000000
139496  -47.149  47.386  -4.554 0.0000000000
139508  -43.378  46.871  -6.495 0.0000000000
139511  -45.948  47.430  -5.351 0.0000000000
139525  -43.254  47.260  -7.201 0.0000000000
139537  -40.175  47.589  -8.738 0.0000000000
139548  -40.843  47.706  -8.946 0.0000000000
139572  -45.008  47.144  -13.445 0.0000000000
139573  -45.295  47.181  -13.241 0.0000000000
139574  -45.703  47.229  -12.997 0.0000000000
139590  -45.216  47.193  -13.798 0.0000000000
139608  -45.821  47.226  -14.132 0.0000000000
139714  -50.447  47.335  -21.912 0.0000000000
139722  -43.739  48.123  -22.689 0.0000000000
139724  -45.639  47.736  -22.611 0.0000000000
139725  -46.310  47.559  -22.748 0.0000000000
139727  -50.471  47.825  -22.113 0.0000000000
139740  -44.807  47.236  -23.215 0.0000000000
139742  -46.802  47.324  -23.117 0.0000000000
139746  -50.007  47.872  -23.177 0.0000000000
139756  -49.306  47.669  -24.034 0.0000000000
140317  -47.359  47.488  -4.469 0.0000000000
140326  -47.188  47.767  -4.919 0.0000000000
140362  -41.512  47.701  -8.865 0.0000000000
140363  -42.002  47.671  -8.749 0.0000000000
140366  -45.586  48.994  -8.294 0.0000000000
140426  -50.545  48.423  -17.013 0.0000000000
140433  -50.867  48.554  -17.701 0.0000000000
140438  -47.975  48.809  -18.930 0.0000000000
140445  -47.761  48.876  -19.108 0.0000000000
140446  -47.986  48.874  -19.234 0.0000000000
140471  -42.640  48.759  -22.619 0.0000000000
140472  -43.329  48.531  -22.211 0.0000000000
140476  -47.662  48.818  -22.639 0.0000000000
140478  -50.579  48.356  -22.201 0.0000000000
140490  -47.346  47.828  -22.991 0.0000000000
140491  -48.025  48.317  -23.056 0.0000000000
140501  -49.155  47.968  -24.062 0.0000000000
140553  -45.197  49.037  -28.759 0.0000000000
141072  -48.485  48.664  -6.458 0.0000000000
141080  -47.888  49.261  -7.329 0.0000000000
141117  -44.199  49.960  -10.672 0.0000000000
141118  -44.934  50.065  -10.241 0.0000000000
141119  -45.432  50.038  -10.011 0.0000000000
141134  -41.995  49.920  -13.810 0.0000000000
141135  -42.243  49.887  -13.774 0.0000000000
141137  -48.687  49.565  -12.664 0.0000000000
141143  -43.931  49.457  -14.519 0.0000000000
141145  -49.045  49.308  -14.254 0.0000000000
141153  -43.316  49.483  -15.141 0.0000000000
141157  -46.693  49.613  -15.813 0.0000000000
141188  -48.866  48.988  -17.969 0.0000000000
141189  -50.371  49.463  -18.238 0.0000000000
141197  -46.419  49.259  -18.555 0.0000000000
141199  -48.365  48.822  -18.608 0.0000000000
141210  -48.408  48.899  -19.476 0.0000000000
141220  -47.981  49.467  -20.126 0.0000000000
141237  -45.181  49.912  -21.538 0.0000000000
141238  -45.934  50.114  -21.695 0.0000000000
141239  -49.842  49.836  -21.253 0.0000000000
141240  -50.196  49.964  -21.386 0.0000000000
141241  -51.165  49.232  -21.518 0.0000000000
141255  -48.254  49.791  -22.792 0.0000000000
141256  -50.589  49.164  -22.854 0.0000000000
141257  -50.883  49.322  -22.460 0.0000000000
141270  -50.775  50.092  -22.987 0.0000000000
141870  -47.126  50.322  -9.283 0.0000000000
141879  -46.149  50.447  -9.996 0.0000000000
141880  -46.653  50.531  -9.772 0.0000000000
141890  -42.750  50.809  -10.808 0.0000000000
141908  -44.514  51.444  -12.746 0.0000000000
141915  -39.857  50.288  -13.899 0.0000000000
141918  -42.549  50.201  -13.288 0.0000000000
141936  -47.530  51.024  -14.689 0.0000000000
141940  -39.389  50.965  -15.744 0.0000000000
141944  -45.805  49.664  -15.068 0.0000000000
141949  -50.145  49.836  -16.280 0.0000000000
141956  -39.630  51.274  -16.301 0.0000000000
141961  -44.212  49.777  -17.085 0.0000000000
141962  -47.897  49.687  -16.364 0.0000000000
141966  -50.695  49.542  -17.555 0.0000000000
141975  -42.158  50.962  -17.232 0.0000000000
141982  -50.521  49.639  -17.702 0.0000000000
141991  -46.400  49.804  -19.190 0.0000000000
141993  -49.885  49.366  -18.124 0.0000000000
142001  -47.508  49.780  -20.149 0.0000000000
142014  -50.630  49.754  -21.357 0.0000000000
142015  -50.943  49.571  -21.392 0.0000000000
142031  -49.477  51.057  -21.566 0.0000000000
142032  -49.819  50.574  -21.566 0.0000000000
142055  -50.479  50.584  -23.307 0.0000000000
142056  -50.734  50.676  -23.072 0.0000000000
142676  -46.875  51.182  -9.998 0.0000000000
142678  -37.732  51.946  -10.081 0.0000000000
142685  -44.294  51.803  -10.945 0.0000000000
142687  -46.403  51.413  -10.468 0.0000000000
142688  -47.183  51.748  -10.452 0.0000000000
142689  -47.644  51.569  -10.564 0.0000000000
142692  -47.545  52.114  -10.913 0.0000000000
142713  -41.213  50.614  -13.198 0.0000000000
142714  -44.870  51.700  -12.724 0.0000000000
142715  -45.641  51.818  -12.759 0.0000000000
142716  -46.567  51.814  -13.178 0.0000000000
142718  -48.516  51.309  -12.718 0.0000000000
142727  -46.991  51.523  -13.716 0.0000000000
142730  -49.252  51.261  -14.338 0.0000000000
142738  -48.564  51.371  -15.324 0.0000000000
142750  -40.454  51.154  -16.815 0.0000000000
142751  -48.967  50.795  -15.966 0.0000000000
142753  -49.947  50.168  -16.589 0.0000000000
142778  -45.013  51.731  -18.959 0.0000000000
142800  -47.123  51.637  -20.347 0.0000000000
142821  -50.506  50.618  -21.870 0.0000000000
142831  -47.888  51.522  -22.633 0.0000000000
142833  -50.585  51.527  -22.532 0.0000000000
142834  -50.777  50.859  -22.257 0.0000000000
142846  -50.114  51.378  -23.323 0.0000000000
142848  -50.822  50.994  -22.721 0.0000000000
143476  -47.673  52.616  -11.418 0.0000000000
143477  -48.059  52.368  -11.862 0.0000000000
143493  -48.406  52.175  -12.579 0.0000000000
143500  -46.869  52.704  -12.988 0.0000000000
143503  -49.047  52.019  -13.833 0.0000000000
143510  -48.052  52.354  -14.107 0.0000000000
143520  -49.251  51.834  -15.021 0.0000000000
143549  -43.448  53.156  -18.327 0.0000000000
143559  -45.573  52.818  -19.201 0.0000000000
143572  -46.950  52.414  -20.091 0.0000000000
143573  -47.609  52.774  -20.487 0.0000000000
143584  -43.538  52.821  -20.761 0.0000000000
143587  -46.169  52.698  -21.624 0.0000000000
143588  -48.965  52.505  -21.429 0.0000000000
143590  -49.926  52.227  -22.059 0.0000000000
143603  -46.988  52.581  -22.051 0.0000000000
143606  -50.309  52.161  -22.298 0.0000000000
143621  -48.975  52.084  -23.013 0.0000000000
143622  -49.636  52.079  -23.179 0.0000000000
143623  -50.156  52.152  -22.819 0.0000000000
144207  -44.328  53.591  -11.026 0.0000000000
144208  -45.324  53.687  -10.967 0.0000000000
144210  -47.002  53.283  -11.100 0.0000000000
144212  -46.829  54.207  -11.526 0.0000000000
144213  -47.410  53.545  -11.693 0.0000000000
144229  -46.041  53.684  -12.311 0.0000000000
144230  -46.741  53.497  -12.599 0.0000000000
144231  -47.930  53.417  -12.704 0.0000000000
144232  -48.087  52.937  -12.342 0.0000000000
144239  -49.032  52.411  -13.953 0.0000000000
144244  -48.376  52.650  -14.121 0.0000000000
144245  -48.660  52.624  -14.052 0.0000000000
144283  -46.995  53.902  -19.695 0.0000000000
144299  -44.408  54.284  -20.808 0.0000000000
144302  -49.339  53.958  -21.615 0.0000000000
144318  -44.052  53.254  -20.906 0.0000000000
144323  -49.353  52.987  -21.587 0.0000000000
144344  -48.959  53.191  -22.715 0.0000000000
144345  -49.557  53.175  -22.454 0.0000000000
144346  -50.088  52.823  -22.068 0.0000000000
144363  -49.837  52.745  -22.628 0.0000000000
144962  -43.383  54.208  -11.611 0.0000000000
144985  -44.773  54.255  -12.049 0.0000000000
144988  -47.241  53.804  -12.322 0.0000000000
144996  -47.125  53.704  -12.581 0.0000000000
145040  -47.486  54.784  -19.970 0.0000000000
145060  -48.153  54.696  -20.415 0.0000000000
145062  -49.118  54.444  -21.405 0.0000000000
145079  -44.878  54.768  -20.953 0.0000000000
145096  -48.119  54.598  -22.032 0.0000000000
145098  -49.251  54.007  -22.224 0.0000000000
145767  -44.021  55.833  -18.409 0.0000000000
145775  -46.530  55.806  -19.441 0.0000000000
145777  -47.908  55.513  -20.241 0.0000000000
145792  -48.758  55.170  -21.253 0.0000000000
145793  -49.054  54.706  -21.566 0.0000000000
145807  -47.830  55.469  -21.714 0.0000000000
145808  -48.470  55.389  -21.598 0.0000000000
145809  -48.964  54.752  -21.798 0.0000000000
145824  -48.932  54.465  -22.050 0.0000000000
146590  -41.693  56.667  -18.250 0.0000000000
146593  -44.523  56.700  -18.614 0.0000000000
146600  -47.587  56.009  -20.219 0.0000000000
146609  -42.730  56.691  -20.641 0.0000000000
146610  -43.745  56.697  -20.794 0.0000000000
146611  -44.680  56.567  -20.891 0.0000000000
146612  -47.306  56.533  -20.861 0.0000000000
146613  -47.949  56.034  -20.692 0.0000000000
146614  -48.490  55.713  -20.934 0.0000000000
146620  -46.505  56.338  -21.306 0.0000000000
146623  -48.428  55.811  -21.178 0.0000000000
147356  -39.040  57.327  -18.220 0.0000000000
147357  -39.633  57.283  -18.256 0.0000000000
147358  -40.359  57.333  -18.241 0.0000000000
147361  -43.301  57.695  -18.172 0.0000000000
147366  -44.738  57.759  -19.071 0.0000000000
147367  -45.424  57.561  -19.441 0.0000000000
147368  -46.243  57.285  -19.933 0.0000000000
147380  -45.550  57.714  -20.299 0.0000000000
147388  -46.802  56.763  -21.063 0.0000000000
148099  -42.066  59.190  -17.629 0.0000000000
148104  -39.877  57.897  -18.107 0.0000000000
148109  -44.361  58.075  -18.917 0.0000000000
148111  -44.029  58.659  -19.590 0.0000000000
148125  -44.709  58.190  -20.062 0.0000000000
148126  -45.076  58.090  -19.911 0.0000000000
148792  -34.651  59.817  -16.804 0.0000000000
148793  -42.535  60.507  -16.925 0.0000000000
148794  -42.732  60.576  -16.994 0.0000000000
148803  -40.481  59.570  -17.615 0.0000000000
148809  -42.556  60.224  -18.542 0.0000000000
148810  -42.871  60.069  -18.292 0.0000000000
148817  -43.212  59.227  -19.224 0.0000000000
149445  -41.046  60.898  -16.918 0.0000000000
149447  -42.545  60.812  -16.659 0.0000000000
149448  -43.003  60.933  -16.892 0.0000000000
149452  -37.844  60.156  -17.522 0.0000000000
149455  -40.816  60.264  -17.218 0.0000000000
149456  -41.630  60.445  -17.052 0.0000000000
149463  -42.849  61.008  -18.058 0.0000000000
150095  -31.658  60.474  -15.015 0.0000000000
150096  -32.060  60.599  -15.002 0.0000000000
150104  -33.673  61.441  -15.176 0.0000000000
150106  -35.191  61.704  -15.991 0.0000000000
150107  -42.453  62.162  -15.543 0.0000000000
150109  -43.372  62.049  -15.974 0.0000000000
150111  -34.985  61.104  -16.253 0.0000000000
150117  -41.303  61.508  -16.470 0.0000000000
150119  -43.014  61.470  -16.250 0.0000000000
150120  -43.349  61.676  -16.673 0.0000000000
150123  -36.559  60.929  -17.115 0.0000000000
150124  -37.390  60.926  -17.192 0.0000000000
150127  -39.940  60.763  -17.032 0.0000000000
150763  -35.573  62.822  -14.829 0.0000000000
150779  -36.069  62.669  -15.422 0.0000000000
150784  -41.664  62.488  -15.509 0.0000000000
150796  -37.385  62.275  -16.357 0.0000000000
150800  -41.538  61.954  -16.064 0.0000000000
