#!ascii label  , from subject 198451 vox2ras=TkReg
1304
73369  -6.556  -11.388  40.142 0.0000000000
81590  -30.699  -6.353  23.386 0.0000000000
88468  -29.508  -1.254  20.707 0.0000000000
84334  -26.047  -3.200  32.017 0.0000000000
94118  -38.948  3.670  7.715 0.0000000000
88593  -32.799  -0.853  12.244 0.0000000000
84376  -35.813  -3.013  29.908 0.0000000000
84391  -30.019  -2.631  27.848 0.0000000000
99057  -44.861  7.125  8.531 0.0000000000
107846  -46.541  14.252  6.181 0.0000000000
107898  -50.015  14.495  1.216 0.0000000000
93899  -33.568  3.721  21.523 0.0000000000
91245  -29.797  0.983  16.674 0.0000000000
92627  -34.881  2.529  16.639 0.0000000000
89937  -36.761  1.213  13.928 0.0000000000
76243  -18.266  -9.270  30.161 0.0000000000
73333  -5.290  -11.866  43.281 0.0000000000
84481  -32.229  -4.471  22.205 0.0000000000
95164  -33.892  3.513  27.535 0.0000000000
77615  -21.534  -8.839  26.893 0.0000000000
85784  -24.436  -3.120  25.408 0.0000000000
106681  -44.692  12.801  -3.551 0.0000000000
115727  -50.328  20.346  0.054 0.0000000000
94042  -34.804  2.914  10.076 0.0000000000
95372  -42.466  5.060  12.222 0.0000000000
73407  -7.831  -11.546  36.192 0.0000000000
66758  -4.510  -17.712  43.719 0.0000000000
104269  -46.030  11.120  7.918 0.0000000000
92581  -34.147  3.191  19.082 0.0000000000
76241  -16.083  -10.023  29.784 0.0000000000
73342  -5.894  -12.208  42.281 0.0000000000
79003  -31.252  -7.906  20.455 0.0000000000
80294  -31.863  -6.831  22.080 0.0000000000
80207  -23.550  -5.641  29.548 0.0000000000
81525  -22.671  -6.157  26.313 0.0000000000
84390  -24.877  -3.156  28.413 0.0000000000
82907  -30.695  -4.679  25.500 0.0000000000
84436  -28.872  -3.372  25.031 0.0000000000
81605  -29.314  -6.096  22.086 0.0000000000
80170  -25.112  -5.392  33.077 0.0000000000
77586  -22.780  -7.904  30.024 0.0000000000
105435  -41.161  11.750  3.917 0.0000000000
106658  -43.440  12.419  -1.426 0.0000000000
112407  -50.753  17.497  0.762 0.0000000000
89892  -29.903  -0.413  13.829 0.0000000000
89951  -33.148  0.136  11.092 0.0000000000
95354  -39.888  3.921  13.866 0.0000000000
76194  -12.458  -9.987  32.598 0.0000000000
76153  -11.524  -9.386  34.631 0.0000000000
76109  -9.827  -9.277  36.740 0.0000000000
73443  -8.956  -11.899  34.110 0.0000000000
66785  -5.130  -17.865  42.872 0.0000000000
81531  -32.999  -4.570  26.169 0.0000000000
82944  -33.524  -4.169  25.090 0.0000000000
88357  -36.716  -1.033  29.603 0.0000000000
86992  -29.612  -1.506  33.117 0.0000000000
87053  -28.432  -1.753  29.737 0.0000000000
85704  -31.515  -2.340  30.455 0.0000000000
82857  -32.383  -3.411  28.390 0.0000000000
95465  -41.867  4.852  8.691 0.0000000000
101750  -42.866  8.354  8.453 0.0000000000
105410  -43.026  11.967  6.290 0.0000000000
106617  -44.303  13.488  3.254 0.0000000000
106639  -45.433  13.540  1.220 0.0000000000
109035  -48.143  15.083  3.379 0.0000000000
92546  -31.105  2.449  21.760 0.0000000000
89825  -28.560  -0.593  18.895 0.0000000000
92578  -30.694  2.141  19.352 0.0000000000
91247  -31.888  2.320  15.887 0.0000000000
89894  -32.497  1.043  14.271 0.0000000000
88581  -34.199  0.057  13.664 0.0000000000
89874  -35.220  1.043  15.276 0.0000000000
76198  -17.066  -9.513  32.084 0.0000000000
76196  -14.412  -9.988  31.705 0.0000000000
111306  -50.133  16.999  -5.768 0.0000000000
73323  -4.373  -12.467  43.811 0.0000000000
81664  -31.132  -6.392  19.129 0.0000000000
87171  -31.313  -2.846  22.017 0.0000000000
88412  -34.046  -1.744  25.761 0.0000000000
91137  -32.902  0.127  25.573 0.0000000000
91154  -31.520  0.787  24.118 0.0000000000
95216  -33.325  4.235  24.761 0.0000000000
85768  -26.894  -2.153  26.579 0.0000000000
76225  -21.247  -8.821  31.621 0.0000000000
76287  -20.574  -9.297  28.420 0.0000000000
107916  -47.189  14.311  -0.875 0.0000000000
109073  -47.234  15.270  -2.486 0.0000000000
111293  -49.245  16.688  -3.954 0.0000000000
114620  -51.379  20.064  -1.719 0.0000000000
70664  -6.463  -14.310  38.492 0.0000000000
70614  -5.833  -14.489  41.000 0.0000000000
94089  -36.925  3.500  8.315 0.0000000000
92683  -36.051  2.466  12.739 0.0000000000
95406  -38.962  4.559  10.958 0.0000000000
92741  -40.253  3.589  9.350 0.0000000000
94071  -44.244  4.447  10.216 0.0000000000
74698  -7.119  -11.328  38.531 0.0000000000
69407  -5.324  -15.220  42.446 0.0000000000
70555  -4.860  -14.796  43.602 0.0000000000
69373  -3.957  -15.566  43.824 0.0000000000
73348  -6.197  -11.707  41.384 0.0000000000
80292  -30.327  -6.772  22.262 0.0000000000
80312  -31.019  -7.727  21.112 0.0000000000
80279  -31.595  -6.379  22.972 0.0000000000
81485  -24.265  -4.857  30.437 0.0000000000
82854  -24.150  -4.431  29.438 0.0000000000
84353  -25.521  -3.193  30.240 0.0000000000
81547  -30.742  -5.342  24.240 0.0000000000
82942  -29.526  -5.145  23.806 0.0000000000
81606  -29.942  -6.492  22.399 0.0000000000
80310  -29.517  -7.033  21.357 0.0000000000
84292  -26.825  -2.939  33.662 0.0000000000
82813  -26.004  -3.952  33.709 0.0000000000
82829  -25.505  -4.261  32.264 0.0000000000
80188  -24.414  -5.484  31.280 0.0000000000
106649  -43.462  12.617  -0.375 0.0000000000
87188  -30.098  -2.855  20.846 0.0000000000
87186  -28.844  -2.991  19.451 0.0000000000
89918  -31.052  -0.429  13.287 0.0000000000
88592  -31.735  -1.632  12.360 0.0000000000
89932  -33.241  -0.173  11.840 0.0000000000
74789  -11.754  -10.454  32.564 0.0000000000
76172  -12.257  -9.669  33.328 0.0000000000
74787  -10.226  -10.848  33.400 0.0000000000
74777  -10.038  -10.429  34.256 0.0000000000
73455  -9.316  -11.895  33.336 0.0000000000
81518  -34.233  -3.823  28.254 0.0000000000
82910  -34.509  -3.841  27.259 0.0000000000
85748  -36.595  -2.322  29.521 0.0000000000
85640  -31.196  -1.214  33.316 0.0000000000
85664  -30.960  -1.610  31.834 0.0000000000
85666  -32.567  -1.508  32.294 0.0000000000
84359  -35.464  -2.959  30.707 0.0000000000
82830  -33.637  -3.052  30.175 0.0000000000
82860  -34.192  -3.421  29.193 0.0000000000
81496  -32.781  -3.890  27.347 0.0000000000
97933  -43.530  6.141  8.549 0.0000000000
99054  -42.020  6.650  8.545 0.0000000000
100392  -43.505  7.579  8.327 0.0000000000
106591  -46.392  13.162  7.037 0.0000000000
104267  -44.182  11.109  7.475 0.0000000000
106598  -45.150  13.469  6.123 0.0000000000
106596  -43.378  13.056  4.870 0.0000000000
107852  -45.378  14.226  4.981 0.0000000000
109033  -46.222  14.560  3.556 0.0000000000
109017  -47.424  15.117  5.117 0.0000000000
93898  -32.085  3.323  21.944 0.0000000000
92562  -30.923  2.514  20.441 0.0000000000
93918  -32.297  3.271  20.895 0.0000000000
92598  -34.898  3.116  18.139 0.0000000000
92596  -32.599  2.680  18.206 0.0000000000
91248  -33.072  2.952  15.815 0.0000000000
91262  -32.215  2.449  14.855 0.0000000000
91263  -33.443  1.856  15.367 0.0000000000
89873  -34.235  1.227  14.933 0.0000000000
91264  -34.741  1.639  15.583 0.0000000000
74819  -19.126  -9.333  31.945 0.0000000000
74804  -18.766  -9.307  32.812 0.0000000000
76221  -17.653  -9.467  31.162 0.0000000000
76219  -15.311  -9.910  30.719 0.0000000000
111302  -52.194  17.328  -3.903 0.0000000000
111320  -52.532  17.254  -6.160 0.0000000000
73325  -5.075  -12.087  43.498 0.0000000000
80332  -31.864  -6.214  20.681 0.0000000000
79019  -31.478  -7.818  19.723 0.0000000000
81647  -31.603  -6.133  20.285 0.0000000000
84490  -31.309  -4.660  20.867 0.0000000000
85860  -31.571  -3.760  21.850 0.0000000000
88382  -35.261  -1.354  27.629 0.0000000000
85817  -34.061  -2.811  25.666 0.0000000000
89709  -35.191  -0.519  27.869 0.0000000000
95165  -34.393  3.364  28.293 0.0000000000
92502  -33.816  0.887  27.255 0.0000000000
92500  -33.051  1.887  26.622 0.0000000000
91136  -32.097  0.766  24.908 0.0000000000
93833  -32.649  2.681  26.145 0.0000000000
95214  -32.202  3.193  24.882 0.0000000000
96532  -33.383  4.097  26.448 0.0000000000
82904  -22.860  -4.903  26.263 0.0000000000
85722  -29.680  -2.235  28.935 0.0000000000
85721  -28.391  -1.925  28.823 0.0000000000
85770  -29.002  -2.264  27.269 0.0000000000
85814  -27.716  -3.477  23.850 0.0000000000
76205  -22.952  -8.305  32.572 0.0000000000
77598  -22.232  -7.970  28.781 0.0000000000
76288  -21.243  -9.027  28.654 0.0000000000
76307  -21.224  -9.101  27.634 0.0000000000
76305  -19.605  -9.725  27.132 0.0000000000
106641  -47.098  13.667  1.173 0.0000000000
106661  -45.757  13.588  0.090 0.0000000000
107908  -49.039  14.055  0.178 0.0000000000
114611  -50.473  19.357  0.338 0.0000000000
110202  -49.508  15.419  -1.013 0.0000000000
110208  -49.919  16.048  -1.680 0.0000000000
110213  -49.111  16.280  -2.887 0.0000000000
111287  -50.630  17.525  -1.806 0.0000000000
112413  -51.112  17.881  -1.878 0.0000000000
115737  -50.616  20.383  -0.767 0.0000000000
89843  -28.991  0.353  17.998 0.0000000000
88505  -28.155  -1.303  18.385 0.0000000000
92763  -36.544  2.336  7.693 0.0000000000
94064  -35.628  3.152  9.104 0.0000000000
88596  -35.552  0.491  13.593 0.0000000000
91309  -34.942  1.207  12.487 0.0000000000
91311  -36.254  1.642  13.269 0.0000000000
96677  -41.167  4.946  13.299 0.0000000000
95368  -39.104  4.205  12.807 0.0000000000
95387  -40.520  4.510  11.460 0.0000000000
94043  -40.080  4.104  10.357 0.0000000000
94046  -41.429  3.885  10.680 0.0000000000
92720  -42.259  3.840  9.895 0.0000000000
94016  -43.550  4.780  11.422 0.0000000000
74735  -9.160  -9.956  36.466 0.0000000000
74715  -8.132  -10.453  37.291 0.0000000000
76038  -7.985  -9.701  39.149 0.0000000000
73393  -7.469  -11.475  37.272 0.0000000000
72031  -6.859  -13.266  37.587 0.0000000000
72043  -7.148  -13.257  36.774 0.0000000000
68199  -5.532  -16.824  41.251 0.0000000000
70594  -5.673  -14.483  41.812 0.0000000000
68188  -5.418  -16.515  41.872 0.0000000000
66759  -4.796  -17.734  43.389 0.0000000000
68164  -5.030  -16.776  42.949 0.0000000000
68149  -4.725  -16.433  43.492 0.0000000000
70543  -4.476  -14.722  43.857 0.0000000000
68132  -4.014  -16.865  43.927 0.0000000000
84294  -33.782  -1.987  32.697 0.0000000000
100395  -45.925  8.342  8.800 0.0000000000
101769  -45.405  9.396  8.564 0.0000000000
101771  -46.567  9.820  8.571 0.0000000000
92548  -34.063  3.466  20.700 0.0000000000
77583  -18.294  -9.467  28.786 0.0000000000
76242  -17.179  -9.440  29.948 0.0000000000
75973  -6.376  -10.021  43.103 0.0000000000
73340  -5.525  -12.131  42.875 0.0000000000
79002  -30.744  -8.349  20.447 0.0000000000
78986  -31.541  -7.449  21.346 0.0000000000
81626  -32.368  -5.659  21.996 0.0000000000
97691  -35.207  5.690  27.099 0.0000000000
78914  -22.365  -7.594  27.895 0.0000000000
78928  -22.085  -8.030  26.442 0.0000000000
81510  -22.793  -6.288  27.369 0.0000000000
82890  -23.552  -4.406  27.721 0.0000000000
85743  -24.764  -2.944  27.300 0.0000000000
84411  -30.486  -3.703  26.990 0.0000000000
84410  -29.779  -3.002  26.747 0.0000000000
84437  -29.416  -4.132  24.778 0.0000000000
82941  -28.927  -4.876  23.190 0.0000000000
80309  -28.957  -6.803  20.943 0.0000000000
80160  -24.878  -6.429  33.531 0.0000000000
77561  -23.649  -7.429  31.841 0.0000000000
80177  -23.935  -6.517  31.868 0.0000000000
80196  -23.430  -6.599  30.184 0.0000000000
104280  -40.343  10.920  5.466 0.0000000000
106667  -44.100  12.819  -2.029 0.0000000000
111274  -51.490  16.735  1.698 0.0000000000
110196  -50.578  15.928  0.498 0.0000000000
89870  -30.217  0.661  15.003 0.0000000000
89968  -33.506  -0.433  10.056 0.0000000000
92680  -33.739  1.528  10.878 0.0000000000
92650  -40.030  2.422  15.258 0.0000000000
92661  -38.684  2.445  14.267 0.0000000000
93994  -40.921  3.461  15.500 0.0000000000
76174  -14.416  -9.697  33.129 0.0000000000
76155  -13.425  -9.552  34.339 0.0000000000
76112  -12.477  -8.928  36.331 0.0000000000
76134  -10.379  -9.441  35.624 0.0000000000
74758  -9.303  -10.461  35.457 0.0000000000
73423  -8.420  -11.466  35.294 0.0000000000
72056  -7.847  -12.733  34.993 0.0000000000
72073  -8.423  -12.979  34.166 0.0000000000
81549  -31.630  -5.449  24.509 0.0000000000
80264  -32.001  -5.986  23.755 0.0000000000
81552  -33.397  -4.561  25.833 0.0000000000
85788  -35.158  -2.505  27.616 0.0000000000
85663  -27.549  -1.981  32.648 0.0000000000
87020  -27.616  -1.703  31.047 0.0000000000
87022  -29.170  -1.428  31.666 0.0000000000
85702  -29.882  -2.114  30.037 0.0000000000
84355  -31.168  -2.652  29.263 0.0000000000
84337  -33.500  -2.765  30.927 0.0000000000
84357  -32.614  -2.899  29.807 0.0000000000
84393  -31.318  -3.342  28.044 0.0000000000
82893  -31.367  -4.529  26.670 0.0000000000
81513  -31.520  -5.025  26.030 0.0000000000
85638  -28.908  -1.756  33.746 0.0000000000
94119  -39.931  4.094  8.320 0.0000000000
95478  -39.252  4.402  7.270 0.0000000000
97930  -40.540  5.750  8.536 0.0000000000
100389  -40.257  7.288  8.329 0.0000000000
103058  -41.021  8.946  7.949 0.0000000000
103061  -44.266  9.423  8.280 0.0000000000
103074  -42.564  10.138  7.651 0.0000000000
104265  -41.851  10.910  6.914 0.0000000000
105424  -42.462  12.289  5.351 0.0000000000
106604  -42.716  12.651  3.523 0.0000000000
106616  -43.492  12.975  2.879 0.0000000000
106638  -44.394  13.113  1.093 0.0000000000
107871  -44.828  13.533  2.793 0.0000000000
107873  -46.344  13.895  2.353 0.0000000000
107875  -48.788  14.262  2.101 0.0000000000
110167  -49.180  15.449  4.317 0.0000000000
107888  -51.200  14.884  2.196 0.0000000000
89806  -29.901  -0.349  21.510 0.0000000000
88485  -29.095  -1.410  20.054 0.0000000000
91196  -29.497  0.802  19.923 0.0000000000
92577  -29.860  1.609  19.316 0.0000000000
91206  -30.012  1.429  18.254 0.0000000000
92580  -32.989  2.891  19.163 0.0000000000
92595  -31.480  2.128  18.295 0.0000000000
91246  -30.996  1.509  16.313 0.0000000000
91261  -31.119  1.868  15.245 0.0000000000
89871  -31.457  1.677  14.389 0.0000000000
89919  -32.193  0.170  13.449 0.0000000000
88580  -33.072  -0.139  13.136 0.0000000000
89920  -33.322  0.271  13.897 0.0000000000
88554  -34.775  0.270  14.157 0.0000000000
88583  -36.070  0.502  14.063 0.0000000000
89876  -36.750  1.076  15.659 0.0000000000
88585  -37.482  1.012  14.706 0.0000000000
76176  -16.619  -9.486  33.014 0.0000000000
76220  -16.527  -9.635  30.936 0.0000000000
76197  -15.900  -9.631  31.914 0.0000000000
76175  -15.538  -9.664  33.002 0.0000000000
76195  -13.182  -9.765  32.183 0.0000000000
84489  -30.766  -4.266  20.678 0.0000000000
88469  -30.260  -1.752  21.494 0.0000000000
80281  -32.640  -5.769  23.254 0.0000000000
82985  -32.914  -4.273  23.664 0.0000000000
87130  -33.058  -2.741  23.913 0.0000000000
89747  -33.571  -0.796  25.744 0.0000000000
89783  -32.512  -1.718  23.906 0.0000000000
89796  -31.833  -1.819  23.000 0.0000000000
89795  -31.331  -1.068  22.910 0.0000000000
89794  -30.567  0.029  22.594 0.0000000000
91173  -30.703  1.231  22.584 0.0000000000
93876  -32.017  3.368  23.293 0.0000000000
95273  -32.961  4.069  23.434 0.0000000000
96534  -34.852  5.407  25.288 0.0000000000
96578  -34.620  5.011  24.018 0.0000000000
85700  -26.130  -2.708  29.466 0.0000000000
85744  -25.783  -2.322  27.557 0.0000000000
85767  -25.595  -2.436  26.478 0.0000000000
85787  -27.922  -2.653  25.558 0.0000000000
85786  -26.511  -2.463  25.575 0.0000000000
76202  -20.847  -8.970  32.646 0.0000000000
76245  -20.168  -9.086  30.471 0.0000000000
76248  -22.234  -8.315  30.884 0.0000000000
76266  -20.753  -9.187  29.498 0.0000000000
76265  -19.905  -9.224  29.306 0.0000000000
76285  -18.845  -9.490  27.912 0.0000000000
106650  -44.343  13.122  0.105 0.0000000000
107904  -45.425  13.754  -1.055 0.0000000000
107914  -45.423  13.818  -1.798 0.0000000000
109062  -48.757  14.507  -0.647 0.0000000000
109067  -47.298  14.731  -1.620 0.0000000000
109071  -45.791  14.336  -2.827 0.0000000000
110210  -46.652  15.175  -4.006 0.0000000000
109082  -46.811  14.884  -5.098 0.0000000000
110230  -47.900  15.206  -6.106 0.0000000000
111299  -49.265  16.764  -5.011 0.0000000000
112420  -52.151  17.580  -3.114 0.0000000000
72015  -6.388  -13.335  39.302 0.0000000000
72008  -6.215  -13.423  40.137 0.0000000000
70632  -6.027  -14.476  40.162 0.0000000000
87216  -28.238  -2.527  18.764 0.0000000000
94117  -38.101  3.219  7.617 0.0000000000
89953  -34.129  0.634  12.218 0.0000000000
91323  -34.451  1.278  12.079 0.0000000000
94023  -35.095  2.974  11.115 0.0000000000
94013  -37.650  3.258  13.409 0.0000000000
95384  -36.904  3.999  12.149 0.0000000000
95404  -36.498  4.183  10.643 0.0000000000
95425  -37.373  4.258  9.644 0.0000000000
94066  -38.352  3.877  9.221 0.0000000000
94092  -40.051  3.846  8.775 0.0000000000
94093  -40.956  3.821  8.828 0.0000000000
94122  -42.908  4.634  9.099 0.0000000000
96764  -44.642  5.582  8.712 0.0000000000
76000  -7.287  -9.617  40.831 0.0000000000
76020  -7.631  -9.649  40.013 0.0000000000
73376  -6.763  -11.229  39.540 0.0000000000
72022  -6.538  -13.251  38.422 0.0000000000
69464  -6.473  -15.196  37.690 0.0000000000
71982  -5.933  -13.380  41.711 0.0000000000
71963  -5.673  -13.341  42.383 0.0000000000
71946  -5.409  -13.374  42.892 0.0000000000
68176  -5.077  -16.803  42.681 0.0000000000
70567  -5.238  -14.757  42.924 0.0000000000
71945  -5.227  -13.623  43.252 0.0000000000
71930  -4.672  -14.129  43.757 0.0000000000
71917  -4.225  -13.439  43.947 0.0000000000
65422  -3.998  -18.086  44.014 0.0000000000
68131  -3.983  -16.611  43.994 0.0000000000
74672  -6.595  -10.509  40.864 0.0000000000
73360  -6.330  -11.528  40.865 0.0000000000
80277  -30.524  -6.558  22.845 0.0000000000
80293  -31.102  -7.055  22.025 0.0000000000
80278  -30.897  -6.408  23.113 0.0000000000
82840  -25.231  -4.070  31.058 0.0000000000
82855  -24.667  -4.195  30.095 0.0000000000
84354  -25.837  -3.023  31.136 0.0000000000
81569  -30.896  -6.019  23.778 0.0000000000
81568  -30.218  -5.632  23.721 0.0000000000
81589  -30.285  -6.323  23.044 0.0000000000
85662  -26.836  -2.615  32.565 0.0000000000
84315  -26.098  -3.547  32.892 0.0000000000
82828  -25.430  -4.341  31.642 0.0000000000
105480  -42.701  12.045  0.247 0.0000000000
87169  -29.962  -2.295  21.005 0.0000000000
87187  -29.444  -2.497  20.269 0.0000000000
88579  -31.951  -0.691  12.791 0.0000000000
74799  -11.039  -11.253  32.209 0.0000000000
74788  -11.198  -10.620  33.013 0.0000000000
74798  -10.418  -11.320  32.602 0.0000000000
82876  -34.618  -3.579  28.895 0.0000000000
82896  -35.161  -3.349  28.742 0.0000000000
84395  -36.241  -2.856  29.543 0.0000000000
85641  -32.294  -1.432  33.481 0.0000000000
85665  -31.686  -1.443  32.040 0.0000000000
82862  -35.404  -3.072  30.116 0.0000000000
82861  -34.870  -3.286  29.712 0.0000000000
82877  -35.271  -3.257  29.447 0.0000000000
81499  -34.224  -3.769  28.651 0.0000000000
97934  -44.383  6.276  8.569 0.0000000000
99056  -43.991  6.916  8.489 0.0000000000
100393  -44.458  7.774  8.355 0.0000000000
106590  -45.618  12.972  6.733 0.0000000000
106599  -45.910  13.544  6.350 0.0000000000
107853  -45.869  14.031  5.736 0.0000000000
109016  -46.366  14.817  5.131 0.0000000000
109004  -46.855  14.917  5.684 0.0000000000
93877  -33.123  3.938  22.472 0.0000000000
93897  -31.743  3.047  21.372 0.0000000000
92610  -34.388  3.035  17.214 0.0000000000
92609  -33.272  2.707  17.080 0.0000000000
92626  -33.999  2.898  16.457 0.0000000000
91249  -34.249  2.303  16.023 0.0000000000
76222  -18.689  -9.249  31.503 0.0000000000
112421  -52.779  17.672  -3.493 0.0000000000
111308  -52.269  17.296  -4.869 0.0000000000
112426  -53.011  17.374  -4.332 0.0000000000
74655  -5.729  -10.888  43.491 0.0000000000
74654  -5.316  -11.503  43.516 0.0000000000
74650  -5.342  -11.027  43.740 0.0000000000
73332  -5.164  -12.333  43.474 0.0000000000
81648  -31.837  -5.718  21.113 0.0000000000
83024  -31.790  -5.121  21.157 0.0000000000
85861  -32.005  -4.195  22.084 0.0000000000
91078  -35.652  0.261  28.816 0.0000000000
93801  -33.887  2.474  27.842 0.0000000000
93800  -33.484  2.810  27.392 0.0000000000
95163  -33.497  3.157  27.159 0.0000000000
95179  -33.315  3.536  26.684 0.0000000000
96515  -33.460  3.939  26.737 0.0000000000
76322  -20.983  -9.190  26.560 0.0000000000
77629  -21.715  -8.790  26.037 0.0000000000
85747  -29.278  -2.166  27.872 0.0000000000
77616  -21.848  -8.472  27.630 0.0000000000
76308  -21.610  -8.910  28.133 0.0000000000
107926  -45.221  13.665  -3.641 0.0000000000
107885  -48.702  13.867  1.393 0.0000000000
107895  -47.385  13.809  0.516 0.0000000000
107897  -49.510  14.248  0.736 0.0000000000
113524  -50.619  18.423  -0.156 0.0000000000
112409  -50.367  17.643  -0.717 0.0000000000
111286  -50.329  16.955  -1.472 0.0000000000
113527  -50.680  18.542  -0.913 0.0000000000
113528  -51.033  18.555  -1.550 0.0000000000
91244  -29.076  0.498  17.276 0.0000000000
89842  -28.589  -0.101  17.800 0.0000000000
89855  -28.805  0.123  16.257 0.0000000000
94041  -34.128  2.237  9.699 0.0000000000
92715  -34.678  1.395  8.867 0.0000000000
94063  -35.028  2.483  9.038 0.0000000000
95423  -35.361  3.261  9.587 0.0000000000
89922  -36.027  0.741  13.655 0.0000000000
92672  -37.057  1.913  13.705 0.0000000000
96695  -42.147  5.244  12.830 0.0000000000
96692  -40.605  4.797  12.526 0.0000000000
95371  -41.562  4.737  11.819 0.0000000000
95388  -41.129  4.354  11.362 0.0000000000
94014  -42.082  4.537  11.368 0.0000000000
94030  -42.241  4.298  11.028 0.0000000000
94015  -42.798  4.667  11.467 0.0000000000
74734  -8.426  -10.490  36.556 0.0000000000
74716  -8.770  -9.924  37.054 0.0000000000
73406  -7.333  -12.330  36.698 0.0000000000
68133  -4.067  -16.684  43.848 0.0000000000
66746  -4.227  -17.775  44.043 0.0000000000
93900  -34.763  3.661  21.172 0.0000000000
76262  -16.832  -9.826  28.760 0.0000000000
74660  -6.118  -11.314  42.148 0.0000000000
74661  -6.444  -10.374  42.537 0.0000000000
74657  -6.087  -10.832  42.872 0.0000000000
78987  -31.864  -7.165  21.377 0.0000000000
80313  -31.968  -6.783  21.311 0.0000000000
80295  -32.304  -6.170  22.249 0.0000000000
78915  -22.643  -7.119  28.235 0.0000000000
80219  -22.589  -6.916  27.755 0.0000000000
81493  -23.318  -5.665  28.821 0.0000000000
82870  -24.530  -3.787  29.237 0.0000000000
82869  -24.024  -4.159  28.640 0.0000000000
84389  -24.202  -3.634  27.846 0.0000000000
82892  -30.664  -4.149  26.420 0.0000000000
82891  -30.166  -4.018  25.914 0.0000000000
82906  -30.098  -4.315  25.154 0.0000000000
82963  -29.203  -5.445  22.911 0.0000000000
82962  -28.765  -5.167  22.609 0.0000000000
81604  -28.740  -5.862  21.591 0.0000000000
81625  -29.087  -6.519  21.290 0.0000000000
80329  -29.536  -8.124  20.606 0.0000000000
82800  -26.212  -3.233  34.762 0.0000000000
81450  -25.718  -4.660  34.315 0.0000000000
80161  -25.226  -5.656  33.757 0.0000000000
80169  -24.780  -6.068  32.877 0.0000000000
78857  -24.272  -6.493  32.412 0.0000000000
80178  -24.520  -5.940  31.943 0.0000000000
80197  -23.590  -5.987  30.269 0.0000000000
80206  -23.235  -6.440  29.501 0.0000000000
78899  -22.721  -7.383  28.978 0.0000000000
104291  -40.847  11.530  4.879 0.0000000000
91335  -33.440  0.551  10.393 0.0000000000
91321  -33.506  0.976  10.880 0.0000000000
92651  -40.632  2.715  15.685 0.0000000000
96664  -42.859  5.394  14.286 0.0000000000
76173  -13.380  -9.712  33.334 0.0000000000
76156  -14.465  -9.652  34.278 0.0000000000
76171  -11.425  -9.967  33.837 0.0000000000
76154  -12.449  -8.984  34.319 0.0000000000
76136  -12.502  -9.040  35.375 0.0000000000
76135  -11.481  -9.082  35.484 0.0000000000
76152  -10.717  -9.806  34.868 0.0000000000
74776  -9.375  -10.874  34.535 0.0000000000
74759  -9.957  -10.206  34.940 0.0000000000
73424  -8.859  -11.343  34.782 0.0000000000
73442  -8.573  -12.142  34.723 0.0000000000
81530  -32.401  -5.027  25.797 0.0000000000
81550  -32.096  -5.353  24.892 0.0000000000
85771  -35.791  -2.509  28.375 0.0000000000
84425  -35.030  -3.186  27.561 0.0000000000
87086  -36.188  -1.894  28.796 0.0000000000
87007  -28.444  -1.738  32.622 0.0000000000
87021  -27.965  -1.575  31.645 0.0000000000
87008  -29.393  -1.426  32.452 0.0000000000
85685  -31.790  -2.038  31.129 0.0000000000
85684  -30.916  -1.888  30.992 0.0000000000
85703  -30.864  -2.266  30.082 0.0000000000
84318  -34.346  -2.375  31.924 0.0000000000
84317  -33.570  -2.114  31.853 0.0000000000
82843  -33.279  -3.183  29.515 0.0000000000
84358  -33.182  -2.908  30.233 0.0000000000
82842  -32.739  -3.231  29.068 0.0000000000
84374  -31.677  -3.111  28.707 0.0000000000
82856  -31.850  -3.499  27.974 0.0000000000
82872  -31.470  -3.906  27.438 0.0000000000
82873  -32.214  -3.874  27.561 0.0000000000
81515  -32.627  -4.485  26.625 0.0000000000
81514  -32.014  -4.839  26.438 0.0000000000
81529  -31.837  -5.196  25.504 0.0000000000
85639  -29.883  -1.511  33.792 0.0000000000
86990  -28.373  -1.865  33.126 0.0000000000
95464  -40.936  4.687  8.656 0.0000000000
96759  -40.262  5.133  8.422 0.0000000000
96760  -41.243  5.244  8.727 0.0000000000
100391  -42.467  7.459  8.426 0.0000000000
100390  -41.372  7.358  8.426 0.0000000000
101749  -41.782  8.224  8.285 0.0000000000
101748  -40.730  8.128  8.173 0.0000000000
103059  -42.130  9.184  8.131 0.0000000000
103077  -45.537  10.147  8.195 0.0000000000
103062  -44.978  9.569  8.332 0.0000000000
103076  -44.669  10.221  7.962 0.0000000000
105411  -43.837  11.879  6.660 0.0000000000
104266  -43.060  11.170  7.086 0.0000000000
104282  -42.308  11.669  6.365 0.0000000000
104281  -41.373  11.499  5.825 0.0000000000
106606  -44.144  13.522  4.260 0.0000000000
106595  -42.779  12.729  4.375 0.0000000000
106605  -43.452  13.087  3.869 0.0000000000
106625  -44.611  13.335  2.190 0.0000000000
109034  -47.100  14.819  3.430 0.0000000000
107863  -46.818  14.263  2.881 0.0000000000
107864  -47.918  14.483  2.743 0.0000000000
107874  -47.602  13.853  2.024 0.0000000000
107865  -48.968  14.740  2.752 0.0000000000
107878  -51.136  14.965  2.696 0.0000000000
91184  -30.181  1.284  21.517 0.0000000000
91183  -29.728  0.700  20.776 0.0000000000
92594  -30.439  1.765  18.668 0.0000000000
92564  -33.329  3.248  20.125 0.0000000000
91226  -32.485  2.371  16.572 0.0000000000
92608  -32.341  2.289  17.439 0.0000000000
91225  -31.507  1.985  17.099 0.0000000000
89872  -32.123  1.806  14.571 0.0000000000
89921  -34.163  0.258  14.217 0.0000000000
89896  -34.764  0.557  14.690 0.0000000000
88555  -35.502  0.403  14.437 0.0000000000
89897  -35.725  0.664  15.041 0.0000000000
89857  -37.161  1.376  16.103 0.0000000000
89877  -37.457  1.081  15.845 0.0000000000
88538  -36.978  0.913  15.338 0.0000000000
89900  -38.741  1.193  15.097 0.0000000000
76199  -18.092  -9.382  32.311 0.0000000000
76177  -17.563  -9.479  33.087 0.0000000000
76159  -17.247  -9.421  33.907 0.0000000000
76218  -14.326  -10.394  30.509 0.0000000000
73322  -4.126  -12.570  43.800 0.0000000000
80340  -31.368  -7.481  18.922 0.0000000000
85859  -30.961  -3.869  21.086 0.0000000000
87170  -30.776  -2.873  21.285 0.0000000000
81572  -33.043  -4.678  24.857 0.0000000000
80265  -32.450  -5.737  23.933 0.0000000000
81592  -33.044  -4.586  24.346 0.0000000000
87121  -34.096  -2.324  25.684 0.0000000000
85816  -33.614  -3.294  24.920 0.0000000000
87120  -33.650  -2.516  25.042 0.0000000000
85838  -33.068  -3.479  23.657 0.0000000000
88425  -33.272  -2.202  24.627 0.0000000000
91114  -33.279  0.432  26.264 0.0000000000
91115  -33.704  0.001  26.517 0.0000000000
89746  -33.070  -0.490  25.334 0.0000000000
88424  -32.897  -1.917  24.287 0.0000000000
89767  -32.693  -0.785  24.726 0.0000000000
88438  -32.259  -2.239  23.269 0.0000000000
91156  -32.606  -0.217  25.026 0.0000000000
91135  -31.866  1.046  24.574 0.0000000000
89766  -31.859  -0.167  24.142 0.0000000000
89781  -31.298  0.038  23.541 0.0000000000
88452  -30.647  -1.318  22.255 0.0000000000
89780  -30.973  0.547  23.002 0.0000000000
91165  -31.159  0.941  23.372 0.0000000000
95215  -32.651  3.674  24.919 0.0000000000
93860  -31.823  2.964  24.402 0.0000000000
95272  -32.340  3.622  23.963 0.0000000000
96517  -34.577  5.054  26.530 0.0000000000
97704  -35.423  5.763  25.977 0.0000000000
80230  -22.413  -7.046  26.922 0.0000000000
78944  -22.020  -7.799  25.863 0.0000000000
80242  -22.138  -7.241  25.773 0.0000000000
87034  -27.505  -1.762  30.449 0.0000000000
85701  -26.527  -2.227  30.193 0.0000000000
87052  -27.552  -1.758  29.621 0.0000000000
85745  -27.058  -1.995  27.715 0.0000000000
85720  -27.058  -1.951  28.906 0.0000000000
84422  -28.987  -2.954  26.036 0.0000000000
85802  -28.150  -3.247  24.489 0.0000000000
76224  -20.514  -9.217  31.589 0.0000000000
77572  -23.396  -7.677  31.177 0.0000000000
76249  -22.755  -8.067  31.009 0.0000000000
76269  -22.481  -8.167  30.416 0.0000000000
76267  -21.426  -8.825  29.639 0.0000000000
76264  -18.859  -9.262  29.020 0.0000000000
76286  -19.720  -9.439  28.180 0.0000000000
106651  -45.228  13.439  0.468 0.0000000000
107905  -46.285  13.873  -0.385 0.0000000000
106660  -45.214  13.573  -0.275 0.0000000000
107903  -44.999  13.557  -1.436 0.0000000000
107915  -46.279  14.359  -1.518 0.0000000000
111282  -50.717  16.709  0.741 0.0000000000
109064  -49.936  15.021  0.244 0.0000000000
110200  -50.127  15.633  -0.055 0.0000000000
110207  -49.075  15.502  -1.883 0.0000000000
109075  -48.618  14.928  -1.483 0.0000000000
109074  -48.127  15.071  -1.859 0.0000000000
109072  -46.316  14.787  -2.494 0.0000000000
109078  -46.176  14.655  -3.591 0.0000000000
110205  -47.667  15.715  -3.038 0.0000000000
110212  -48.184  16.183  -3.541 0.0000000000
110218  -47.712  16.122  -4.475 0.0000000000
110221  -47.737  15.748  -5.333 0.0000000000
111298  -48.375  16.450  -5.249 0.0000000000
111304  -48.418  15.978  -5.961 0.0000000000
114622  -51.373  19.037  -1.757 0.0000000000
111295  -51.456  17.191  -3.139 0.0000000000
112416  -51.778  17.816  -2.547 0.0000000000
114623  -51.839  19.568  -2.073 0.0000000000
70648  -6.338  -14.425  39.345 0.0000000000
89815  -28.934  -0.349  19.666 0.0000000000
88484  -28.684  -1.550  19.404 0.0000000000
89814  -28.678  -0.807  19.350 0.0000000000
94115  -36.707  2.941  8.004 0.0000000000
94116  -37.221  2.887  7.635 0.0000000000
94090  -37.852  3.578  8.328 0.0000000000
88594  -33.828  0.112  12.932 0.0000000000
89933  -33.658  0.202  12.352 0.0000000000
91324  -35.291  1.700  12.462 0.0000000000
92682  -35.098  2.324  12.023 0.0000000000
92681  -34.270  2.004  11.423 0.0000000000
94024  -35.795  3.227  12.055 0.0000000000
94004  -39.143  3.104  14.070 0.0000000000
94003  -38.181  3.156  13.779 0.0000000000
95353  -38.784  3.547  13.488 0.0000000000
95385  -38.368  4.433  11.989 0.0000000000
95405  -37.769  4.456  10.925 0.0000000000
92717  -40.347  3.649  9.879 0.0000000000
94067  -39.660  4.057  9.744 0.0000000000
92740  -39.925  3.779  9.494 0.0000000000
94091  -39.165  3.648  8.783 0.0000000000
92742  -41.000  3.482  9.260 0.0000000000
92722  -43.284  4.312  10.265 0.0000000000
92745  -42.854  4.267  9.760 0.0000000000
94097  -43.789  4.389  9.491 0.0000000000
95468  -44.085  5.170  8.790 0.0000000000
95448  -44.874  5.093  9.296 0.0000000000
74699  -7.602  -10.665  38.229 0.0000000000
74689  -7.250  -10.652  39.229 0.0000000000
74688  -6.854  -11.516  38.967 0.0000000000
73375  -6.527  -12.182  39.249 0.0000000000
73382  -6.856  -12.220  38.301 0.0000000000
70702  -6.833  -14.197  36.888 0.0000000000
70681  -6.566  -14.198  37.671 0.0000000000
69477  -6.670  -14.960  37.078 0.0000000000
71999  -6.132  -13.436  40.953 0.0000000000
69414  -5.448  -15.619  41.981 0.0000000000
70578  -5.406  -14.478  42.526 0.0000000000
66797  -5.281  -17.900  42.426 0.0000000000
69389  -5.144  -15.589  43.118 0.0000000000
69399  -5.192  -15.724  42.971 0.0000000000
70556  -5.103  -14.656  43.308 0.0000000000
71931  -4.979  -13.528  43.625 0.0000000000
69374  -4.118  -15.748  43.804 0.0000000000
70542  -4.243  -14.550  43.989 0.0000000000
70541  -4.139  -14.290  44.007 0.0000000000
66744  -3.920  -17.522  44.068 0.0000000000
74663  -6.167  -11.513  41.742 0.0000000000
80311  -30.356  -7.665  21.171 0.0000000000
81484  -23.952  -5.060  29.969 0.0000000000
81494  -23.691  -4.964  29.170 0.0000000000
84371  -25.314  -3.306  29.348 0.0000000000
82924  -30.521  -4.814  24.693 0.0000000000
82943  -30.223  -5.119  24.179 0.0000000000
81588  -29.751  -5.729  23.232 0.0000000000
80291  -29.774  -6.648  22.064 0.0000000000
84293  -27.371  -2.670  34.111 0.0000000000
82820  -25.633  -4.314  33.034 0.0000000000
81463  -25.003  -5.408  32.452 0.0000000000
81471  -25.060  -4.984  31.698 0.0000000000
81479  -24.500  -4.777  30.942 0.0000000000
105447  -41.225  11.594  2.787 0.0000000000
84504  -30.440  -4.759  20.015 0.0000000000
89917  -30.298  -0.825  13.128 0.0000000000
88578  -30.769  -1.382  12.603 0.0000000000
88607  -32.902  -0.844  11.437 0.0000000000
76170  -10.765  -10.050  34.169 0.0000000000
74786  -9.477  -11.116  33.858 0.0000000000
72074  -8.984  -12.974  33.549 0.0000000000
72091  -9.441  -12.849  33.037 0.0000000000
81516  -33.211  -4.087  27.031 0.0000000000
81532  -33.750  -4.231  26.868 0.0000000000
82911  -35.058  -3.454  28.056 0.0000000000
84412  -35.603  -3.015  28.649 0.0000000000
87073  -36.658  -1.640  29.517 0.0000000000
86993  -30.388  -1.297  33.046 0.0000000000
87009  -30.244  -1.226  32.429 0.0000000000
87010  -30.923  -1.176  32.506 0.0000000000
85686  -32.385  -1.943  31.532 0.0000000000
82831  -34.097  -3.109  30.508 0.0000000000
82845  -34.503  -3.180  30.067 0.0000000000
82844  -33.920  -3.224  29.745 0.0000000000
82859  -33.624  -3.432  29.057 0.0000000000
82874  -32.699  -3.737  27.982 0.0000000000
81487  -33.460  -3.657  28.463 0.0000000000
81497  -33.361  -3.820  27.812 0.0000000000
96761  -42.206  5.431  8.778 0.0000000000
97931  -41.595  5.913  8.708 0.0000000000
99055  -43.053  6.763  8.465 0.0000000000
105413  -45.656  12.098  7.275 0.0000000000
104268  -45.144  11.072  7.674 0.0000000000
105412  -44.706  11.917  7.080 0.0000000000
105426  -44.404  12.695  6.339 0.0000000000
105425  -43.549  12.589  5.820 0.0000000000
106597  -44.309  13.477  5.327 0.0000000000
107851  -44.782  13.878  4.469 0.0000000000
107855  -44.853  13.851  3.719 0.0000000000
109020  -45.810  14.511  4.172 0.0000000000
109021  -46.401  14.862  4.164 0.0000000000
109022  -47.268  15.190  4.215 0.0000000000
93917  -31.610  2.925  20.909 0.0000000000
92563  -32.137  3.002  20.108 0.0000000000
92597  -33.705  3.078  18.117 0.0000000000
91282  -32.553  1.560  14.978 0.0000000000
91283  -33.282  1.219  14.860 0.0000000000
74818  -18.902  -9.300  32.206 0.0000000000
76240  -14.893  -10.638  29.661 0.0000000000
74802  -13.680  -10.586  30.865 0.0000000000
111307  -51.284  17.126  -5.358 0.0000000000
111318  -49.973  16.352  -6.841 0.0000000000
111319  -51.200  16.808  -6.425 0.0000000000
111334  -51.111  16.337  -7.282 0.0000000000
73324  -4.730  -12.283  43.756 0.0000000000
79004  -31.666  -7.342  20.742 0.0000000000
80331  -31.596  -6.792  20.259 0.0000000000
83023  -31.424  -5.535  20.338 0.0000000000
85804  -34.770  -2.457  26.979 0.0000000000
84454  -34.044  -3.523  25.591 0.0000000000
87111  -34.719  -2.066  26.975 0.0000000000
88396  -34.728  -1.556  27.019 0.0000000000
88395  -34.383  -1.476  26.421 0.0000000000
92483  -34.133  1.546  27.941 0.0000000000
93819  -33.711  1.658  27.482 0.0000000000
92501  -33.438  1.362  26.926 0.0000000000
92514  -33.110  0.991  26.253 0.0000000000
91155  -32.191  0.025  24.820 0.0000000000
92523  -32.742  0.925  25.850 0.0000000000
92522  -32.405  1.149  25.459 0.0000000000
92521  -31.890  1.666  24.774 0.0000000000
93848  -32.075  2.598  25.127 0.0000000000
95193  -33.015  3.891  25.721 0.0000000000
95194  -33.548  4.448  25.237 0.0000000000
97705  -36.265  6.488  26.342 0.0000000000
87054  -29.084  -1.854  30.028 0.0000000000
85746  -28.230  -2.059  27.884 0.0000000000
84450  -28.060  -3.751  23.604 0.0000000000
76226  -21.940  -8.547  31.685 0.0000000000
77585  -22.406  -8.009  29.463 0.0000000000
76268  -22.120  -8.318  29.812 0.0000000000
76289  -21.724  -8.577  28.748 0.0000000000
76306  -20.424  -9.424  27.359 0.0000000000
76321  -20.388  -9.877  26.374 0.0000000000
106640  -46.384  13.554  1.227 0.0000000000
106652  -46.283  13.549  0.510 0.0000000000
106653  -46.796  13.655  0.864 0.0000000000
107894  -46.829  13.786  0.110 0.0000000000
107906  -47.308  14.030  -0.221 0.0000000000
112406  -50.464  17.394  0.157 0.0000000000
111284  -50.291  16.664  -0.472 0.0000000000
110203  -50.004  15.984  -0.870 0.0000000000
110206  -48.227  15.701  -2.586 0.0000000000
110214  -49.828  16.169  -2.444 0.0000000000
111289  -50.481  16.689  -2.389 0.0000000000
111294  -50.264  16.735  -3.359 0.0000000000
111290  -50.930  17.332  -2.243 0.0000000000
116889  -50.825  21.141  -0.991 0.0000000000
69454  -6.293  -15.386  38.480 0.0000000000
89826  -28.936  0.228  18.536 0.0000000000
88523  -28.136  -1.192  17.209 0.0000000000
94087  -35.537  2.249  8.418 0.0000000000
94088  -36.095  2.907  8.487 0.0000000000
95442  -36.526  3.559  8.744 0.0000000000
88595  -34.843  0.376  13.325 0.0000000000
89934  -34.640  0.662  12.646 0.0000000000
91310  -35.412  1.272  12.806 0.0000000000
91325  -35.756  1.752  12.804 0.0000000000
95355  -40.716  4.477  13.834 0.0000000000
96676  -40.525  4.736  13.133 0.0000000000
95369  -40.101  4.658  12.512 0.0000000000
95386  -39.609  4.651  11.627 0.0000000000
94026  -40.302  4.270  10.848 0.0000000000
94044  -40.592  3.867  10.324 0.0000000000
92699  -40.873  3.643  10.165 0.0000000000
92719  -41.606  3.563  9.814 0.0000000000
92685  -41.910  3.819  10.645 0.0000000000
92702  -42.611  4.241  10.409 0.0000000000
94048  -43.625  4.387  10.552 0.0000000000
76084  -9.491  -9.109  37.419 0.0000000000
76083  -8.738  -9.622  37.598 0.0000000000
76057  -8.395  -9.568  38.274 0.0000000000
73383  -7.199  -11.607  37.943 0.0000000000
73392  -7.142  -12.370  37.430 0.0000000000
70703  -7.238  -14.252  36.082 0.0000000000
69422  -5.703  -15.635  41.115 0.0000000000
69413  -5.434  -16.150  42.134 0.0000000000
66774  -5.045  -17.885  42.996 0.0000000000
68150  -4.953  -16.600  43.157 0.0000000000
69388  -4.805  -15.689  43.429 0.0000000000
69375  -4.466  -15.668  43.682 0.0000000000
85667  -33.097  -1.754  32.780 0.0000000000
84341  -36.001  -2.585  31.454 0.0000000000
99058  -45.585  7.485  8.707 0.0000000000
100394  -45.272  8.039  8.547 0.0000000000
101753  -45.646  8.881  8.699 0.0000000000
101770  -45.996  9.605  8.550 0.0000000000
103078  -46.360  10.332  8.303 0.0000000000
107847  -47.386  14.081  6.911 0.0000000000
109005  -47.426  14.876  6.032 0.0000000000
93878  -34.358  4.059  22.001 0.0000000000
92565  -34.547  3.390  19.873 0.0000000000
92582  -35.389  3.072  19.125 0.0000000000
92611  -35.478  2.746  17.275 0.0000000000
76263  -17.994  -9.455  29.011 0.0000000000
80314  -32.014  -6.226  21.254 0.0000000000
83003  -32.283  -5.056  21.804 0.0000000000
96505  -34.031  4.074  27.491 0.0000000000
77630  -21.861  -8.578  26.723 0.0000000000
81512  -23.501  -4.923  28.461 0.0000000000
81511  -23.019  -5.421  27.885 0.0000000000
82889  -23.036  -4.872  27.179 0.0000000000
82905  -23.448  -4.381  26.828 0.0000000000
84408  -24.026  -3.712  27.003 0.0000000000
85766  -24.619  -3.095  26.292 0.0000000000
84392  -30.600  -3.384  27.679 0.0000000000
84423  -29.566  -3.673  25.634 0.0000000000
82923  -29.902  -4.659  24.468 0.0000000000
84452  -29.341  -4.563  24.312 0.0000000000
84451  -28.680  -3.960  23.848 0.0000000000
84462  -28.406  -4.621  22.679 0.0000000000
77549  -23.921  -7.481  32.706 0.0000000000
78844  -24.123  -7.188  32.722 0.0000000000
77573  -23.559  -7.420  31.432 0.0000000000
78871  -23.580  -7.413  30.889 0.0000000000
80187  -23.857  -6.132  31.182 0.0000000000
78886  -23.606  -6.647  30.633 0.0000000000
77599  -22.533  -7.834  29.295 0.0000000000
78898  -22.428  -7.665  28.536 0.0000000000
103085  -39.906  10.104  6.042 0.0000000000
107921  -44.534  13.163  -2.528 0.0000000000
109050  -50.702  15.090  1.339 0.0000000000
109059  -50.265  15.100  0.856 0.0000000000
111273  -51.034  16.539  1.293 0.0000000000
112397  -51.136  17.285  1.221 0.0000000000
116867  -50.006  21.289  0.650 0.0000000000
89856  -29.789  0.782  15.912 0.0000000000
89869  -28.827  -0.592  14.754 0.0000000000
94022  -34.190  2.315  10.594 0.0000000000
91301  -38.471  1.613  14.396 0.0000000000
91300  -37.503  1.699  14.019 0.0000000000
92662  -39.526  2.518  14.569 0.0000000000
93993  -40.190  3.224  14.824 0.0000000000
95343  -40.682  3.982  14.611 0.0000000000
96662  -41.335  4.694  14.159 0.0000000000
96663  -42.075  5.060  14.282 0.0000000000
96679  -42.548  5.361  13.178 0.0000000000
95357  -43.044  5.250  12.634 0.0000000000
95358  -43.707  5.357  12.566 0.0000000000
76110  -10.512  -9.103  36.600 0.0000000000
76133  -9.784  -9.581  36.133 0.0000000000
74757  -8.500  -10.690  35.908 0.0000000000
72044  -7.414  -13.042  35.951 0.0000000000
65424  -4.566  -18.855  43.831 0.0000000000
81570  -31.309  -5.718  24.125 0.0000000000
80263  -31.452  -5.919  23.816 0.0000000000
80248  -31.885  -5.674  24.250 0.0000000000
81551  -32.614  -5.063  24.975 0.0000000000
82925  -33.796  -4.329  25.748 0.0000000000
82909  -34.028  -4.283  26.431 0.0000000000
82926  -34.387  -4.007  26.446 0.0000000000
84439  -34.823  -2.938  27.016 0.0000000000
87085  -35.722  -1.816  28.088 0.0000000000
87074  -36.920  -1.517  30.074 0.0000000000
85681  -26.853  -2.157  31.429 0.0000000000
85682  -27.228  -1.995  32.110 0.0000000000
87036  -29.085  -1.602  30.786 0.0000000000
87023  -30.154  -1.348  31.651 0.0000000000
85683  -30.036  -1.734  30.853 0.0000000000
85723  -30.536  -2.346  29.349 0.0000000000
84373  -30.809  -2.804  28.571 0.0000000000
84316  -32.970  -2.232  31.498 0.0000000000
84336  -32.695  -2.485  30.772 0.0000000000
84335  -32.114  -2.519  30.359 0.0000000000
84356  -31.767  -2.751  29.685 0.0000000000
82871  -30.937  -3.982  27.040 0.0000000000
82894  -31.890  -4.334  27.019 0.0000000000
82908  -31.119  -4.768  25.998 0.0000000000
81528  -31.299  -5.152  25.288 0.0000000000
81548  -31.212  -5.428  24.420 0.0000000000
85617  -28.968  -1.854  34.495 0.0000000000
85637  -27.923  -2.120  33.549 0.0000000000
85636  -27.240  -2.367  33.136 0.0000000000
95462  -39.193  4.066  7.393 0.0000000000
95463  -39.824  4.560  8.079 0.0000000000
96758  -39.639  5.074  7.869 0.0000000000
99053  -40.864  6.457  8.518 0.0000000000
99052  -39.976  6.303  8.129 0.0000000000
101752  -44.899  8.762  8.401 0.0000000000
101751  -43.920  8.493  8.364 0.0000000000
103060  -43.254  9.328  8.271 0.0000000000
103075  -43.689  10.238  7.844 0.0000000000
103073  -41.315  9.954  7.560 0.0000000000
104264  -40.716  10.550  6.571 0.0000000000
105423  -41.569  11.892  4.836 0.0000000000
105436  -42.039  12.352  4.208 0.0000000000
105448  -41.961  12.172  3.183 0.0000000000
106615  -42.708  12.452  2.602 0.0000000000
105457  -42.649  12.345  1.809 0.0000000000
106637  -43.453  12.652  0.698 0.0000000000
106624  -43.319  12.672  1.832 0.0000000000
106626  -45.816  13.660  1.861 0.0000000000
107862  -45.667  14.159  3.199 0.0000000000
107872  -45.360  13.751  2.565 0.0000000000
106627  -46.781  13.668  1.697 0.0000000000
107886  -49.619  14.203  1.585 0.0000000000
109018  -48.239  15.363  5.405 0.0000000000
109023  -48.484  15.404  4.269 0.0000000000
107866  -49.895  14.860  2.872 0.0000000000
107876  -49.768  14.490  2.269 0.0000000000
107887  -50.488  14.689  1.684 0.0000000000
110189  -51.698  16.098  2.001 0.0000000000
89805  -29.449  -0.066  20.548 0.0000000000
92561  -29.997  1.642  20.245 0.0000000000
91205  -29.359  0.981  18.914 0.0000000000
91223  -29.429  0.819  17.857 0.0000000000
93919  -33.064  3.456  21.027 0.0000000000
92579  -31.795  2.609  19.249 0.0000000000
91207  -30.810  1.672  17.964 0.0000000000
91224  -30.411  1.436  17.365 0.0000000000
91260  -30.455  1.122  15.810 0.0000000000
89893  -31.177  0.554  13.932 0.0000000000
89895  -33.723  0.726  14.474 0.0000000000
88582  -35.165  0.309  13.851 0.0000000000
89923  -36.537  0.979  13.994 0.0000000000
91250  -35.465  2.004  16.222 0.0000000000
91265  -35.769  1.422  15.822 0.0000000000
91251  -36.644  1.815  16.375 0.0000000000
91266  -36.478  1.291  15.913 0.0000000000
89875  -36.051  0.983  15.538 0.0000000000
88556  -36.379  0.782  14.769 0.0000000000
89924  -37.400  1.236  14.280 0.0000000000
89925  -38.185  1.199  14.577 0.0000000000
91285  -39.398  1.787  15.040 0.0000000000
74801  -13.038  -10.569  31.292 0.0000000000
112431  -53.178  17.395  -5.260 0.0000000000
83044  -30.905  -5.515  19.690 0.0000000000
85881  -30.247  -3.608  20.615 0.0000000000
80280  -32.212  -6.237  23.056 0.0000000000
84453  -33.507  -3.814  24.841 0.0000000000
82964  -32.834  -4.744  23.666 0.0000000000
81607  -32.542  -5.798  22.429 0.0000000000
81627  -32.623  -5.137  22.382 0.0000000000
83004  -32.523  -4.680  22.490 0.0000000000
84482  -32.338  -4.269  22.690 0.0000000000
89725  -34.435  -0.661  26.854 0.0000000000
89724  -33.891  -0.507  26.384 0.0000000000
88411  -33.596  -1.746  25.179 0.0000000000
89768  -33.210  -1.499  24.905 0.0000000000
88439  -32.707  -2.436  23.637 0.0000000000
85848  -32.214  -3.664  22.628 0.0000000000
87156  -32.301  -2.856  22.722 0.0000000000
88454  -31.971  -2.443  22.763 0.0000000000
88453  -31.438  -2.136  22.469 0.0000000000
88470  -30.917  -2.208  21.913 0.0000000000
92536  -31.091  1.909  22.780 0.0000000000
92532  -31.401  2.191  23.916 0.0000000000
92537  -31.406  2.555  22.981 0.0000000000
92547  -31.343  2.616  22.373 0.0000000000
96516  -33.754  4.168  26.982 0.0000000000
96533  -33.837  4.635  25.852 0.0000000000
96555  -34.152  4.855  24.627 0.0000000000
95246  -33.763  4.524  23.884 0.0000000000
95274  -34.024  4.379  22.913 0.0000000000
85719  -25.963  -2.442  28.622 0.0000000000
84409  -29.151  -2.669  26.455 0.0000000000
85769  -28.463  -2.250  26.711 0.0000000000
85801  -27.193  -2.887  24.686 0.0000000000
85785  -25.343  -2.689  25.514 0.0000000000
76201  -20.036  -9.299  32.700 0.0000000000
76223  -19.596  -9.355  31.567 0.0000000000
76244  -19.252  -9.174  30.336 0.0000000000
76228  -23.104  -8.063  31.857 0.0000000000
76227  -22.546  -8.286  31.761 0.0000000000
76247  -21.716  -8.747  30.686 0.0000000000
76246  -20.987  -9.025  30.570 0.0000000000
77597  -18.427  -9.479  28.533 0.0000000000
106659  -44.450  13.171  -1.039 0.0000000000
107913  -44.737  13.430  -1.906 0.0000000000
107922  -45.180  13.786  -2.651 0.0000000000
109058  -49.798  14.749  0.411 0.0000000000
107907  -48.336  14.119  -0.204 0.0000000000
107917  -47.770  14.214  -0.591 0.0000000000
110199  -49.798  15.402  -0.540 0.0000000000
109068  -48.171  14.494  -1.083 0.0000000000
107923  -45.793  14.223  -2.248 0.0000000000
109077  -45.574  14.127  -3.178 0.0000000000
107927  -45.804  13.992  -4.262 0.0000000000
109081  -46.390  14.517  -4.693 0.0000000000
110211  -47.074  15.577  -3.584 0.0000000000
110217  -46.963  15.328  -4.623 0.0000000000
109087  -46.394  14.028  -5.176 0.0000000000
111305  -49.151  16.533  -5.950 0.0000000000
111300  -50.250  16.974  -4.608 0.0000000000
111301  -51.305  17.147  -4.199 0.0000000000
111296  -52.183  17.394  -3.407 0.0000000000
112417  -52.404  17.983  -3.000 0.0000000000
113535  -52.861  18.249  -3.100 0.0000000000
73368  -6.267  -12.378  40.096 0.0000000000
69443  -6.110  -15.523  39.328 0.0000000000
69433  -5.888  -15.612  40.208 0.0000000000
89952  -33.687  0.553  11.878 0.0000000000
91322  -33.733  1.119  11.423 0.0000000000
92659  -37.358  2.557  13.724 0.0000000000
94002  -37.443  2.876  13.654 0.0000000000
94012  -37.100  3.194  12.964 0.0000000000
95367  -37.949  3.707  13.035 0.0000000000
95366  -37.302  3.669  12.759 0.0000000000
94025  -36.404  3.294  12.568 0.0000000000
95383  -35.833  3.637  11.247 0.0000000000
95382  -35.477  3.414  10.950 0.0000000000
95403  -35.512  3.583  10.444 0.0000000000
95424  -36.182  3.721  9.401 0.0000000000
95443  -36.887  3.836  8.939 0.0000000000
94065  -37.462  3.846  8.834 0.0000000000
95426  -38.617  4.203  10.144 0.0000000000
94120  -40.868  4.238  8.617 0.0000000000
94121  -41.592  4.413  8.728 0.0000000000
92743  -41.744  3.689  9.349 0.0000000000
94094  -41.842  4.053  8.956 0.0000000000
95444  -42.255  4.522  8.880 0.0000000000
96762  -43.072  5.608  8.751 0.0000000000
96763  -43.871  5.635  8.629 0.0000000000
97935  -45.275  6.442  8.728 0.0000000000
95374  -43.982  5.168  11.819 0.0000000000
74682  -6.953  -10.483  40.109 0.0000000000
73359  -6.208  -12.467  40.869 0.0000000000
73347  -6.130  -12.297  41.621 0.0000000000
73339  -5.356  -12.662  43.215 0.0000000000
68187  -5.273  -16.880  42.177 0.0000000000
69406  -5.338  -15.766  42.553 0.0000000000
70577  -5.291  -15.048  42.639 0.0000000000
71919  -4.832  -12.869  43.715 0.0000000000
71918  -4.520  -13.510  43.831 0.0000000000
65423  -4.181  -18.740  43.906 0.0000000000
66745  -3.994  -17.839  44.038 0.0000000000
69387  -3.821  -15.872  43.720 0.0000000000
70568  -5.321  -14.054  42.938 0.0000000000
74658  -6.401  -10.173  42.919 0.0000000000
76058  -9.058  -9.159  38.044 0.0000000000
76200  -18.616  -9.314  32.226 0.0000000000
77550  -24.187  -7.244  32.943 0.0000000000
77560  -23.527  -7.798  32.162 0.0000000000
77584  -18.490  -9.367  28.883 0.0000000000
77596  -18.170  -9.566  28.598 0.0000000000
78845  -24.417  -6.879  32.979 0.0000000000
78856  -23.984  -7.039  32.263 0.0000000000
78872  -23.673  -7.093  31.280 0.0000000000
78885  -23.354  -7.203  30.307 0.0000000000
80220  -22.889  -6.479  28.362 0.0000000000
80247  -31.682  -5.688  24.184 0.0000000000
80249  -32.219  -5.599  24.357 0.0000000000
80262  -31.100  -6.134  23.594 0.0000000000
80296  -32.583  -5.822  22.687 0.0000000000
81458  -25.452  -4.830  33.458 0.0000000000
81464  -25.293  -4.883  32.777 0.0000000000
81472  -25.312  -4.969  32.290 0.0000000000
81478  -24.077  -5.397  30.688 0.0000000000
81486  -33.066  -3.752  28.030 0.0000000000
81488  -33.795  -3.616  28.821 0.0000000000
81495  -32.312  -4.298  26.978 0.0000000000
81498  -33.896  -3.749  28.478 0.0000000000
81517  -33.772  -3.905  27.661 0.0000000000
81526  -22.871  -5.531  27.013 0.0000000000
81527  -30.943  -5.104  24.846 0.0000000000
81533  -34.197  -3.918  27.634 0.0000000000
81567  -29.855  -5.535  23.622 0.0000000000
81571  -32.672  -5.282  24.154 0.0000000000
81591  -32.787  -5.092  23.843 0.0000000000
81608  -32.726  -5.396  22.877 0.0000000000
82841  -25.569  -3.782  31.639 0.0000000000
82846  -35.117  -3.049  30.495 0.0000000000
82847  -35.467  -3.010  30.467 0.0000000000
82858  -33.047  -3.458  28.607 0.0000000000
82875  -34.214  -3.652  28.861 0.0000000000
82895  -34.671  -3.714  28.144 0.0000000000
82945  -34.123  -3.948  25.869 0.0000000000
82965  -33.194  -4.248  24.296 0.0000000000
82983  -28.895  -5.538  22.384 0.0000000000
82984  -32.696  -4.779  23.013 0.0000000000
84372  -30.386  -2.654  28.189 0.0000000000
84375  -32.266  -3.098  29.112 0.0000000000
84394  -35.629  -3.093  29.263 0.0000000000
84413  -36.141  -2.616  29.024 0.0000000000
84424  -34.629  -3.641  26.954 0.0000000000
84438  -34.572  -3.490  26.529 0.0000000000
84463  -33.267  -3.786  24.229 0.0000000000
84474  -32.576  -4.205  23.158 0.0000000000
84475  -33.020  -3.754  23.656 0.0000000000
84491  -31.963  -4.560  21.616 0.0000000000
85616  -28.358  -2.047  34.177 0.0000000000
85772  -36.310  -2.232  29.045 0.0000000000
85803  -34.499  -2.925  26.346 0.0000000000
85815  -28.213  -3.540  24.059 0.0000000000
85826  -33.073  -3.136  23.744 0.0000000000
85827  -33.211  -3.216  24.090 0.0000000000
85836  -32.566  -3.381  23.002 0.0000000000
85837  -32.822  -3.418  23.360 0.0000000000
85847  -31.852  -3.540  22.329 0.0000000000
85849  -32.488  -3.921  22.948 0.0000000000
86991  -28.772  -1.735  33.130 0.0000000000
87035  -28.273  -1.571  30.608 0.0000000000
87097  -34.962  -1.984  27.473 0.0000000000
87110  -34.511  -2.179  26.316 0.0000000000
87131  -33.283  -2.687  24.418 0.0000000000
87143  -32.619  -2.981  23.079 0.0000000000
87144  -32.857  -2.897  23.448 0.0000000000
87155  -31.813  -3.071  22.429 0.0000000000
88358  -36.998  -0.851  30.232 0.0000000000
88557  -37.222  0.931  14.976 0.0000000000
88584  -36.825  0.952  14.454 0.0000000000
89726  -34.940  -1.034  27.321 0.0000000000
89748  -34.099  -1.191  26.205 0.0000000000
89765  -31.533  0.190  23.959 0.0000000000
89782  -32.029  -1.101  23.600 0.0000000000
89898  -36.379  0.883  15.259 0.0000000000
89899  -37.979  1.049  14.729 0.0000000000
89935  -35.597  0.843  13.239 0.0000000000
89936  -36.334  1.126  13.625 0.0000000000
91116  -34.180  -0.106  27.153 0.0000000000
91138  -33.377  -0.246  25.957 0.0000000000
91153  -31.295  1.067  23.668 0.0000000000
91166  -31.305  0.560  23.695 0.0000000000
91222  -28.997  0.421  17.747 0.0000000000
91284  -38.913  1.470  14.820 0.0000000000
91302  -39.081  2.015  14.513 0.0000000000
91312  -36.867  1.475  13.815 0.0000000000
92512  -32.320  2.027  25.517 0.0000000000
92513  -32.675  1.580  26.004 0.0000000000
92515  -33.445  0.705  26.667 0.0000000000
92531  -31.239  1.561  23.494 0.0000000000
92593  -29.854  1.535  18.777 0.0000000000
92652  -41.292  2.941  16.149 0.0000000000
92660  -37.699  2.341  13.920 0.0000000000
92671  -36.976  2.437  13.465 0.0000000000
92679  -33.572  1.240  10.816 0.0000000000
92684  -41.661  3.794  10.588 0.0000000000
92686  -42.315  4.106  10.681 0.0000000000
92696  -33.566  1.174  10.569 0.0000000000
92698  -40.618  3.571  10.135 0.0000000000
92700  -41.483  3.735  10.343 0.0000000000
92701  -42.111  3.737  10.128 0.0000000000
92703  -43.064  4.343  10.407 0.0000000000
92716  -40.036  3.906  9.721 0.0000000000
92718  -40.939  3.432  9.837 0.0000000000
92721  -42.794  4.286  10.067 0.0000000000
92744  -42.393  4.036  9.571 0.0000000000
93799  -33.388  2.898  27.178 0.0000000000
93817  -33.201  2.721  26.975 0.0000000000
93818  -33.399  2.130  27.268 0.0000000000
93832  -32.357  2.594  25.550 0.0000000000
94005  -39.694  3.171  14.355 0.0000000000
94017  -43.978  4.945  11.392 0.0000000000
94027  -40.842  4.119  10.901 0.0000000000
94028  -41.171  4.143  11.111 0.0000000000
94029  -41.735  3.978  10.867 0.0000000000
94031  -43.015  4.470  10.910 0.0000000000
94032  -44.037  4.753  11.059 0.0000000000
94045  -41.097  3.887  10.553 0.0000000000
94047  -43.070  4.408  10.646 0.0000000000
94062  -34.378  1.908  9.229 0.0000000000
94068  -40.244  3.907  10.073 0.0000000000
94069  -43.247  4.261  9.925 0.0000000000
94070  -43.775  4.291  10.047 0.0000000000
94095  -42.592  4.394  9.296 0.0000000000
94096  -43.191  4.474  9.389 0.0000000000
94098  -44.387  4.505  9.677 0.0000000000
94123  -43.201  4.778  8.967 0.0000000000
95180  -33.627  3.579  27.100 0.0000000000
95192  -32.447  3.111  25.404 0.0000000000
95244  -32.307  3.529  24.487 0.0000000000
95245  -32.887  3.936  24.229 0.0000000000
95342  -40.269  3.689  14.441 0.0000000000
95352  -38.309  3.460  13.447 0.0000000000
95356  -42.721  5.227  12.642 0.0000000000
95370  -40.817  4.721  11.954 0.0000000000
95373  -43.303  4.977  12.002 0.0000000000
95389  -41.583  4.302  11.242 0.0000000000
95407  -39.771  4.429  10.797 0.0000000000
95427  -39.493  4.367  10.373 0.0000000000
95445  -42.662  4.629  9.037 0.0000000000
95446  -43.686  4.725  9.007 0.0000000000
95447  -44.288  4.757  9.126 0.0000000000
95466  -42.703  5.033  8.824 0.0000000000
95467  -43.438  5.247  8.812 0.0000000000
95469  -44.509  5.147  8.941 0.0000000000
96577  -34.314  4.912  23.954 0.0000000000
96678  -41.799  5.206  13.404 0.0000000000
96693  -41.030  4.968  12.524 0.0000000000
96694  -41.690  5.158  12.630 0.0000000000
96740  -45.205  5.675  8.908 0.0000000000
97932  -42.611  6.055  8.689 0.0000000000
99036  -40.244  6.053  8.388 0.0000000000
105427  -45.088  12.625  6.739 0.0000000000
106623  -42.677  12.365  2.077 0.0000000000
106628  -47.340  13.693  1.518 0.0000000000
107856  -45.325  14.229  4.031 0.0000000000
107861  -45.002  13.741  3.110 0.0000000000
107877  -50.560  14.739  2.471 0.0000000000
107884  -47.803  13.723  1.203 0.0000000000
107896  -48.529  13.750  0.607 0.0000000000
107925  -44.725  13.187  -3.071 0.0000000000
109015  -45.956  14.641  4.615 0.0000000000
109032  -45.737  14.382  3.722 0.0000000000
109051  -51.148  15.393  1.645 0.0000000000
109060  -50.764  15.338  1.221 0.0000000000
109063  -49.462  14.704  -0.236 0.0000000000
109066  -46.758  14.844  -1.992 0.0000000000
109069  -48.943  14.901  -1.046 0.0000000000
109079  -46.630  15.178  -3.016 0.0000000000
110168  -49.655  15.551  4.399 0.0000000000
110188  -51.202  16.128  1.583 0.0000000000
110197  -50.866  15.858  1.085 0.0000000000
110216  -46.500  14.970  -4.236 0.0000000000
110220  -47.245  15.091  -5.433 0.0000000000
110229  -47.350  14.787  -5.805 0.0000000000
111281  -50.467  16.466  0.146 0.0000000000
111292  -48.516  16.548  -4.447 0.0000000000
111335  -52.200  16.605  -7.054 0.0000000000
112398  -51.909  17.505  1.687 0.0000000000
112412  -50.542  17.875  -1.439 0.0000000000
113502  -51.384  18.341  1.371 0.0000000000
113530  -51.604  18.562  -2.064 0.0000000000
113531  -52.367  18.644  -2.655 0.0000000000
114618  -50.491  19.413  -0.471 0.0000000000
114619  -51.015  19.508  -1.356 0.0000000000
115738  -51.044  20.559  -1.456 0.0000000000
118022  -49.799  22.158  1.007 0.0000000000
