#!ascii label  , from subject 198451 vox2ras=TkReg
1589
80238  -48.241  -7.832  26.763 0.0000000000
62945  -36.331  -20.754  36.320 0.0000000000
83197  -49.597  -5.775  10.989 0.0000000000
80363  -40.977  -7.640  16.835 0.0000000000
83066  -49.593  -5.794  18.486 0.0000000000
70775  -43.742  -13.521  32.335 0.0000000000
65763  -31.082  -18.775  25.638 0.0000000000
73605  -36.428  -12.773  20.537 0.0000000000
66847  -26.452  -17.141  39.132 0.0000000000
96686  -54.653  4.720  12.598 0.0000000000
67049  -27.493  -16.665  26.056 0.0000000000
81631  -43.940  -6.853  22.261 0.0000000000
81704  -45.392  -5.939  17.603 0.0000000000
82992  -48.911  -4.804  22.465 0.0000000000
76297  -45.576  -10.267  28.754 0.0000000000
72222  -39.674  -12.914  25.796 0.0000000000
76402  -42.632  -11.066  22.159 0.0000000000
76436  -39.400  -11.247  18.080 0.0000000000
97902  -57.480  4.430  9.801 0.0000000000
64207  -32.477  -18.738  37.564 0.0000000000
68302  -28.210  -16.026  33.344 0.0000000000
66971  -32.950  -18.117  31.507 0.0000000000
80388  -50.858  -7.932  14.536 0.0000000000
66947  -40.076  -17.425  34.510 0.0000000000
61800  -33.649  -21.582  30.421 0.0000000000
70844  -36.623  -15.112  29.961 0.0000000000
70896  -33.300  -14.222  23.937 0.0000000000
64165  -21.365  -18.390  40.043 0.0000000000
81691  -54.888  -6.494  18.063 0.0000000000
84611  -54.162  -4.289  13.507 0.0000000000
92657  -54.701  1.075  14.204 0.0000000000
89975  -52.208  -0.520  10.099 0.0000000000
92769  -54.426  1.591  7.576 0.0000000000
68278  -22.891  -16.744  34.356 0.0000000000
61871  -28.228  -21.908  25.817 0.0000000000
81576  -46.154  -6.855  24.499 0.0000000000
82989  -46.141  -5.554  22.718 0.0000000000
81578  -47.773  -5.827  25.017 0.0000000000
77612  -47.821  -9.009  27.603 0.0000000000
74917  -45.027  -11.061  25.435 0.0000000000
77668  -45.515  -9.631  24.483 0.0000000000
77713  -43.006  -9.254  21.965 0.0000000000
80453  -48.549  -7.560  9.430 0.0000000000
84651  -49.225  -4.719  8.811 0.0000000000
62935  -34.607  -20.528  37.263 0.0000000000
65606  -32.420  -18.029  35.478 0.0000000000
62962  -34.357  -20.666  34.622 0.0000000000
80386  -41.172  -6.767  14.323 0.0000000000
83083  -47.668  -5.780  17.803 0.0000000000
83098  -46.499  -5.503  16.314 0.0000000000
83100  -48.788  -5.831  16.471 0.0000000000
81756  -49.326  -6.554  14.174 0.0000000000
81723  -50.505  -6.259  16.296 0.0000000000
69537  -41.086  -15.433  33.786 0.0000000000
68340  -37.897  -16.416  32.387 0.0000000000
70830  -39.709  -14.040  31.405 0.0000000000
72258  -38.041  -12.849  23.405 0.0000000000
72228  -36.655  -13.539  24.709 0.0000000000
72270  -35.376  -13.364  21.906 0.0000000000
77743  -40.004  -9.398  17.075 0.0000000000
81728  -55.036  -6.169  16.243 0.0000000000
91317  -53.687  0.727  12.537 0.0000000000
94020  -53.241  2.610  12.149 0.0000000000
92748  -52.457  1.134  8.788 0.0000000000
95413  -54.521  3.792  10.269 0.0000000000
92729  -58.138  1.485  9.130 0.0000000000
66830  -23.928  -17.445  39.825 0.0000000000
66886  -22.011  -17.482  37.291 0.0000000000
68243  -24.854  -16.541  36.198 0.0000000000
68362  -28.659  -15.928  29.399 0.0000000000
68345  -25.663  -15.797  30.239 0.0000000000
68384  -26.040  -16.312  27.235 0.0000000000
63071  -32.573  -20.791  27.843 0.0000000000
60544  -30.765  -22.104  28.709 0.0000000000
61872  -29.809  -22.349  25.363 0.0000000000
80342  -41.713  -7.744  19.101 0.0000000000
81717  -42.398  -6.718  17.124 0.0000000000
81667  -44.214  -6.372  20.067 0.0000000000
83029  -47.417  -5.354  20.777 0.0000000000
83031  -49.379  -5.472  20.513 0.0000000000
73487  -45.075  -12.255  30.865 0.0000000000
72159  -42.134  -13.178  29.371 0.0000000000
73532  -43.111  -12.468  27.563 0.0000000000
73587  -41.183  -11.959  24.300 0.0000000000
74955  -39.461  -11.650  21.387 0.0000000000
74966  -37.625  -11.889  19.081 0.0000000000
74970  -41.049  -11.230  20.170 0.0000000000
77732  -41.197  -9.446  19.292 0.0000000000
96713  -56.216  4.769  11.347 0.0000000000
101712  -56.428  7.999  9.756 0.0000000000
66872  -29.626  -17.323  38.434 0.0000000000
68246  -27.861  -16.492  36.069 0.0000000000
66926  -30.275  -16.687  35.840 0.0000000000
68320  -30.685  -16.217  32.285 0.0000000000
67005  -30.139  -16.885  28.261 0.0000000000
81736  -43.884  -5.653  15.837 0.0000000000
77775  -49.166  -9.028  13.254 0.0000000000
80415  -50.662  -7.561  13.131 0.0000000000
65610  -38.700  -18.806  35.277 0.0000000000
60479  -35.590  -21.575  33.333 0.0000000000
64281  -36.985  -19.738  32.606 0.0000000000
65674  -35.247  -18.548  30.177 0.0000000000
67029  -33.354  -17.717  27.578 0.0000000000
72175  -38.396  -13.413  28.298 0.0000000000
70860  -34.694  -15.034  26.740 0.0000000000
68439  -31.885  -16.246  25.341 0.0000000000
81522  -48.968  -6.009  27.497 0.0000000000
69521  -36.473  -15.762  34.040 0.0000000000
70739  -41.579  -14.034  35.015 0.0000000000
72069  -43.018  -12.772  34.190 0.0000000000
82932  -50.191  -5.035  25.431 0.0000000000
82974  -51.610  -5.301  23.482 0.0000000000
81655  -51.986  -5.869  21.093 0.0000000000
81636  -54.245  -5.928  21.270 0.0000000000
83053  -52.131  -5.955  18.785 0.0000000000
81725  -52.140  -6.843  16.510 0.0000000000
81759  -52.262  -6.700  14.375 0.0000000000
84608  -51.825  -4.740  12.253 0.0000000000
88601  -55.309  -1.552  13.011 0.0000000000
87347  -53.391  -2.719  11.823 0.0000000000
86051  -50.999  -3.460  10.312 0.0000000000
88667  -50.993  -1.919  8.426 0.0000000000
94078  -56.443  2.451  9.382 0.0000000000
64205  -19.975  -19.386  36.953 0.0000000000
66968  -21.274  -17.224  30.949 0.0000000000
68299  -25.076  -16.277  33.399 0.0000000000
68329  -23.884  -16.216  31.208 0.0000000000
61799  -32.085  -21.487  30.904 0.0000000000
64340  -30.423  -20.022  28.133 0.0000000000
65777  -27.304  -19.681  24.904 0.0000000000
60626  -23.982  -23.042  22.431 0.0000000000
80270  -46.940  -7.199  25.119 0.0000000000
81577  -46.985  -6.288  24.845 0.0000000000
81556  -47.571  -6.734  25.521 0.0000000000
78940  -47.957  -8.905  26.861 0.0000000000
77655  -47.024  -9.877  26.038 0.0000000000
78953  -46.823  -8.698  25.409 0.0000000000
80268  -45.646  -8.046  24.509 0.0000000000
80432  -49.174  -7.628  11.213 0.0000000000
81821  -48.876  -6.779  10.539 0.0000000000
83209  -48.643  -6.134  9.443 0.0000000000
84638  -49.335  -4.891  9.668 0.0000000000
61732  -35.144  -20.806  37.127 0.0000000000
62950  -34.253  -20.367  35.768 0.0000000000
61743  -35.312  -21.345  35.658 0.0000000000
79055  -39.891  -8.235  15.045 0.0000000000
80376  -41.284  -6.900  15.563 0.0000000000
83065  -48.563  -5.796  18.643 0.0000000000
83084  -48.639  -5.803  17.579 0.0000000000
83085  -49.738  -5.812  17.412 0.0000000000
83101  -49.958  -6.036  16.320 0.0000000000
69525  -42.576  -14.327  33.229 0.0000000000
70791  -40.420  -14.795  32.587 0.0000000000
70813  -41.391  -14.181  31.599 0.0000000000
73599  -37.369  -12.564  21.583 0.0000000000
72256  -36.398  -13.194  22.946 0.0000000000
72288  -36.054  -13.018  21.315 0.0000000000
72286  -34.331  -13.259  20.848 0.0000000000
79046  -40.512  -8.279  16.914 0.0000000000
77746  -39.509  -9.661  16.036 0.0000000000
79050  -39.635  -8.830  15.489 0.0000000000
95362  -53.602  3.230  13.023 0.0000000000
95380  -54.146  4.178  12.096 0.0000000000
95395  -53.724  3.569  11.327 0.0000000000
96701  -55.016  4.628  11.713 0.0000000000
66846  -25.619  -17.212  39.192 0.0000000000
66866  -24.251  -17.115  38.533 0.0000000000
66890  -25.792  -16.856  37.603 0.0000000000
68374  -28.363  -16.032  28.407 0.0000000000
68373  -27.270  -15.824  28.287 0.0000000000
68401  -26.840  -16.276  26.516 0.0000000000
65743  -24.618  -18.318  26.130 0.0000000000
67070  -24.759  -18.261  25.571 0.0000000000
64366  -31.551  -19.878  26.368 0.0000000000
61874  -31.114  -21.649  26.505 0.0000000000
63094  -30.593  -20.860  25.532 0.0000000000
80344  -42.585  -7.195  20.184 0.0000000000
81683  -43.055  -6.779  19.267 0.0000000000
81652  -44.166  -6.489  21.202 0.0000000000
82990  -46.998  -5.211  22.620 0.0000000000
83009  -47.230  -5.212  21.705 0.0000000000
83010  -48.191  -5.107  21.583 0.0000000000
83030  -48.384  -5.396  20.639 0.0000000000
83011  -49.210  -5.160  21.495 0.0000000000
74838  -45.299  -11.516  30.137 0.0000000000
72162  -44.716  -12.653  29.119 0.0000000000
73522  -45.650  -11.954  28.525 0.0000000000
74934  -43.261  -11.375  23.781 0.0000000000
74914  -42.482  -11.777  24.390 0.0000000000
74932  -41.459  -11.642  23.526 0.0000000000
74930  -39.927  -11.695  22.852 0.0000000000
74956  -40.506  -11.492  21.522 0.0000000000
74963  -40.360  -11.428  20.677 0.0000000000
76414  -41.805  -11.066  21.091 0.0000000000
80299  -43.308  -8.091  22.202 0.0000000000
77725  -42.271  -9.276  20.717 0.0000000000
80335  -42.324  -7.808  20.853 0.0000000000
79032  -41.714  -8.402  19.745 0.0000000000
65575  -30.487  -17.492  37.830 0.0000000000
66914  -29.794  -16.821  37.012 0.0000000000
66915  -30.876  -17.240  36.636 0.0000000000
66954  -33.047  -17.770  33.470 0.0000000000
66953  -32.221  -17.093  33.676 0.0000000000
68322  -32.178  -16.851  32.239 0.0000000000
68350  -30.863  -16.428  30.492 0.0000000000
66990  -31.565  -17.675  29.630 0.0000000000
81703  -44.391  -6.044  17.818 0.0000000000
81718  -43.576  -6.115  16.940 0.0000000000
81719  -44.614  -5.895  16.787 0.0000000000
83138  -47.106  -5.439  14.565 0.0000000000
83136  -45.028  -5.234  14.756 0.0000000000
83159  -46.403  -5.353  13.687 0.0000000000
81757  -49.959  -6.967  14.629 0.0000000000
80400  -49.510  -8.078  13.731 0.0000000000
79063  -49.654  -8.665  13.804 0.0000000000
77776  -49.838  -9.044  13.342 0.0000000000
79077  -50.864  -8.151  13.945 0.0000000000
65612  -39.644  -18.312  35.131 0.0000000000
62977  -38.392  -19.797  33.932 0.0000000000
65641  -39.107  -18.448  33.821 0.0000000000
69567  -36.990  -15.650  31.108 0.0000000000
66972  -36.395  -17.700  31.337 0.0000000000
68366  -35.578  -16.608  29.767 0.0000000000
67009  -34.274  -17.693  28.486 0.0000000000
68390  -34.831  -16.304  28.369 0.0000000000
72195  -41.127  -12.979  27.770 0.0000000000
72176  -39.240  -13.356  28.850 0.0000000000
72193  -39.066  -13.213  27.625 0.0000000000
70898  -34.920  -13.820  24.420 0.0000000000
70868  -35.710  -14.097  25.999 0.0000000000
70866  -33.911  -14.743  25.475 0.0000000000
69600  -33.409  -15.554  25.918 0.0000000000
74983  -38.863  -11.386  18.056 0.0000000000
72068  -42.455  -13.024  34.573 0.0000000000
77570  -44.509  -9.838  31.547 0.0000000000
82914  -49.563  -5.433  26.250 0.0000000000
82954  -51.904  -5.186  24.398 0.0000000000
81615  -52.167  -5.599  22.811 0.0000000000
81633  -51.881  -5.710  22.011 0.0000000000
81634  -52.599  -5.879  21.854 0.0000000000
81658  -54.486  -6.193  20.175 0.0000000000
81672  -53.709  -6.101  19.370 0.0000000000
81690  -53.872  -6.383  18.292 0.0000000000
81709  -52.995  -6.554  17.426 0.0000000000
81710  -54.060  -6.718  17.309 0.0000000000
83142  -54.747  -5.289  14.928 0.0000000000
81761  -53.917  -5.956  15.083 0.0000000000
83164  -53.883  -5.442  14.365 0.0000000000
83162  -52.091  -5.651  13.191 0.0000000000
84592  -53.198  -4.701  13.214 0.0000000000
89929  -55.662  -0.414  13.454 0.0000000000
91329  -53.338  0.265  11.847 0.0000000000
89962  -54.228  -0.637  12.296 0.0000000000
88612  -52.877  -1.813  11.309 0.0000000000
87346  -52.604  -2.577  11.078 0.0000000000
88631  -52.176  -1.707  10.473 0.0000000000
87377  -50.937  -2.767  9.243 0.0000000000
88650  -51.804  -1.110  9.747 0.0000000000
92768  -53.356  1.453  7.581 0.0000000000
91366  -52.045  -0.177  7.458 0.0000000000
91406  -53.025  -0.214  6.444 0.0000000000
96720  -57.167  4.570  10.458 0.0000000000
95415  -56.483  3.646  10.445 0.0000000000
94055  -57.309  3.099  10.148 0.0000000000
66923  -21.977  -17.284  35.490 0.0000000000
66922  -21.290  -17.821  35.679 0.0000000000
66937  -21.329  -17.695  34.748 0.0000000000
66950  -20.392  -18.114  33.069 0.0000000000
66952  -22.047  -16.906  32.956 0.0000000000
68283  -27.729  -16.162  34.309 0.0000000000
68262  -26.276  -16.344  35.328 0.0000000000
68301  -27.185  -16.089  33.357 0.0000000000
68330  -25.016  -15.969  31.278 0.0000000000
67003  -24.178  -17.510  28.324 0.0000000000
60503  -34.034  -21.777  31.215 0.0000000000
60489  -33.304  -21.776  32.276 0.0000000000
60512  -32.604  -22.365  30.688 0.0000000000
60560  -29.177  -22.304  27.085 0.0000000000
61836  -30.269  -21.423  28.477 0.0000000000
63069  -29.245  -21.127  27.053 0.0000000000
64365  -29.530  -19.637  26.915 0.0000000000
63092  -27.592  -21.166  25.393 0.0000000000
59244  -23.315  -23.646  22.889 0.0000000000
81611  -44.442  -7.189  23.181 0.0000000000
81632  -44.864  -6.121  21.994 0.0000000000
81597  -45.662  -6.182  23.784 0.0000000000
82949  -47.244  -5.534  24.261 0.0000000000
82950  -48.090  -5.239  24.296 0.0000000000
77610  -46.436  -9.626  28.213 0.0000000000
74879  -45.899  -11.463  27.468 0.0000000000
76331  -46.638  -10.722  26.612 0.0000000000
76363  -45.182  -10.618  24.743 0.0000000000
76383  -43.956  -10.642  23.521 0.0000000000
76416  -43.031  -9.964  21.913 0.0000000000
77697  -43.956  -9.300  22.984 0.0000000000
80285  -44.435  -7.818  23.374 0.0000000000
86071  -49.834  -4.292  7.220 0.0000000000
64208  -33.346  -19.503  37.148 0.0000000000
65592  -32.348  -18.366  36.464 0.0000000000
64221  -33.714  -19.566  36.257 0.0000000000
64251  -33.648  -19.204  34.813 0.0000000000
65649  -33.605  -19.123  32.902 0.0000000000
81686  -46.310  -5.927  18.421 0.0000000000
81705  -46.227  -5.804  17.430 0.0000000000
81706  -46.903  -5.765  17.218 0.0000000000
83099  -47.498  -5.604  16.650 0.0000000000
83118  -47.915  -5.505  15.489 0.0000000000
81755  -48.683  -6.171  13.821 0.0000000000
83119  -49.045  -5.884  15.360 0.0000000000
81739  -49.647  -6.234  14.913 0.0000000000
81758  -50.678  -7.318  14.989 0.0000000000
68310  -40.827  -15.972  34.159 0.0000000000
68307  -39.014  -16.956  33.396 0.0000000000
69551  -40.312  -15.302  33.151 0.0000000000
70810  -38.647  -14.913  32.072 0.0000000000
70829  -38.474  -14.445  31.166 0.0000000000
72230  -38.577  -13.087  24.873 0.0000000000
72221  -38.634  -13.193  25.767 0.0000000000
72245  -37.405  -13.122  23.941 0.0000000000
72243  -35.512  -13.512  23.808 0.0000000000
72254  -34.413  -13.579  22.818 0.0000000000
70921  -33.005  -13.879  22.348 0.0000000000
72268  -33.400  -13.535  21.576 0.0000000000
76443  -39.963  -10.321  17.448 0.0000000000
76448  -38.939  -10.440  16.257 0.0000000000
83070  -56.162  -5.683  18.319 0.0000000000
81711  -55.014  -6.457  17.075 0.0000000000
81713  -56.108  -5.629  16.851 0.0000000000
83123  -56.102  -4.682  15.488 0.0000000000
84595  -55.282  -4.223  14.442 0.0000000000
93999  -53.617  2.744  14.143 0.0000000000
91306  -54.744  0.702  13.243 0.0000000000
92667  -53.572  1.915  13.357 0.0000000000
92676  -53.502  1.669  12.880 0.0000000000
92689  -52.859  1.179  11.204 0.0000000000
91350  -52.094  0.313  9.352 0.0000000000
94052  -52.717  1.994  10.044 0.0000000000
94075  -53.229  2.488  9.196 0.0000000000
94076  -54.250  2.879  8.901 0.0000000000
96746  -57.151  4.123  8.776 0.0000000000
94080  -57.982  2.680  9.550 0.0000000000
94106  -58.119  2.729  8.730 0.0000000000
65532  -22.467  -17.864  39.589 0.0000000000
65556  -21.535  -18.104  38.511 0.0000000000
66864  -22.462  -17.456  38.032 0.0000000000
66908  -23.532  -16.902  36.794 0.0000000000
68259  -23.623  -16.688  35.514 0.0000000000
68333  -28.295  -15.866  31.388 0.0000000000
68316  -26.650  -15.927  32.372 0.0000000000
68346  -26.808  -15.778  30.319 0.0000000000
68360  -26.421  -15.754  29.242 0.0000000000
68371  -24.943  -16.632  28.116 0.0000000000
67004  -24.705  -17.542  27.699 0.0000000000
67024  -24.887  -17.686  26.890 0.0000000000
61837  -32.742  -21.755  28.942 0.0000000000
60545  -31.554  -22.369  28.862 0.0000000000
60563  -31.654  -22.239  28.103 0.0000000000
60574  -29.692  -22.662  26.859 0.0000000000
60585  -28.436  -22.541  25.495 0.0000000000
80364  -41.128  -7.599  17.551 0.0000000000
80370  -41.709  -7.120  17.342 0.0000000000
81701  -42.597  -6.868  18.360 0.0000000000
81684  -44.229  -6.224  18.907 0.0000000000
81668  -45.162  -6.010  19.652 0.0000000000
81653  -45.300  -5.933  20.904 0.0000000000
81654  -45.929  -5.770  20.162 0.0000000000
81669  -46.035  -5.845  19.348 0.0000000000
83048  -47.553  -5.591  19.854 0.0000000000
83049  -48.480  -5.681  19.664 0.0000000000
83050  -49.484  -5.709  19.519 0.0000000000
70796  -44.144  -13.205  31.634 0.0000000000
70815  -43.132  -13.596  31.065 0.0000000000
72140  -43.472  -13.282  30.249 0.0000000000
72179  -42.515  -12.896  28.591 0.0000000000
72211  -41.511  -12.800  27.214 0.0000000000
73564  -44.046  -11.913  26.472 0.0000000000
73561  -41.769  -12.369  25.787 0.0000000000
73559  -40.155  -12.523  25.288 0.0000000000
73585  -39.661  -12.179  23.597 0.0000000000
73600  -38.402  -12.176  21.695 0.0000000000
73607  -38.019  -11.991  20.945 0.0000000000
73613  -37.266  -12.186  19.841 0.0000000000
74961  -38.631  -11.745  20.287 0.0000000000
74968  -39.333  -11.525  19.609 0.0000000000
76432  -40.433  -11.130  19.087 0.0000000000
76426  -42.244  -10.022  20.780 0.0000000000
76433  -41.082  -10.650  19.377 0.0000000000
76438  -40.708  -9.962  18.727 0.0000000000
77739  -40.874  -9.115  18.519 0.0000000000
79041  -41.003  -8.300  18.203 0.0000000000
96702  -55.509  5.024  11.907 0.0000000000
99004  -56.303  5.866  11.765 0.0000000000
99020  -56.455  5.774  10.875 0.0000000000
99029  -56.216  6.267  9.768 0.0000000000
99041  -56.217  6.299  8.973 0.0000000000
99065  -56.559  6.913  7.570 0.0000000000
66870  -28.013  -17.136  38.460 0.0000000000
66891  -26.807  -16.632  37.630 0.0000000000
66913  -28.561  -16.646  36.822 0.0000000000
68247  -28.679  -16.532  35.902 0.0000000000
68284  -28.746  -16.069  34.293 0.0000000000
65605  -31.855  -17.621  35.649 0.0000000000
68286  -30.754  -16.461  34.118 0.0000000000
68303  -29.224  -16.023  33.308 0.0000000000
68334  -29.323  -15.944  31.390 0.0000000000
68363  -29.667  -16.184  29.479 0.0000000000
67025  -28.958  -16.734  27.132 0.0000000000
81734  -42.020  -6.644  16.161 0.0000000000
81752  -42.171  -6.276  14.934 0.0000000000
81737  -44.870  -5.567  16.017 0.0000000000
79091  -49.653  -8.495  12.339 0.0000000000
81793  -50.316  -6.409  12.211 0.0000000000
64237  -37.363  -19.960  35.408 0.0000000000
60456  -36.055  -21.843  35.080 0.0000000000
61746  -37.655  -21.003  34.891 0.0000000000
61779  -36.362  -21.002  33.040 0.0000000000
63008  -35.171  -20.619  31.312 0.0000000000
66964  -37.470  -17.706  32.381 0.0000000000
64313  -35.991  -19.212  31.334 0.0000000000
64311  -34.811  -19.789  30.415 0.0000000000
64343  -33.498  -19.800  28.560 0.0000000000
65732  -32.932  -18.904  27.531 0.0000000000
67052  -31.880  -18.259  26.388 0.0000000000
72137  -40.901  -13.506  30.364 0.0000000000
72156  -39.199  -13.606  30.198 0.0000000000
70853  -37.428  -13.909  28.663 0.0000000000
70863  -37.155  -13.681  26.258 0.0000000000
70862  -36.315  -14.090  26.735 0.0000000000
69583  -35.650  -15.101  28.369 0.0000000000
68405  -33.942  -16.284  27.360 0.0000000000
68403  -32.782  -16.702  26.470 0.0000000000
74973  -36.542  -11.899  18.005 0.0000000000
80227  -48.171  -7.712  27.566 0.0000000000
81521  -48.612  -6.826  27.220 0.0000000000
65493  -22.911  -17.958  41.243 0.0000000000
65537  -27.402  -16.947  39.661 0.0000000000
66850  -28.581  -17.285  39.113 0.0000000000
65540  -29.988  -17.465  38.924 0.0000000000
62914  -33.975  -19.443  38.195 0.0000000000
64209  -35.099  -19.486  37.479 0.0000000000
64222  -35.627  -19.795  36.686 0.0000000000
66943  -36.311  -17.667  34.415 0.0000000000
66944  -37.262  -17.683  34.554 0.0000000000
68270  -38.760  -16.405  35.311 0.0000000000
68272  -40.247  -16.645  35.296 0.0000000000
69492  -40.367  -15.016  35.533 0.0000000000
68273  -40.933  -15.919  34.995 0.0000000000
69523  -41.588  -14.950  34.516 0.0000000000
70759  -42.405  -13.899  34.216 0.0000000000
72087  -43.648  -13.078  33.379 0.0000000000
73464  -44.470  -12.653  32.443 0.0000000000
74813  -44.802  -11.494  32.097 0.0000000000
77581  -44.457  -10.130  30.672 0.0000000000
80217  -47.567  -7.707  28.030 0.0000000000
81558  -48.934  -5.841  26.232 0.0000000000
82931  -49.176  -5.260  25.442 0.0000000000
82952  -49.924  -4.932  24.460 0.0000000000
82933  -51.053  -4.877  25.417 0.0000000000
82953  -50.940  -4.963  24.458 0.0000000000
82993  -49.996  -5.077  22.458 0.0000000000
83012  -50.266  -5.400  21.435 0.0000000000
83032  -50.358  -5.711  20.415 0.0000000000
83051  -50.494  -5.814  19.390 0.0000000000
81656  -52.743  -5.945  20.824 0.0000000000
81670  -52.072  -5.858  20.224 0.0000000000
83067  -50.632  -5.845  18.340 0.0000000000
83087  -51.390  -6.138  17.565 0.0000000000
81724  -51.116  -6.388  16.603 0.0000000000
81742  -51.902  -7.261  15.760 0.0000000000
81727  -54.236  -6.656  16.421 0.0000000000
80379  -52.716  -7.117  15.499 0.0000000000
80389  -51.724  -7.547  14.475 0.0000000000
81776  -51.852  -6.429  13.664 0.0000000000
81794  -50.883  -6.857  13.029 0.0000000000
83199  -50.940  -5.348  11.944 0.0000000000
87318  -56.191  -2.704  13.907 0.0000000000
87333  -55.309  -2.731  13.287 0.0000000000
89945  -54.776  -0.691  12.639 0.0000000000
88600  -54.685  -1.824  12.618 0.0000000000
87332  -54.205  -2.781  12.533 0.0000000000
86020  -52.895  -3.775  12.117 0.0000000000
86036  -51.306  -3.719  11.231 0.0000000000
84639  -49.992  -4.556  10.516 0.0000000000
86050  -50.342  -3.778  9.741 0.0000000000
86060  -50.351  -3.422  8.873 0.0000000000
87401  -50.624  -2.741  6.948 0.0000000000
90009  -51.823  -0.305  8.785 0.0000000000
88688  -51.188  -1.671  7.344 0.0000000000
87409  -51.142  -3.155  6.335 0.0000000000
95397  -55.741  4.262  10.877 0.0000000000
95434  -55.426  3.301  9.761 0.0000000000
92751  -55.425  1.691  8.136 0.0000000000
92728  -57.303  1.630  9.138 0.0000000000
92752  -56.599  1.516  8.679 0.0000000000
92770  -55.364  1.032  7.544 0.0000000000
65590  -20.948  -18.297  36.763 0.0000000000
68244  -25.817  -16.517  36.306 0.0000000000
68261  -25.273  -16.433  35.348 0.0000000000
68298  -23.976  -16.484  33.476 0.0000000000
68315  -25.569  -16.058  32.355 0.0000000000
68314  -24.437  -16.213  32.350 0.0000000000
68313  -23.157  -16.502  32.339 0.0000000000
66961  -22.049  -16.838  31.651 0.0000000000
61763  -34.340  -21.862  33.923 0.0000000000
62991  -33.677  -20.759  32.854 0.0000000000
64310  -32.552  -19.877  30.826 0.0000000000
60523  -31.104  -21.888  29.331 0.0000000000
63041  -31.375  -20.760  29.582 0.0000000000
65690  -32.005  -18.709  29.965 0.0000000000
65730  -30.722  -18.559  28.204 0.0000000000
67051  -29.411  -17.895  26.756 0.0000000000
67074  -28.061  -18.002  25.676 0.0000000000
60615  -28.249  -22.513  23.944 0.0000000000
60597  -27.390  -22.656  24.378 0.0000000000
61883  -26.521  -21.971  24.367 0.0000000000
63117  -25.238  -21.307  23.820 0.0000000000
63102  -23.982  -20.876  23.895 0.0000000000
65774  -25.049  -18.831  24.602 0.0000000000
80253  -47.378  -8.035  25.855 0.0000000000
80254  -48.029  -7.061  26.166 0.0000000000
80237  -47.909  -8.445  26.457 0.0000000000
78939  -47.668  -8.868  26.351 0.0000000000
80252  -46.909  -8.265  25.390 0.0000000000
81809  -49.411  -6.531  11.244 0.0000000000
80442  -48.935  -7.286  10.857 0.0000000000
83210  -49.179  -5.780  10.277 0.0000000000
83211  -49.696  -5.366  10.857 0.0000000000
62944  -35.792  -20.602  36.733 0.0000000000
61737  -35.177  -21.019  36.677 0.0000000000
61738  -35.852  -21.254  36.461 0.0000000000
79051  -40.171  -8.197  15.841 0.0000000000
80375  -40.473  -7.540  15.000 0.0000000000
80368  -40.812  -7.607  16.148 0.0000000000
70774  -43.107  -14.005  32.830 0.0000000000
69554  -42.322  -14.251  32.387 0.0000000000
70794  -42.853  -13.890  32.073 0.0000000000
73598  -36.719  -12.790  21.216 0.0000000000
77747  -39.894  -8.835  16.316 0.0000000000
96671  -54.471  4.687  13.651 0.0000000000
95363  -53.787  3.644  13.297 0.0000000000
66867  -25.230  -16.991  38.529 0.0000000000
66868  -26.184  -17.041  38.426 0.0000000000
68402  -27.657  -16.352  26.639 0.0000000000
68385  -27.003  -15.916  27.305 0.0000000000
68420  -26.795  -16.633  25.884 0.0000000000
68418  -25.547  -17.443  25.502 0.0000000000
67071  -25.239  -18.003  25.056 0.0000000000
64377  -31.071  -19.839  25.826 0.0000000000
63095  -31.088  -20.882  26.119 0.0000000000
81651  -43.452  -7.086  21.439 0.0000000000
81666  -43.373  -6.848  20.526 0.0000000000
82991  -47.914  -5.011  22.534 0.0000000000
76278  -45.321  -10.618  29.174 0.0000000000
74852  -45.775  -11.454  29.182 0.0000000000
74866  -46.202  -11.476  28.533 0.0000000000
74949  -42.972  -11.249  23.128 0.0000000000
74933  -42.400  -11.558  23.603 0.0000000000
74948  -42.358  -11.309  22.774 0.0000000000
74947  -41.448  -11.417  22.596 0.0000000000
74957  -41.519  -11.350  21.677 0.0000000000
74958  -42.135  -11.220  22.096 0.0000000000
80319  -43.548  -7.475  22.113 0.0000000000
80318  -43.020  -7.858  21.718 0.0000000000
81630  -43.495  -7.320  21.877 0.0000000000
65576  -31.354  -17.997  37.425 0.0000000000
66963  -33.026  -17.907  32.399 0.0000000000
66962  -32.508  -17.254  32.757 0.0000000000
66970  -32.639  -17.381  31.813 0.0000000000
68337  -32.028  -16.883  31.455 0.0000000000
66978  -32.495  -17.864  30.737 0.0000000000
80387  -50.059  -7.919  14.262 0.0000000000
79064  -50.327  -8.627  13.998 0.0000000000
79065  -50.915  -8.089  14.200 0.0000000000
66934  -40.159  -17.614  35.073 0.0000000000
65627  -39.522  -18.715  34.249 0.0000000000
65642  -39.648  -17.983  34.200 0.0000000000
69573  -36.695  -15.249  30.341 0.0000000000
69566  -36.434  -15.974  30.676 0.0000000000
69571  -35.797  -16.128  29.644 0.0000000000
68378  -35.117  -16.580  28.863 0.0000000000
69577  -35.656  -16.002  29.185 0.0000000000
72209  -39.806  -13.079  26.783 0.0000000000
72194  -40.098  -13.104  27.737 0.0000000000
72208  -38.851  -13.182  26.651 0.0000000000
70897  -34.300  -13.802  23.978 0.0000000000
70882  -34.401  -14.206  24.977 0.0000000000
70881  -33.409  -14.712  24.861 0.0000000000
70880  -32.817  -14.720  24.381 0.0000000000
76441  -38.339  -11.145  17.124 0.0000000000
81674  -55.587  -6.131  18.730 0.0000000000
81659  -55.391  -5.997  19.824 0.0000000000
81673  -54.710  -6.373  19.125 0.0000000000
84594  -54.664  -4.473  14.110 0.0000000000
84593  -53.735  -4.747  13.634 0.0000000000
91296  -54.562  0.518  14.406 0.0000000000
91297  -55.127  0.324  14.118 0.0000000000
91307  -55.247  0.442  13.644 0.0000000000
89960  -52.921  -0.594  11.125 0.0000000000
91386  -52.689  0.306  7.049 0.0000000000
91387  -53.891  0.814  6.923 0.0000000000
91408  -54.533  0.171  6.579 0.0000000000
97890  -57.259  4.628  10.064 0.0000000000
95416  -57.095  3.962  10.474 0.0000000000
94056  -57.616  3.304  10.084 0.0000000000
64176  -20.528  -18.738  39.099 0.0000000000
66939  -22.888  -16.826  34.677 0.0000000000
66938  -22.228  -17.041  34.355 0.0000000000
66988  -23.809  -17.148  28.663 0.0000000000
60502  -33.514  -22.153  31.537 0.0000000000
60513  -33.285  -21.971  30.497 0.0000000000
61857  -28.699  -21.780  26.457 0.0000000000
61847  -29.055  -21.637  26.949 0.0000000000
63080  -28.853  -20.848  26.468 0.0000000000
81596  -45.159  -7.025  23.882 0.0000000000
82970  -47.583  -5.138  23.448 0.0000000000
77611  -47.366  -9.525  27.838 0.0000000000
76316  -47.122  -10.441  27.729 0.0000000000
77625  -47.629  -9.894  27.301 0.0000000000
77669  -46.064  -9.604  25.006 0.0000000000
76364  -45.928  -10.129  25.143 0.0000000000
76384  -44.764  -10.177  24.064 0.0000000000
77682  -44.899  -9.622  24.028 0.0000000000
76404  -43.817  -9.966  22.983 0.0000000000
78980  -44.929  -9.022  24.019 0.0000000000
81575  -45.664  -7.577  24.393 0.0000000000
80286  -45.004  -8.003  24.030 0.0000000000
81595  -44.733  -7.480  23.652 0.0000000000
80441  -48.694  -7.641  10.315 0.0000000000
83222  -48.830  -5.431  9.224 0.0000000000
84665  -49.321  -4.597  7.771 0.0000000000
62934  -33.855  -19.866  37.509 0.0000000000
62942  -34.061  -20.193  36.751 0.0000000000
64234  -33.938  -19.728  35.251 0.0000000000
64252  -33.972  -19.745  34.267 0.0000000000
65639  -33.708  -19.132  33.794 0.0000000000
64265  -33.918  -19.855  33.298 0.0000000000
81687  -46.922  -5.887  17.929 0.0000000000
83139  -48.159  -5.783  14.408 0.0000000000
83120  -49.791  -6.079  15.525 0.0000000000
81740  -50.381  -6.501  15.618 0.0000000000
69536  -40.030  -15.899  33.590 0.0000000000
70812  -40.486  -14.343  31.905 0.0000000000
70811  -39.430  -14.736  32.244 0.0000000000
72246  -38.242  -12.972  24.063 0.0000000000
72255  -35.512  -13.423  22.787 0.0000000000
72242  -34.935  -13.567  23.337 0.0000000000
72253  -33.701  -13.631  22.311 0.0000000000
72269  -34.437  -13.423  21.728 0.0000000000
77742  -39.566  -10.207  16.809 0.0000000000
83071  -56.503  -5.308  17.575 0.0000000000
81693  -56.149  -5.671  17.108 0.0000000000
84571  -56.765  -3.909  15.398 0.0000000000
83104  -56.222  -4.881  15.881 0.0000000000
84583  -56.198  -4.227  15.028 0.0000000000
84582  -55.748  -4.307  14.799 0.0000000000
85996  -55.993  -3.823  14.470 0.0000000000
95348  -54.093  3.806  14.326 0.0000000000
95337  -54.169  4.015  14.978 0.0000000000
92668  -54.151  1.574  13.659 0.0000000000
94010  -53.537  2.630  13.640 0.0000000000
94009  -53.470  2.602  13.141 0.0000000000
92690  -53.014  1.466  11.656 0.0000000000
92706  -52.671  1.315  10.744 0.0000000000
92707  -52.803  2.029  10.779 0.0000000000
95412  -53.618  3.161  10.129 0.0000000000
95432  -53.839  3.052  9.410 0.0000000000
95433  -54.461  3.296  9.540 0.0000000000
96745  -56.556  4.606  8.448 0.0000000000
95453  -57.968  3.218  8.899 0.0000000000
65533  -23.216  -17.586  39.805 0.0000000000
65557  -22.315  -17.739  38.762 0.0000000000
65558  -22.982  -17.582  39.186 0.0000000000
66909  -24.389  -16.699  36.943 0.0000000000
66888  -23.846  -16.928  37.683 0.0000000000
68242  -24.020  -16.683  36.155 0.0000000000
68241  -23.353  -16.885  36.039 0.0000000000
68347  -27.908  -15.805  30.376 0.0000000000
68332  -27.235  -15.733  31.372 0.0000000000
68372  -26.142  -16.055  28.211 0.0000000000
68359  -25.244  -16.035  29.147 0.0000000000
68383  -25.383  -16.961  27.089 0.0000000000
64363  -23.855  -19.435  25.951 0.0000000000
63079  -23.624  -19.992  26.568 0.0000000000
63059  -32.782  -21.171  28.450 0.0000000000
61850  -32.248  -21.764  28.185 0.0000000000
61860  -32.075  -21.468  27.625 0.0000000000
61873  -30.497  -22.033  25.927 0.0000000000
61858  -30.768  -22.244  26.700 0.0000000000
60586  -29.498  -22.796  25.946 0.0000000000
60599  -29.071  -22.556  25.143 0.0000000000
80353  -41.522  -7.722  18.499 0.0000000000
80365  -41.915  -7.198  17.969 0.0000000000
80354  -42.225  -7.275  18.915 0.0000000000
82988  -45.440  -5.885  22.567 0.0000000000
83007  -45.684  -5.722  21.901 0.0000000000
83028  -46.406  -5.452  20.951 0.0000000000
83047  -46.686  -5.530  20.029 0.0000000000
83063  -46.818  -5.737  19.277 0.0000000000
72113  -44.461  -12.902  31.411 0.0000000000
72123  -44.030  -13.136  30.897 0.0000000000
72124  -44.836  -12.768  30.489 0.0000000000
72181  -44.273  -12.506  28.748 0.0000000000
72161  -43.889  -12.849  29.329 0.0000000000
72197  -42.780  -12.655  28.091 0.0000000000
72196  -42.125  -12.714  27.710 0.0000000000
73531  -42.488  -12.481  27.179 0.0000000000
74891  -45.009  -11.543  26.487 0.0000000000
73550  -45.049  -11.818  27.354 0.0000000000
74903  -44.468  -11.567  25.985 0.0000000000
74913  -41.812  -11.806  24.146 0.0000000000
73574  -42.490  -12.058  25.208 0.0000000000
73573  -41.580  -12.143  24.903 0.0000000000
73572  -40.626  -12.273  24.841 0.0000000000
73571  -39.661  -12.572  24.736 0.0000000000
73586  -40.502  -11.987  24.053 0.0000000000
74945  -39.771  -11.651  22.191 0.0000000000
73601  -39.046  -12.003  22.150 0.0000000000
74954  -38.783  -11.764  20.963 0.0000000000
73614  -37.866  -11.901  20.275 0.0000000000
74969  -40.313  -11.394  19.730 0.0000000000
74977  -39.949  -11.371  19.047 0.0000000000
76415  -42.510  -10.751  21.441 0.0000000000
77712  -42.674  -9.507  21.354 0.0000000000
77724  -41.811  -9.692  20.050 0.0000000000
80343  -41.944  -7.761  19.765 0.0000000000
79031  -41.415  -8.409  19.123 0.0000000000
99011  -56.204  6.316  10.947 0.0000000000
100357  -56.252  7.067  10.115 0.0000000000
99019  -56.284  6.028  10.383 0.0000000000
100378  -56.462  7.300  8.634 0.0000000000
100379  -56.843  7.520  7.954 0.0000000000
99064  -56.212  6.073  8.185 0.0000000000
66871  -28.957  -17.259  38.603 0.0000000000
66892  -27.806  -16.904  37.674 0.0000000000
66893  -28.844  -16.972  37.788 0.0000000000
66925  -29.343  -16.564  36.188 0.0000000000
68265  -29.330  -16.339  35.243 0.0000000000
68266  -30.196  -16.442  34.905 0.0000000000
65591  -31.732  -17.722  36.247 0.0000000000
68287  -31.548  -16.646  33.701 0.0000000000
68305  -31.119  -16.375  33.099 0.0000000000
68304  -30.235  -16.044  33.247 0.0000000000
68319  -29.740  -16.004  32.337 0.0000000000
68335  -30.284  -16.191  31.388 0.0000000000
68364  -30.609  -16.604  29.523 0.0000000000
68349  -29.965  -16.136  30.435 0.0000000000
68376  -30.224  -16.598  28.789 0.0000000000
68375  -29.450  -16.402  28.455 0.0000000000
81716  -41.959  -6.797  16.658 0.0000000000
81735  -42.867  -6.137  16.001 0.0000000000
81753  -43.319  -5.735  14.965 0.0000000000
83097  -45.989  -5.501  16.380 0.0000000000
81720  -45.542  -5.667  16.610 0.0000000000
83116  -45.640  -5.351  15.774 0.0000000000
83158  -45.372  -5.217  13.778 0.0000000000
81774  -48.958  -6.829  13.453 0.0000000000
79075  -49.235  -8.446  13.402 0.0000000000
80401  -50.544  -8.005  13.138 0.0000000000
79092  -50.196  -8.360  12.901 0.0000000000
80414  -50.249  -7.602  12.703 0.0000000000
65609  -37.957  -18.991  35.097 0.0000000000
62953  -37.600  -20.596  35.350 0.0000000000
62954  -38.363  -20.331  35.013 0.0000000000
64266  -38.123  -19.604  33.469 0.0000000000
62976  -37.590  -20.392  33.545 0.0000000000
62993  -36.571  -20.450  32.745 0.0000000000
61790  -35.432  -21.064  32.046 0.0000000000
63010  -36.301  -20.201  32.151 0.0000000000
68325  -39.061  -16.441  33.264 0.0000000000
66955  -38.647  -17.714  33.316 0.0000000000
68323  -37.838  -16.951  32.482 0.0000000000
66981  -35.990  -17.435  30.724 0.0000000000
65675  -35.874  -18.407  30.852 0.0000000000
64312  -35.425  -19.609  30.870 0.0000000000
64327  -34.870  -19.287  30.196 0.0000000000
64325  -33.765  -20.134  29.186 0.0000000000
65692  -34.725  -18.720  29.616 0.0000000000
67008  -33.758  -18.286  28.135 0.0000000000
65731  -32.465  -18.901  27.049 0.0000000000
67028  -32.800  -18.277  27.225 0.0000000000
72138  -41.814  -13.418  30.159 0.0000000000
70832  -41.577  -13.747  30.907 0.0000000000
70854  -38.309  -13.572  28.873 0.0000000000
70846  -38.264  -13.817  29.683 0.0000000000
72219  -37.169  -13.509  25.159 0.0000000000
72220  -37.636  -13.472  25.582 0.0000000000
70869  -36.743  -13.696  25.693 0.0000000000
70861  -35.201  -14.831  27.138 0.0000000000
70857  -36.057  -14.668  28.037 0.0000000000
69581  -34.690  -15.706  27.644 0.0000000000
69590  -34.357  -15.601  27.004 0.0000000000
69599  -32.748  -15.685  25.508 0.0000000000
68423  -32.965  -16.288  26.311 0.0000000000
68422  -32.368  -16.477  25.924 0.0000000000
67077  -32.213  -17.259  26.167 0.0000000000
68421  -31.740  -16.823  25.459 0.0000000000
73622  -36.976  -12.164  19.125 0.0000000000
74974  -37.271  -11.792  18.397 0.0000000000
65516  -28.283  -17.240  39.975 0.0000000000
62913  -33.648  -19.264  38.326 0.0000000000
68290  -36.919  -16.749  34.060 0.0000000000
68271  -39.539  -16.719  35.556 0.0000000000
68251  -39.345  -15.763  35.799 0.0000000000
70722  -40.633  -13.935  35.528 0.0000000000
68253  -40.597  -15.750  35.400 0.0000000000
69507  -41.013  -14.992  35.201 0.0000000000
72085  -42.708  -13.248  34.183 0.0000000000
72086  -43.039  -13.286  33.874 0.0000000000
70760  -43.004  -13.896  33.505 0.0000000000
72070  -43.459  -12.741  33.859 0.0000000000
74795  -44.235  -11.683  33.168 0.0000000000
74812  -44.493  -11.807  32.691 0.0000000000
73476  -44.592  -12.165  32.422 0.0000000000
76215  -44.540  -10.559  32.184 0.0000000000
78882  -44.315  -9.311  30.936 0.0000000000
77580  -44.189  -9.464  30.082 0.0000000000
81537  -48.615  -6.648  26.526 0.0000000000
81538  -49.053  -6.024  26.825 0.0000000000
82951  -48.968  -5.090  24.366 0.0000000000
82973  -50.587  -5.069  23.471 0.0000000000
82994  -51.303  -5.403  22.480 0.0000000000
83013  -51.194  -5.721  21.302 0.0000000000
83033  -51.293  -5.830  20.286 0.0000000000
81637  -54.911  -5.869  20.664 0.0000000000
81635  -53.409  -5.980  21.572 0.0000000000
81657  -53.576  -6.048  20.497 0.0000000000
81671  -52.656  -5.954  19.639 0.0000000000
83052  -51.562  -5.880  19.267 0.0000000000
83068  -51.575  -6.042  18.176 0.0000000000
81688  -52.074  -6.131  18.144 0.0000000000
81708  -51.912  -6.307  17.524 0.0000000000
81741  -51.287  -6.963  15.761 0.0000000000
81760  -52.790  -6.674  14.925 0.0000000000
81743  -53.451  -6.643  15.740 0.0000000000
80390  -52.326  -7.226  15.067 0.0000000000
83186  -52.240  -5.261  12.975 0.0000000000
83185  -51.468  -5.544  12.580 0.0000000000
83184  -50.759  -5.715  12.035 0.0000000000
88602  -55.779  -1.290  13.341 0.0000000000
88589  -56.120  -1.715  13.725 0.0000000000
87334  -55.829  -1.995  13.389 0.0000000000
87317  -55.740  -2.993  13.732 0.0000000000
92677  -54.133  0.985  13.074 0.0000000000
91318  -54.520  0.316  12.793 0.0000000000
88613  -53.479  -1.486  11.848 0.0000000000
88614  -54.183  -1.202  12.261 0.0000000000
87348  -54.019  -1.999  12.206 0.0000000000
87331  -53.729  -3.007  12.253 0.0000000000
86021  -53.538  -3.528  12.422 0.0000000000
87363  -51.992  -2.920  10.491 0.0000000000
86037  -52.296  -3.615  11.571 0.0000000000
86052  -51.618  -3.365  10.943 0.0000000000
84640  -50.730  -4.110  11.092 0.0000000000
87388  -50.773  -2.519  8.623 0.0000000000
87376  -50.658  -2.832  8.713 0.0000000000
87387  -50.613  -2.664  8.147 0.0000000000
86072  -50.064  -3.666  7.748 0.0000000000
88687  -50.772  -2.187  7.792 0.0000000000
91367  -52.056  0.325  8.170 0.0000000000
90051  -52.014  -1.122  6.536 0.0000000000
90030  -51.887  -0.770  7.030 0.0000000000
88701  -51.600  -1.575  6.609 0.0000000000
87402  -51.252  -2.088  6.751 0.0000000000
96712  -55.726  4.617  11.342 0.0000000000
95435  -56.184  3.236  10.028 0.0000000000
94077  -55.250  2.886  9.057 0.0000000000
94104  -55.758  2.231  8.728 0.0000000000
94079  -57.402  2.351  9.663 0.0000000000
91368  -56.186  0.826  7.908 0.0000000000
65574  -21.921  -17.771  38.060 0.0000000000
65573  -21.299  -18.071  37.604 0.0000000000
66885  -21.409  -17.822  36.891 0.0000000000
65621  -20.760  -18.248  35.130 0.0000000000
65636  -20.235  -18.431  33.649 0.0000000000
66960  -21.083  -17.183  32.128 0.0000000000
66959  -20.437  -17.953  32.386 0.0000000000
66967  -20.478  -17.766  31.258 0.0000000000
66912  -27.475  -16.586  36.924 0.0000000000
68232  -26.332  -16.577  36.978 0.0000000000
68245  -26.854  -16.442  36.275 0.0000000000
68281  -25.692  -16.332  34.376 0.0000000000
68280  -24.650  -16.438  34.442 0.0000000000
68331  -26.144  -15.860  31.326 0.0000000000
68328  -22.858  -16.585  30.981 0.0000000000
65710  -24.672  -18.528  27.704 0.0000000000
60466  -35.750  -21.825  34.286 0.0000000000
60465  -35.371  -21.737  34.792 0.0000000000
60478  -34.770  -21.958  33.704 0.0000000000
60500  -32.322  -21.973  31.204 0.0000000000
61775  -33.106  -21.316  32.043 0.0000000000
62990  -33.276  -20.413  32.080 0.0000000000
63025  -32.212  -20.938  30.878 0.0000000000
60524  -31.635  -22.210  29.819 0.0000000000
63058  -30.541  -20.657  28.564 0.0000000000
61814  -30.816  -21.350  29.103 0.0000000000
63040  -30.969  -20.533  28.974 0.0000000000
64324  -31.694  -19.645  29.584 0.0000000000
64342  -31.272  -19.315  29.068 0.0000000000
65712  -31.514  -18.653  29.312 0.0000000000
64354  -30.507  -19.300  27.986 0.0000000000
64375  -28.376  -19.891  25.830 0.0000000000
65745  -29.816  -18.593  27.042 0.0000000000
65761  -28.524  -18.691  25.926 0.0000000000
65760  -27.711  -18.821  25.195 0.0000000000
60614  -27.332  -22.653  23.564 0.0000000000
60612  -25.329  -22.368  22.842 0.0000000000
61897  -26.132  -22.240  23.825 0.0000000000
61896  -25.421  -21.971  23.526 0.0000000000
61882  -25.782  -21.705  23.933 0.0000000000
61895  -24.622  -21.924  23.318 0.0000000000
59243  -22.841  -23.596  23.384 0.0000000000
61894  -23.881  -21.824  23.474 0.0000000000
64384  -24.852  -19.549  24.255 0.0000000000
61880  -22.764  -22.167  24.207 0.0000000000
77641  -47.582  -9.689  26.584 0.0000000000
78954  -47.256  -9.155  25.920 0.0000000000
78967  -46.178  -9.037  24.967 0.0000000000
78966  -45.583  -8.621  24.541 0.0000000000
80269  -46.403  -8.042  24.934 0.0000000000
81820  -48.625  -6.762  9.860 0.0000000000
81833  -48.469  -6.775  9.060 0.0000000000
62943  -34.712  -20.777  36.267 0.0000000000
62951  -34.701  -20.982  35.261 0.0000000000
62963  -34.556  -21.164  34.690 0.0000000000
83102  -50.589  -6.158  16.629 0.0000000000
69538  -41.894  -14.624  33.222 0.0000000000
69552  -41.149  -14.835  32.983 0.0000000000
69553  -41.864  -14.464  32.630 0.0000000000
70792  -41.249  -14.563  32.272 0.0000000000
73593  -37.728  -12.651  22.243 0.0000000000
72257  -37.371  -12.947  23.029 0.0000000000
72272  -37.057  -12.913  22.343 0.0000000000
72271  -36.372  -13.079  21.996 0.0000000000
72287  -35.339  -13.075  20.969 0.0000000000
72305  -35.027  -13.033  20.276 0.0000000000
95379  -53.582  3.370  12.535 0.0000000000
94036  -53.084  2.652  11.069 0.0000000000
95396  -54.800  4.279  11.074 0.0000000000
66845  -24.665  -17.279  39.451 0.0000000000
66889  -24.806  -16.886  37.725 0.0000000000
66910  -25.255  -16.650  36.978 0.0000000000
68361  -27.559  -15.829  29.340 0.0000000000
68399  -25.481  -17.200  26.232 0.0000000000
67047  -24.685  -18.273  25.896 0.0000000000
63078  -23.220  -20.408  25.825 0.0000000000
63083  -32.116  -20.832  27.208 0.0000000000
63082  -31.580  -20.858  26.697 0.0000000000
61886  -30.138  -21.663  25.283 0.0000000000
80355  -42.418  -7.211  19.539 0.0000000000
83008  -46.405  -5.415  21.869 0.0000000000
72142  -45.043  -12.582  29.666 0.0000000000
73499  -45.324  -12.151  29.948 0.0000000000
73510  -45.165  -12.299  28.912 0.0000000000
73520  -44.145  -12.414  28.135 0.0000000000
74916  -44.353  -11.276  24.936 0.0000000000
74902  -43.754  -11.657  25.462 0.0000000000
74915  -43.343  -11.612  24.772 0.0000000000
74931  -40.578  -11.648  23.186 0.0000000000
74946  -40.625  -11.534  22.335 0.0000000000
74962  -39.481  -11.524  20.441 0.0000000000
74964  -41.209  -11.250  20.911 0.0000000000
78990  -43.211  -8.561  22.266 0.0000000000
79008  -42.823  -8.725  21.729 0.0000000000
79007  -42.430  -8.524  21.194 0.0000000000
79024  -42.020  -8.612  20.290 0.0000000000
79023  -41.609  -8.907  19.716 0.0000000000
65560  -30.171  -17.459  38.407 0.0000000000
66894  -29.793  -17.229  37.954 0.0000000000
66895  -30.497  -17.331  37.409 0.0000000000
65622  -33.243  -18.522  34.461 0.0000000000
66942  -32.454  -17.609  34.498 0.0000000000
68306  -31.952  -16.609  32.971 0.0000000000
68321  -31.562  -16.454  32.234 0.0000000000
68336  -31.195  -16.452  31.387 0.0000000000
68351  -31.636  -16.943  30.544 0.0000000000
66989  -31.074  -17.144  29.381 0.0000000000
81702  -43.338  -6.354  18.077 0.0000000000
83117  -46.778  -5.427  15.567 0.0000000000
83137  -46.062  -5.146  14.681 0.0000000000
81775  -49.507  -7.339  13.893 0.0000000000
77762  -49.672  -9.050  13.682 0.0000000000
79076  -50.484  -8.548  13.393 0.0000000000
65611  -39.272  -18.461  35.303 0.0000000000
62955  -38.847  -19.842  34.699 0.0000000000
64253  -39.328  -19.211  34.612 0.0000000000
64267  -38.659  -19.206  33.703 0.0000000000
64283  -38.229  -19.069  33.262 0.0000000000
69561  -37.391  -15.905  31.786 0.0000000000
68339  -37.302  -16.551  31.921 0.0000000000
68354  -36.761  -16.402  31.384 0.0000000000
66980  -35.511  -17.569  30.264 0.0000000000
66991  -34.600  -18.218  29.119 0.0000000000
66992  -34.958  -17.626  29.398 0.0000000000
67010  -34.787  -17.181  28.785 0.0000000000
67030  -33.964  -17.140  27.866 0.0000000000
72178  -41.605  -13.014  28.602 0.0000000000
72158  -41.191  -13.184  29.506 0.0000000000
72177  -40.556  -13.112  28.698 0.0000000000
72192  -38.120  -13.476  27.487 0.0000000000
72227  -36.053  -13.545  24.295 0.0000000000
70884  -36.143  -13.775  25.328 0.0000000000
70883  -35.480  -13.860  24.952 0.0000000000
70867  -34.522  -14.715  26.104 0.0000000000
69601  -34.054  -15.433  26.353 0.0000000000
69614  -32.967  -15.343  25.282 0.0000000000
74975  -38.245  -11.588  18.575 0.0000000000
69522  -37.268  -15.706  34.411 0.0000000000
70738  -37.153  -14.519  34.724 0.0000000000
72053  -41.454  -12.850  35.368 0.0000000000
72067  -41.955  -13.288  34.939 0.0000000000
72054  -42.131  -12.735  35.057 0.0000000000
82885  -49.265  -5.221  27.878 0.0000000000
82898  -49.568  -5.420  27.023 0.0000000000
82915  -50.297  -5.064  26.328 0.0000000000
81598  -52.235  -5.423  23.700 0.0000000000
82995  -51.748  -5.440  22.931 0.0000000000
81614  -51.833  -5.571  22.440 0.0000000000
81689  -52.699  -6.118  18.440 0.0000000000
81726  -53.215  -6.887  16.476 0.0000000000
81745  -55.050  -5.634  15.618 0.0000000000
81744  -54.381  -6.158  15.758 0.0000000000
83141  -54.207  -5.594  14.784 0.0000000000
81778  -53.394  -6.123  14.623 0.0000000000
81777  -52.837  -6.148  14.244 0.0000000000
83163  -52.795  -5.348  13.508 0.0000000000
84609  -52.620  -4.533  12.551 0.0000000000
89913  -55.667  -0.700  14.024 0.0000000000
89930  -55.884  -1.032  13.647 0.0000000000
89946  -55.460  -0.750  13.100 0.0000000000
89944  -54.063  -0.097  12.372 0.0000000000
89961  -53.677  -0.623  12.017 0.0000000000
88630  -51.725  -2.288  10.157 0.0000000000
87362  -51.459  -2.684  9.927 0.0000000000
88649  -51.438  -1.895  9.614 0.0000000000
89991  -51.532  -1.038  9.007 0.0000000000
92767  -52.683  1.041  7.986 0.0000000000
90052  -52.527  -0.685  6.447 0.0000000000
96714  -56.751  4.860  11.090 0.0000000000
95398  -56.373  4.238  10.987 0.0000000000
94054  -56.812  2.930  10.010 0.0000000000
91351  -57.911  0.862  8.857 0.0000000000
64191  -20.207  -19.079  37.932 0.0000000000
66906  -21.679  -17.453  36.366 0.0000000000
65637  -20.616  -18.032  34.354 0.0000000000
66951  -20.946  -17.547  33.485 0.0000000000
68263  -27.286  -16.352  35.256 0.0000000000
68282  -26.715  -16.215  34.343 0.0000000000
68300  -26.153  -16.252  33.359 0.0000000000
68344  -24.508  -16.045  30.163 0.0000000000
66987  -23.223  -17.183  28.898 0.0000000000
67002  -23.450  -17.725  28.610 0.0000000000
65709  -24.422  -18.352  28.305 0.0000000000
60491  -34.621  -21.765  32.374 0.0000000000
60490  -33.844  -21.855  32.677 0.0000000000
60501  -32.811  -22.071  31.654 0.0000000000
60511  -32.102  -22.162  30.841 0.0000000000
60561  -29.995  -22.476  27.771 0.0000000000
60543  -30.015  -21.921  28.136 0.0000000000
61835  -29.866  -21.361  27.944 0.0000000000
63070  -29.651  -20.709  27.411 0.0000000000
64353  -30.055  -19.658  27.581 0.0000000000
63081  -29.264  -20.440  26.832 0.0000000000
64364  -28.959  -19.697  26.401 0.0000000000
64374  -27.776  -20.186  25.345 0.0000000000
59258  -23.686  -23.653  22.266 0.0000000000
60625  -23.537  -23.256  22.715 0.0000000000
81612  -44.882  -6.284  23.075 0.0000000000
81613  -45.660  -5.915  23.124 0.0000000000
82968  -46.116  -5.729  23.465 0.0000000000
82948  -46.455  -5.925  24.111 0.0000000000
82969  -46.719  -5.373  23.477 0.0000000000
82971  -48.501  -4.885  23.442 0.0000000000
76298  -45.942  -10.312  28.594 0.0000000000
74867  -46.609  -11.085  28.484 0.0000000000
76299  -46.654  -10.502  28.356 0.0000000000
74893  -46.352  -11.107  27.166 0.0000000000
74904  -45.436  -11.101  26.127 0.0000000000
76348  -47.016  -10.300  26.424 0.0000000000
76347  -46.343  -10.469  25.945 0.0000000000
76362  -44.470  -10.809  24.254 0.0000000000
76403  -43.236  -10.687  22.533 0.0000000000
77696  -43.437  -9.501  22.465 0.0000000000
78979  -44.304  -8.625  23.332 0.0000000000
78991  -43.718  -8.765  22.733 0.0000000000
80300  -43.742  -7.894  22.599 0.0000000000
81846  -48.530  -6.708  8.359 0.0000000000
65577  -32.322  -18.503  37.077 0.0000000000
64220  -32.846  -19.030  36.704 0.0000000000
64233  -33.084  -19.021  35.625 0.0000000000
65623  -33.669  -19.144  34.341 0.0000000000
65638  -33.455  -18.551  33.498 0.0000000000
65659  -33.280  -18.849  32.097 0.0000000000
81721  -46.319  -5.630  16.787 0.0000000000
81722  -46.799  -5.649  16.735 0.0000000000
83161  -48.035  -5.950  13.558 0.0000000000
83140  -49.020  -6.021  14.493 0.0000000000
68293  -40.456  -16.693  34.763 0.0000000000
66957  -39.847  -17.216  34.071 0.0000000000
68309  -40.397  -16.433  34.140 0.0000000000
69535  -39.598  -16.044  33.460 0.0000000000
69550  -39.235  -15.734  32.993 0.0000000000
70790  -39.844  -15.101  32.797 0.0000000000
69563  -38.830  -15.213  32.411 0.0000000000
69568  -37.719  -15.094  31.402 0.0000000000
70828  -37.589  -14.942  30.968 0.0000000000
70845  -37.213  -14.609  30.212 0.0000000000
72231  -39.178  -13.033  25.272 0.0000000000
72229  -37.615  -13.282  24.711 0.0000000000
72244  -36.575  -13.349  23.763 0.0000000000
70910  -33.804  -13.838  23.452 0.0000000000
70909  -33.287  -14.039  23.055 0.0000000000
72267  -32.665  -13.589  21.187 0.0000000000
76442  -39.174  -11.029  17.289 0.0000000000
76457  -38.015  -10.566  15.404 0.0000000000
76458  -38.872  -10.096  15.489 0.0000000000
81692  -55.798  -6.058  17.672 0.0000000000
81712  -55.710  -5.857  16.738 0.0000000000
83089  -56.365  -5.213  16.660 0.0000000000
83103  -55.906  -5.389  16.247 0.0000000000
81746  -55.387  -5.477  15.710 0.0000000000
83143  -55.314  -4.831  14.997 0.0000000000
84581  -55.148  -4.641  14.682 0.0000000000
86007  -54.985  -3.771  13.752 0.0000000000
92656  -54.054  1.703  14.447 0.0000000000
92669  -54.975  0.943  13.959 0.0000000000
91328  -52.797  0.676  11.214 0.0000000000
91338  -52.489  0.428  10.393 0.0000000000
92725  -52.418  1.326  9.724 0.0000000000
94053  -53.061  2.494  10.247 0.0000000000
92726  -52.751  1.759  9.129 0.0000000000
92749  -53.038  1.751  8.452 0.0000000000
94126  -53.529  1.923  8.126 0.0000000000
94102  -53.998  2.317  8.232 0.0000000000
96731  -57.272  4.364  9.225 0.0000000000
95417  -57.775  3.587  9.886 0.0000000000
95436  -57.988  3.314  9.286 0.0000000000
64177  -21.155  -18.386  39.383 0.0000000000
65531  -21.711  -18.163  39.333 0.0000000000
66865  -23.207  -17.307  38.441 0.0000000000
66887  -22.914  -17.087  37.475 0.0000000000
66907  -22.612  -17.101  36.408 0.0000000000
66924  -22.905  -16.957  35.305 0.0000000000
68279  -23.534  -16.662  34.616 0.0000000000
68317  -27.705  -15.894  32.378 0.0000000000
65728  -24.513  -18.514  26.651 0.0000000000
64351  -24.155  -19.411  26.856 0.0000000000
61838  -33.073  -21.507  29.340 0.0000000000
60525  -32.462  -22.214  29.622 0.0000000000
60546  -32.103  -22.179  28.666 0.0000000000
60562  -30.894  -22.544  28.121 0.0000000000
61859  -31.502  -21.919  27.229 0.0000000000
60575  -30.586  -22.607  27.291 0.0000000000
60573  -28.878  -22.517  26.333 0.0000000000
81685  -45.245  -5.934  18.615 0.0000000000
83027  -45.960  -5.621  21.393 0.0000000000
83064  -47.477  -5.778  18.794 0.0000000000
70776  -44.141  -13.265  31.871 0.0000000000
70795  -43.753  -13.424  31.565 0.0000000000
70834  -42.926  -13.512  30.512 0.0000000000
72139  -42.643  -13.421  30.034 0.0000000000
72141  -44.379  -12.955  29.962 0.0000000000
72160  -43.010  -13.022  29.356 0.0000000000
72223  -40.263  -12.865  26.256 0.0000000000
73536  -45.842  -11.730  28.130 0.0000000000
73534  -44.697  -12.152  27.680 0.0000000000
73548  -43.683  -12.214  26.865 0.0000000000
73575  -43.135  -11.926  25.502 0.0000000000
73562  -42.609  -12.234  25.994 0.0000000000
73547  -42.876  -12.356  26.726 0.0000000000
73545  -41.305  -12.535  26.250 0.0000000000
73560  -40.754  -12.516  25.740 0.0000000000
73570  -38.998  -12.722  24.120 0.0000000000
73584  -38.773  -12.584  23.424 0.0000000000
73595  -39.253  -12.094  22.810 0.0000000000
73594  -38.379  -12.487  22.667 0.0000000000
73606  -37.234  -12.260  20.755 0.0000000000
74967  -38.308  -11.713  19.488 0.0000000000
74976  -39.213  -11.441  18.722 0.0000000000
76425  -41.777  -10.743  20.475 0.0000000000
76437  -40.132  -10.855  18.355 0.0000000000
77738  -40.354  -9.745  17.997 0.0000000000
79040  -40.534  -8.824  17.757 0.0000000000
79047  -40.787  -8.253  17.619 0.0000000000
96687  -55.411  5.302  12.831 0.0000000000
96688  -55.972  5.553  12.381 0.0000000000
97873  -56.204  5.742  12.059 0.0000000000
97874  -56.397  5.582  11.647 0.0000000000
99012  -56.375  5.876  11.401 0.0000000000
97881  -56.568  5.435  11.160 0.0000000000
97889  -56.790  5.257  10.379 0.0000000000
97900  -56.471  5.504  9.638 0.0000000000
101719  -56.460  7.782  9.288 0.0000000000
100366  -56.311  7.076  9.300 0.0000000000
97901  -57.081  4.715  9.578 0.0000000000
97917  -56.491  5.054  8.898 0.0000000000
97940  -56.198  5.162  8.009 0.0000000000
99075  -56.236  6.097  7.288 0.0000000000
97950  -55.939  5.067  6.981 0.0000000000
66848  -27.289  -16.939  39.116 0.0000000000
66869  -27.106  -16.925  38.439 0.0000000000
68264  -28.272  -16.348  35.184 0.0000000000
66927  -31.326  -17.185  35.620 0.0000000000
66941  -31.584  -17.022  34.556 0.0000000000
66940  -30.855  -16.694  35.036 0.0000000000
68285  -29.747  -16.189  34.202 0.0000000000
68318  -28.738  -15.854  32.371 0.0000000000
68348  -28.965  -15.911  30.410 0.0000000000
68387  -29.003  -16.461  27.714 0.0000000000
64376  -30.440  -19.667  25.296 0.0000000000
80369  -41.515  -7.109  16.679 0.0000000000
83114  -44.366  -5.440  15.577 0.0000000000
83115  -44.773  -5.352  15.424 0.0000000000
83135  -44.032  -5.397  14.963 0.0000000000
77791  -49.887  -8.687  12.844 0.0000000000
80413  -49.661  -7.400  11.871 0.0000000000
81792  -49.812  -6.645  11.778 0.0000000000
81810  -49.947  -6.275  11.679 0.0000000000
64236  -36.534  -20.001  35.909 0.0000000000
61739  -36.480  -21.279  36.046 0.0000000000
62952  -36.900  -20.741  35.797 0.0000000000
60457  -36.444  -21.768  34.661 0.0000000000
60467  -36.288  -21.511  34.013 0.0000000000
61755  -38.006  -20.696  34.337 0.0000000000
61765  -36.838  -21.035  33.578 0.0000000000
61777  -35.197  -21.351  32.257 0.0000000000
61789  -34.899  -21.165  31.539 0.0000000000
61801  -34.162  -21.348  30.686 0.0000000000
66956  -39.272  -17.477  33.829 0.0000000000
65651  -38.021  -18.391  32.933 0.0000000000
65650  -37.474  -18.656  32.453 0.0000000000
66973  -36.938  -17.469  31.824 0.0000000000
65662  -36.896  -18.441  31.953 0.0000000000
64296  -36.472  -19.601  31.952 0.0000000000
64295  -35.900  -19.724  31.505 0.0000000000
63026  -34.746  -20.453  30.743 0.0000000000
63043  -34.028  -20.854  30.150 0.0000000000
63042  -33.769  -20.646  29.584 0.0000000000
63060  -33.254  -20.886  29.029 0.0000000000
63072  -33.000  -20.485  28.369 0.0000000000
65714  -33.900  -18.833  28.526 0.0000000000
64356  -33.033  -19.801  27.915 0.0000000000
64355  -32.558  -19.859  27.367 0.0000000000
64367  -32.057  -19.876  26.858 0.0000000000
65747  -31.978  -18.899  26.603 0.0000000000
65746  -31.518  -18.888  26.151 0.0000000000
70814  -42.244  -13.911  31.405 0.0000000000
70831  -40.681  -13.920  31.141 0.0000000000
72157  -40.166  -13.343  29.721 0.0000000000
72136  -39.994  -13.699  30.624 0.0000000000
72135  -39.319  -13.854  30.890 0.0000000000
70852  -36.552  -14.898  29.276 0.0000000000
72207  -37.919  -13.463  26.490 0.0000000000
70858  -37.145  -13.844  27.272 0.0000000000
69578  -35.830  -15.284  28.861 0.0000000000
69582  -35.207  -15.522  28.171 0.0000000000
68389  -34.391  -16.397  27.902 0.0000000000
68388  -33.795  -16.793  27.527 0.0000000000
69589  -33.771  -15.737  26.558 0.0000000000
68404  -33.351  -16.513  26.890 0.0000000000
67054  -33.072  -17.276  27.052 0.0000000000
67053  -32.512  -17.615  26.691 0.0000000000
67076  -31.753  -17.708  25.893 0.0000000000
64155  -21.989  -18.242  40.783 0.0000000000
65510  -22.591  -17.908  40.345 0.0000000000
65511  -23.724  -17.636  40.436 0.0000000000
65494  -24.189  -17.785  41.182 0.0000000000
66831  -24.317  -17.453  40.035 0.0000000000
65512  -24.913  -17.439  40.297 0.0000000000
65535  -25.830  -17.428  39.745 0.0000000000
65536  -26.599  -17.108  39.736 0.0000000000
65539  -29.109  -17.340  39.147 0.0000000000
65559  -29.489  -17.345  38.671 0.0000000000
65561  -31.052  -18.019  38.484 0.0000000000
64206  -31.771  -18.374  38.095 0.0000000000
64193  -32.260  -18.531  38.423 0.0000000000
64194  -33.125  -19.240  37.893 0.0000000000
62924  -33.625  -19.758  37.861 0.0000000000
62925  -34.198  -19.930  37.859 0.0000000000
62926  -34.693  -19.912  37.694 0.0000000000
62936  -35.274  -20.381  37.287 0.0000000000
64235  -36.034  -19.795  36.188 0.0000000000
65607  -35.774  -19.011  35.576 0.0000000000
65624  -35.993  -18.287  34.828 0.0000000000
65625  -36.597  -18.502  34.759 0.0000000000
65626  -37.426  -18.524  34.799 0.0000000000
66945  -38.215  -17.824  34.907 0.0000000000
68291  -37.984  -16.626  34.699 0.0000000000
68292  -38.489  -17.054  34.945 0.0000000000
66932  -38.962  -17.725  35.309 0.0000000000
66933  -39.709  -17.641  35.399 0.0000000000
68252  -40.009  -15.841  35.613 0.0000000000
68294  -40.922  -15.955  34.409 0.0000000000
69524  -42.150  -14.577  33.758 0.0000000000
70758  -41.928  -14.180  34.596 0.0000000000
70761  -43.565  -13.575  32.987 0.0000000000
73438  -43.414  -12.096  34.009 0.0000000000
73452  -43.844  -12.251  33.535 0.0000000000
73463  -44.270  -12.433  32.962 0.0000000000
72100  -44.101  -13.123  32.755 0.0000000000
73477  -44.771  -12.333  31.820 0.0000000000
74825  -45.011  -11.563  31.139 0.0000000000
76236  -44.667  -10.785  31.345 0.0000000000
76258  -44.853  -10.873  30.359 0.0000000000
76257  -44.689  -10.183  29.759 0.0000000000
77594  -45.025  -10.083  28.973 0.0000000000
78895  -43.987  -8.679  29.493 0.0000000000
78907  -44.349  -8.702  28.618 0.0000000000
77609  -45.377  -9.783  28.503 0.0000000000
78909  -46.033  -8.765  28.136 0.0000000000
78911  -47.752  -8.571  27.789 0.0000000000
78924  -48.104  -8.587  27.367 0.0000000000
81557  -48.339  -6.060  25.791 0.0000000000
82930  -48.452  -5.397  25.047 0.0000000000
82972  -49.510  -4.899  23.450 0.0000000000
82916  -50.936  -4.605  26.364 0.0000000000
81616  -53.165  -5.822  22.648 0.0000000000
83086  -50.785  -6.066  17.292 0.0000000000
81707  -51.301  -6.201  17.246 0.0000000000
80377  -51.436  -7.496  15.170 0.0000000000
80372  -52.971  -7.001  15.914 0.0000000000
80371  -52.537  -7.234  15.943 0.0000000000
80378  -52.119  -7.414  15.332 0.0000000000
80402  -50.968  -7.629  13.582 0.0000000000
83198  -50.222  -5.503  11.473 0.0000000000
86009  -56.177  -3.510  14.305 0.0000000000
86008  -55.553  -3.584  14.040 0.0000000000
91319  -55.249  0.035  13.037 0.0000000000
86022  -54.489  -3.657  13.268 0.0000000000
84610  -53.638  -4.238  13.097 0.0000000000
84627  -51.988  -4.347  12.055 0.0000000000
84626  -51.244  -4.601  11.738 0.0000000000
84625  -50.490  -4.641  11.271 0.0000000000
84652  -49.751  -4.178  9.382 0.0000000000
86061  -50.665  -3.360  9.545 0.0000000000
84666  -49.722  -4.102  8.513 0.0000000000
89992  -51.901  -0.520  9.392 0.0000000000
90008  -51.479  -0.684  8.009 0.0000000000
86094  -50.855  -3.779  6.375 0.0000000000
96711  -55.329  4.504  11.249 0.0000000000
95414  -55.558  3.863  10.344 0.0000000000
94103  -54.908  2.404  8.482 0.0000000000
92750  -54.708  2.111  8.006 0.0000000000
92727  -56.837  1.877  9.096 0.0000000000
91388  -54.874  0.712  7.045 0.0000000000
65555  -20.881  -18.522  38.249 0.0000000000
65572  -20.618  -18.726  37.324 0.0000000000
65589  -20.363  -18.846  36.410 0.0000000000
65604  -20.798  -18.344  35.963 0.0000000000
64292  -19.704  -19.097  32.391 0.0000000000
65647  -20.032  -18.551  32.726 0.0000000000
68231  -25.811  -16.673  36.973 0.0000000000
68260  -24.329  -16.531  35.389 0.0000000000
68297  -22.955  -16.645  33.698 0.0000000000
66969  -22.030  -16.917  30.541 0.0000000000
60455  -35.713  -21.707  35.357 0.0000000000
61752  -34.641  -21.572  34.553 0.0000000000
61751  -34.380  -21.283  34.409 0.0000000000
61776  -33.558  -21.507  32.728 0.0000000000
62974  -34.112  -20.526  33.719 0.0000000000
64280  -33.588  -19.864  32.499 0.0000000000
64294  -33.341  -19.545  32.146 0.0000000000
65673  -32.904  -18.786  31.147 0.0000000000
61798  -31.843  -21.476  30.352 0.0000000000
61815  -31.300  -21.607  29.669 0.0000000000
63024  -31.956  -20.395  30.229 0.0000000000
64309  -32.145  -19.521  30.201 0.0000000000
65672  -32.506  -18.945  30.499 0.0000000000
67007  -31.323  -18.053  29.014 0.0000000000
67006  -30.910  -17.420  28.537 0.0000000000
65729  -30.308  -18.543  27.622 0.0000000000
67027  -30.486  -17.930  27.904 0.0000000000
67026  -29.815  -17.323  27.464 0.0000000000
67050  -28.606  -17.246  26.292 0.0000000000
67073  -27.343  -17.407  25.410 0.0000000000
63108  -30.088  -20.850  24.948 0.0000000000
61885  -29.565  -21.880  24.764 0.0000000000
61899  -29.042  -21.798  24.051 0.0000000000
60616  -28.882  -22.425  24.499 0.0000000000
60598  -28.280  -22.667  24.758 0.0000000000
60584  -27.725  -22.586  25.008 0.0000000000
61884  -27.184  -22.334  24.846 0.0000000000
60613  -26.341  -22.535  23.241 0.0000000000
60596  -26.734  -22.521  23.901 0.0000000000
61869  -26.994  -21.817  24.869 0.0000000000
63091  -27.165  -21.432  25.049 0.0000000000
63105  -26.598  -21.009  24.656 0.0000000000
64386  -26.890  -20.118  24.645 0.0000000000
63116  -24.691  -21.324  23.601 0.0000000000
63103  -24.774  -20.634  23.885 0.0000000000
64385  -26.081  -19.824  24.228 0.0000000000
65776  -26.594  -18.889  24.679 0.0000000000
65775  -25.550  -18.826  24.487 0.0000000000
67072  -26.254  -17.755  24.968 0.0000000000
65757  -24.730  -18.644  24.991 0.0000000000
64362  -23.642  -19.867  25.201 0.0000000000
60477  -34.213  -21.884  33.515 0.0000000000
60480  -36.208  -21.380  33.560 0.0000000000
60492  -35.287  -21.486  32.663 0.0000000000
60514  -33.792  -21.758  30.682 0.0000000000
60526  -33.018  -21.931  29.879 0.0000000000
60564  -31.998  -22.130  28.307 0.0000000000
60576  -31.157  -22.454  27.686 0.0000000000
60587  -30.188  -22.578  26.572 0.0000000000
60609  -22.661  -23.112  23.621 0.0000000000
60610  -23.194  -22.686  23.249 0.0000000000
60611  -24.325  -22.475  22.895 0.0000000000
61733  -35.441  -20.842  36.873 0.0000000000
61744  -36.074  -21.668  35.761 0.0000000000
61745  -36.863  -21.428  35.344 0.0000000000
61747  -38.019  -20.702  34.600 0.0000000000
61753  -36.983  -21.355  34.462 0.0000000000
61754  -37.571  -20.871  34.182 0.0000000000
61762  -34.081  -21.418  33.691 0.0000000000
61764  -36.159  -21.251  33.239 0.0000000000
61766  -37.344  -20.801  33.784 0.0000000000
61778  -35.837  -21.093  32.608 0.0000000000
61787  -32.079  -21.806  30.961 0.0000000000
61788  -32.420  -21.533  31.337 0.0000000000
61816  -32.931  -21.819  29.532 0.0000000000
61817  -33.381  -21.402  29.876 0.0000000000
61818  -33.784  -21.314  30.290 0.0000000000
61848  -29.500  -21.726  27.533 0.0000000000
61849  -31.867  -21.888  27.774 0.0000000000
61868  -22.850  -21.328  25.190 0.0000000000
61870  -27.552  -22.073  25.295 0.0000000000
61881  -23.175  -21.709  24.160 0.0000000000
62964  -37.897  -20.609  34.117 0.0000000000
62965  -38.352  -20.364  34.310 0.0000000000
62966  -38.888  -19.721  34.273 0.0000000000
62975  -37.032  -20.684  33.269 0.0000000000
62978  -38.792  -19.499  34.021 0.0000000000
62992  -36.056  -20.686  32.400 0.0000000000
62994  -37.194  -20.013  32.963 0.0000000000
63007  -32.742  -20.670  31.481 0.0000000000
63009  -35.772  -20.445  31.828 0.0000000000
63027  -35.279  -20.305  31.175 0.0000000000
63057  -30.123  -20.687  28.020 0.0000000000
63093  -28.230  -21.007  25.907 0.0000000000
63104  -25.688  -20.850  24.117 0.0000000000
63106  -27.098  -20.852  24.993 0.0000000000
63115  -24.256  -21.458  23.531 0.0000000000
64166  -21.971  -18.163  40.318 0.0000000000
64181  -34.147  -19.107  38.374 0.0000000000
64223  -36.074  -20.245  36.402 0.0000000000
64238  -38.235  -19.730  35.310 0.0000000000
64239  -39.011  -19.302  35.114 0.0000000000
64240  -39.376  -18.752  35.182 0.0000000000
64254  -39.513  -18.863  35.000 0.0000000000
64268  -39.163  -19.214  34.068 0.0000000000
64279  -33.317  -19.904  32.093 0.0000000000
64282  -37.639  -19.424  32.903 0.0000000000
64293  -33.102  -19.735  31.658 0.0000000000
64297  -37.103  -19.188  32.365 0.0000000000
64323  -31.230  -20.007  29.143 0.0000000000
64326  -34.344  -19.813  29.762 0.0000000000
64341  -30.881  -19.649  28.564 0.0000000000
64344  -33.954  -19.475  29.026 0.0000000000
64372  -24.000  -19.993  24.510 0.0000000000
64373  -24.078  -19.203  25.044 0.0000000000
64383  -24.357  -20.211  24.105 0.0000000000
64387  -27.303  -20.412  25.092 0.0000000000
64389  -29.903  -19.965  24.726 0.0000000000
65514  -26.730  -17.065  40.249 0.0000000000
65530  -21.136  -18.360  38.938 0.0000000000
65534  -25.275  -17.305  39.714 0.0000000000
65608  -36.930  -19.280  35.157 0.0000000000
65628  -39.714  -18.334  34.704 0.0000000000
65640  -38.565  -18.591  33.391 0.0000000000
65648  -33.333  -18.403  32.862 0.0000000000
65660  -33.447  -19.347  32.408 0.0000000000
65661  -36.302  -18.672  31.505 0.0000000000
65691  -34.312  -18.798  29.078 0.0000000000
65711  -31.145  -18.598  28.740 0.0000000000
65713  -33.455  -18.902  28.000 0.0000000000
65727  -24.198  -18.950  26.321 0.0000000000
65742  -24.354  -18.626  25.820 0.0000000000
65744  -29.207  -18.608  26.467 0.0000000000
65758  -25.166  -18.482  24.743 0.0000000000
65759  -27.013  -18.148  24.958 0.0000000000
66844  -23.712  -17.390  39.228 0.0000000000
66849  -28.054  -17.246  39.095 0.0000000000
66905  -21.203  -17.924  36.342 0.0000000000
66911  -26.877  -16.519  36.970 0.0000000000
66928  -31.944  -17.483  35.182 0.0000000000
66931  -38.504  -18.375  35.172 0.0000000000
66946  -38.672  -17.282  35.114 0.0000000000
66965  -38.080  -17.475  32.813 0.0000000000
66979  -32.763  -18.254  31.140 0.0000000000
67048  -24.882  -17.878  25.982 0.0000000000
67091  -25.423  -18.362  24.735 0.0000000000
67092  -25.805  -18.302  24.718 0.0000000000
68308  -39.546  -16.522  33.657 0.0000000000
68324  -38.461  -16.571  32.888 0.0000000000
68338  -36.708  -16.934  31.482 0.0000000000
68352  -35.839  -16.918  30.382 0.0000000000
68353  -36.336  -16.577  30.822 0.0000000000
68365  -31.208  -16.898  29.864 0.0000000000
68367  -35.935  -16.450  30.264 0.0000000000
68377  -34.696  -16.824  28.468 0.0000000000
68386  -28.154  -16.269  27.355 0.0000000000
68400  -26.088  -16.612  26.381 0.0000000000
68419  -26.218  -17.023  25.622 0.0000000000
69539  -42.470  -14.288  32.744 0.0000000000
69549  -38.593  -15.969  32.688 0.0000000000
69562  -38.065  -15.610  32.167 0.0000000000
69572  -36.132  -15.761  30.027 0.0000000000
69591  -34.847  -15.386  27.493 0.0000000000
70721  -40.133  -14.450  35.704 0.0000000000
70740  -42.084  -13.710  34.669 0.0000000000
70793  -42.022  -14.284  32.051 0.0000000000
70816  -43.645  -13.410  31.105 0.0000000000
70833  -42.399  -13.614  30.687 0.0000000000
70856  -35.467  -14.974  27.786 0.0000000000
70870  -37.182  -13.604  25.835 0.0000000000
72101  -44.382  -13.043  32.137 0.0000000000
72112  -44.110  -13.167  31.400 0.0000000000
72122  -43.595  -13.397  30.835 0.0000000000
72163  -45.117  -12.433  29.228 0.0000000000
72180  -43.396  -12.550  28.505 0.0000000000
72182  -44.628  -12.492  28.789 0.0000000000
72210  -40.853  -12.855  26.777 0.0000000000
73511  -45.427  -12.095  29.197 0.0000000000
73519  -43.650  -12.438  27.930 0.0000000000
73521  -44.862  -12.323  28.460 0.0000000000
73523  -46.002  -11.654  28.295 0.0000000000
73533  -43.976  -12.307  27.505 0.0000000000
73535  -45.467  -11.790  27.818 0.0000000000
73546  -41.925  -12.522  26.702 0.0000000000
73549  -44.560  -11.902  26.907 0.0000000000
73563  -43.506  -12.001  26.130 0.0000000000
74796  -44.508  -11.165  32.744 0.0000000000
74853  -46.359  -11.091  28.763 0.0000000000
74854  -46.571  -10.872  28.549 0.0000000000
74865  -45.795  -11.752  28.864 0.0000000000
74880  -46.229  -11.477  27.891 0.0000000000
74881  -46.730  -11.062  28.131 0.0000000000
74892  -45.494  -11.476  26.984 0.0000000000
74894  -46.797  -10.984  27.595 0.0000000000
74905  -46.073  -10.983  26.566 0.0000000000
74935  -43.922  -11.195  24.204 0.0000000000
76277  -44.897  -10.153  29.239 0.0000000000
76279  -46.123  -10.797  28.790 0.0000000000
76280  -46.383  -10.751  28.639 0.0000000000
76332  -47.119  -10.517  27.050 0.0000000000
76346  -45.594  -10.672  25.473 0.0000000000
76382  -43.398  -11.022  23.200 0.0000000000
77593  -44.558  -9.622  29.078 0.0000000000
77608  -44.771  -9.265  28.511 0.0000000000
77626  -47.858  -9.256  27.353 0.0000000000
77642  -47.808  -9.443  27.038 0.0000000000
77654  -46.587  -9.598  25.440 0.0000000000
77681  -44.415  -9.636  23.522 0.0000000000
77761  -49.349  -8.928  13.640 0.0000000000
80317  -42.562  -8.039  21.283 0.0000000000
80336  -42.850  -7.257  21.000 0.0000000000
81682  -42.606  -6.924  18.849 0.0000000000
81729  -55.477  -5.645  16.004 0.0000000000
81738  -45.336  -5.507  16.141 0.0000000000
81762  -54.534  -5.768  15.361 0.0000000000
83069  -52.117  -6.066  18.399 0.0000000000
83088  -56.031  -5.543  16.637 0.0000000000
83121  -55.145  -5.355  15.351 0.0000000000
83122  -55.582  -5.107  15.479 0.0000000000
83165  -54.438  -5.062  14.484 0.0000000000
84557  -56.776  -3.920  15.685 0.0000000000
84569  -56.048  -4.506  15.231 0.0000000000
84570  -56.493  -4.192  15.363 0.0000000000
85997  -56.364  -3.899  14.734 0.0000000000
86023  -55.108  -3.414  13.601 0.0000000000
86038  -53.058  -3.420  11.958 0.0000000000
88666  -50.797  -2.246  8.111 0.0000000000
89947  -55.777  -0.834  13.352 0.0000000000
90031  -52.320  -0.321  6.897 0.0000000000
91385  -52.229  -0.224  7.108 0.0000000000
94074  -52.748  1.923  9.522 0.0000000000
94101  -53.427  2.163  8.481 0.0000000000
94127  -53.810  1.866  7.864 0.0000000000
95399  -56.695  4.400  11.079 0.0000000000
96703  -56.129  5.287  11.843 0.0000000000
96704  -56.446  5.289  11.435 0.0000000000
96721  -57.488  4.191  10.063 0.0000000000
96732  -57.621  4.066  9.451 0.0000000000
96747  -57.774  3.614  8.984 0.0000000000
97888  -56.425  5.740  10.063 0.0000000000
97918  -57.018  4.544  9.129 0.0000000000
99003  -56.129  6.267  11.845 0.0000000000
99042  -56.392  6.860  8.266 0.0000000000
101720  -56.689  8.458  9.164 0.0000000000
101733  -56.506  7.618  8.918 0.0000000000
