#!ascii label  , from subject 198451 vox2ras=TkReg
978
78976  -36.625  -9.404  22.721 0.0000000000
72185  -18.709  -13.510  26.971 0.0000000000
81565  -25.941  -7.184  23.771 0.0000000000
105469  -42.598  12.293  1.247 0.0000000000
106712  -48.432  12.667  -6.469 0.0000000000
73466  -10.268  -12.205  32.106 0.0000000000
103072  -40.063  9.256  7.104 0.0000000000
83045  -35.832  -5.855  19.445 0.0000000000
76378  -30.994  -11.190  23.432 0.0000000000
74840  -13.657  -12.080  29.527 0.0000000000
69531  -13.539  -15.898  33.187 0.0000000000
77720  -30.943  -9.746  19.541 0.0000000000
80349  -31.802  -7.858  17.875 0.0000000000
74927  -23.563  -11.091  23.633 0.0000000000
82981  -27.544  -4.941  21.518 0.0000000000
90003  -38.128  -1.607  8.102 0.0000000000
92809  -40.572  2.277  4.349 0.0000000000
100463  -42.207  6.799  2.462 0.0000000000
66878  -7.515  -17.440  37.453 0.0000000000
66809  -5.484  -17.981  41.882 0.0000000000
84531  -29.625  -4.962  16.677 0.0000000000
84574  -31.426  -4.802  13.923 0.0000000000
86045  -34.689  -3.685  10.140 0.0000000000
68275  -9.721  -16.903  34.221 0.0000000000
70840  -18.376  -14.963  29.268 0.0000000000
72169  -20.423  -14.453  28.035 0.0000000000
76381  -33.840  -10.739  22.761 0.0000000000
76284  -17.925  -9.898  28.041 0.0000000000
73513  -15.917  -12.981  28.072 0.0000000000
70822  -15.988  -15.378  30.166 0.0000000000
80330  -30.149  -8.492  20.430 0.0000000000
79015  -28.875  -8.812  20.253 0.0000000000
92778  -37.628  1.754  6.364 0.0000000000
91399  -39.581  -0.179  5.736 0.0000000000
94143  -39.146  2.964  5.405 0.0000000000
101799  -39.398  8.542  3.881 0.0000000000
103122  -40.791  9.217  1.181 0.0000000000
100496  -43.537  7.342  0.186 0.0000000000
103152  -42.707  9.894  -1.018 0.0000000000
104360  -43.925  10.556  -2.981 0.0000000000
83043  -30.178  -5.704  18.855 0.0000000000
83076  -30.982  -5.958  16.726 0.0000000000
85902  -28.558  -3.879  18.914 0.0000000000
87294  -28.884  -2.616  14.443 0.0000000000
87324  -30.710  -2.537  12.641 0.0000000000
84603  -33.047  -5.110  11.783 0.0000000000
87354  -33.189  -2.457  10.300 0.0000000000
89982  -34.078  -0.569  9.407 0.0000000000
80275  -24.738  -8.075  23.498 0.0000000000
69509  -7.910  -15.155  34.600 0.0000000000
69527  -9.632  -15.352  32.959 0.0000000000
62882  -6.029  -20.857  43.356 0.0000000000
62877  -5.538  -20.843  44.029 0.0000000000
97928  -39.367  5.990  7.432 0.0000000000
85883  -34.848  -3.786  19.392 0.0000000000
78975  -28.056  -9.153  23.204 0.0000000000
73480  -11.961  -12.618  30.685 0.0000000000
70781  -11.462  -14.792  31.464 0.0000000000
70819  -13.360  -14.502  30.252 0.0000000000
105552  -50.102  11.462  -7.761 0.0000000000
76413  -34.127  -10.141  20.940 0.0000000000
77731  -33.979  -9.315  18.958 0.0000000000
77729  -32.434  -9.316  18.872 0.0000000000
76335  -19.688  -11.115  25.675 0.0000000000
73555  -21.805  -12.726  24.950 0.0000000000
77645  -22.048  -9.187  24.933 0.0000000000
81582  -22.530  -7.231  23.767 0.0000000000
84458  -24.443  -4.412  22.932 0.0000000000
85823  -26.378  -3.238  23.196 0.0000000000
81602  -26.457  -6.421  22.080 0.0000000000
77707  -27.535  -9.268  21.001 0.0000000000
76410  -30.936  -11.260  21.573 0.0000000000
88643  -39.482  -2.401  9.397 0.0000000000
97953  -39.702  5.496  5.292 0.0000000000
97965  -41.457  5.406  4.459 0.0000000000
103177  -45.775  10.288  -4.111 0.0000000000
66837  -6.599  -18.020  39.579 0.0000000000
62901  -6.970  -20.614  41.427 0.0000000000
80362  -34.182  -7.443  17.738 0.0000000000
84534  -33.157  -4.759  17.421 0.0000000000
85923  -31.606  -3.660  16.864 0.0000000000
88531  -27.841  -2.453  16.476 0.0000000000
85968  -30.202  -4.007  15.209 0.0000000000
85971  -33.463  -4.075  15.732 0.0000000000
83107  -34.583  -5.652  14.844 0.0000000000
83175  -36.725  -5.875  12.228 0.0000000000
86049  -37.961  -4.029  10.907 0.0000000000
88641  -36.879  -2.001  9.197 0.0000000000
91361  -36.268  0.566  7.925 0.0000000000
72190  -23.840  -13.666  27.062 0.0000000000
69478  -7.058  -15.259  36.406 0.0000000000
68238  -8.652  -17.393  35.939 0.0000000000
69512  -11.385  -16.598  34.024 0.0000000000
61693  -4.573  -21.544  44.035 0.0000000000
72167  -18.042  -13.930  27.669 0.0000000000
72149  -19.399  -14.623  28.714 0.0000000000
72186  -19.815  -13.909  27.017 0.0000000000
77678  -34.741  -10.141  22.332 0.0000000000
74885  -17.812  -11.876  26.736 0.0000000000
74858  -16.698  -11.404  27.362 0.0000000000
73526  -17.575  -12.918  27.123 0.0000000000
72166  -17.127  -14.120  28.064 0.0000000000
94133  -38.070  2.778  6.591 0.0000000000
92779  -38.159  1.763  5.896 0.0000000000
94134  -38.692  3.390  6.494 0.0000000000
105456  -42.097  11.983  2.062 0.0000000000
105446  -40.732  10.843  2.564 0.0000000000
105467  -41.511  10.783  1.262 0.0000000000
103135  -41.948  9.303  0.315 0.0000000000
105479  -42.272  11.220  -0.218 0.0000000000
105485  -42.658  11.007  -1.050 0.0000000000
85903  -29.168  -4.390  19.131 0.0000000000
89917  -30.298  -0.825  13.128 0.0000000000
87340  -31.969  -2.802  11.740 0.0000000000
87326  -32.126  -2.060  11.971 0.0000000000
88621  -33.115  -1.214  10.680 0.0000000000
81564  -25.440  -7.564  23.882 0.0000000000
80259  -25.607  -8.239  24.564 0.0000000000
81544  -26.015  -7.672  24.724 0.0000000000
72074  -8.984  -12.974  33.549 0.0000000000
72092  -9.832  -13.187  32.530 0.0000000000
104385  -48.145  10.923  -5.742 0.0000000000
62878  -5.956  -21.093  43.813 0.0000000000
83005  -37.399  -5.888  20.788 0.0000000000
84507  -35.220  -4.810  19.302 0.0000000000
76395  -28.709  -10.267  22.926 0.0000000000
76341  -31.909  -11.112  25.293 0.0000000000
74831  -14.620  -11.275  29.142 0.0000000000
74817  -13.702  -10.938  30.242 0.0000000000
74816  -12.976  -11.086  30.514 0.0000000000
73490  -12.597  -12.761  30.165 0.0000000000
72116  -12.229  -13.742  30.539 0.0000000000
72128  -13.617  -13.761  29.682 0.0000000000
70804  -16.792  -15.480  31.319 0.0000000000
70803  -15.662  -15.609  31.333 0.0000000000
76423  -32.298  -10.556  20.096 0.0000000000
76431  -32.968  -9.806  19.284 0.0000000000
77728  -31.633  -9.563  19.194 0.0000000000
76321  -20.388  -9.877  26.374 0.0000000000
74899  -20.907  -10.855  25.128 0.0000000000
77629  -21.715  -8.790  26.037 0.0000000000
81543  -22.339  -6.278  25.255 0.0000000000
84433  -22.993  -5.102  24.293 0.0000000000
82958  -23.445  -6.201  23.252 0.0000000000
84448  -23.677  -4.381  23.708 0.0000000000
84461  -27.728  -3.864  23.064 0.0000000000
84471  -27.160  -4.191  22.023 0.0000000000
84470  -26.370  -4.352  22.267 0.0000000000
81622  -26.863  -6.196  21.493 0.0000000000
80307  -26.760  -6.807  21.251 0.0000000000
80308  -27.007  -7.497  20.832 0.0000000000
77719  -30.220  -9.891  19.989 0.0000000000
77718  -29.333  -9.816  20.318 0.0000000000
76422  -31.152  -10.643  20.230 0.0000000000
76411  -32.144  -10.965  21.120 0.0000000000
88659  -38.825  -2.045  8.788 0.0000000000
88661  -40.523  -2.390  8.406 0.0000000000
88681  -39.607  -1.860  7.648 0.0000000000
91415  -40.036  0.448  5.234 0.0000000000
90060  -40.996  -0.459  5.583 0.0000000000
101746  -39.439  7.783  7.541 0.0000000000
97952  -39.300  5.577  6.040 0.0000000000
101776  -39.125  8.129  6.128 0.0000000000
100448  -40.213  7.719  3.242 0.0000000000
100427  -40.440  7.040  4.447 0.0000000000
100429  -42.270  6.603  3.948 0.0000000000
96797  -43.797  4.348  4.276 0.0000000000
103170  -45.367  9.640  -3.480 0.0000000000
105506  -45.361  11.847  -4.430 0.0000000000
105512  -45.940  11.987  -4.933 0.0000000000
68227  -6.734  -16.342  37.690 0.0000000000
68215  -6.084  -16.749  39.325 0.0000000000
66856  -7.043  -17.709  38.541 0.0000000000
64146  -7.222  -20.055  40.777 0.0000000000
62889  -7.656  -21.544  42.823 0.0000000000
79036  -32.771  -8.399  17.783 0.0000000000
79038  -34.554  -8.247  18.612 0.0000000000
79044  -33.111  -7.990  17.408 0.0000000000
83075  -29.938  -5.606  17.006 0.0000000000
83077  -32.270  -5.815  16.685 0.0000000000
84533  -31.918  -4.754  16.727 0.0000000000
85924  -32.672  -3.784  17.432 0.0000000000
85922  -30.854  -4.087  16.468 0.0000000000
88523  -28.136  -1.192  17.209 0.0000000000
85990  -29.421  -3.303  14.036 0.0000000000
85967  -29.207  -3.586  14.962 0.0000000000
85992  -30.785  -4.468  14.602 0.0000000000
85969  -31.269  -4.004  15.443 0.0000000000
84560  -31.817  -4.572  14.792 0.0000000000
84562  -33.834  -4.898  15.284 0.0000000000
84575  -32.377  -5.356  14.159 0.0000000000
84620  -34.373  -4.958  10.898 0.0000000000
83173  -34.647  -6.198  12.065 0.0000000000
84621  -35.277  -5.105  11.003 0.0000000000
84623  -37.550  -4.941  11.553 0.0000000000
86047  -36.606  -4.079  10.500 0.0000000000
87374  -37.131  -2.869  9.662 0.0000000000
87373  -36.137  -2.518  9.540 0.0000000000
92714  -33.969  1.311  9.479 0.0000000000
91345  -35.429  0.447  8.441 0.0000000000
92737  -35.316  1.610  8.404 0.0000000000
73569  -23.200  -12.356  24.331 0.0000000000
72204  -22.521  -13.620  26.322 0.0000000000
73557  -24.073  -12.945  24.994 0.0000000000
69510  -8.681  -15.639  33.719 0.0000000000
68255  -8.142  -16.600  35.400 0.0000000000
68256  -9.067  -16.989  34.957 0.0000000000
69543  -11.991  -15.695  32.090 0.0000000000
69529  -11.710  -16.138  32.940 0.0000000000
69530  -12.644  -16.022  33.048 0.0000000000
70824  -18.077  -15.188  30.218 0.0000000000
70825  -19.087  -14.960  30.336 0.0000000000
70843  -20.938  -14.989  30.041 0.0000000000
72152  -22.410  -14.509  29.234 0.0000000000
76380  -32.826  -11.157  23.091 0.0000000000
76342  -32.888  -11.591  25.162 0.0000000000
76262  -16.832  -9.826  28.760 0.0000000000
74843  -15.729  -11.333  28.202 0.0000000000
73502  -14.563  -12.780  28.980 0.0000000000
72145  -14.181  -13.472  29.293 0.0000000000
72147  -15.727  -14.036  28.567 0.0000000000
70838  -16.280  -15.009  29.188 0.0000000000
79017  -30.413  -9.043  19.862 0.0000000000
79018  -31.062  -8.734  19.421 0.0000000000
82982  -28.433  -5.311  21.813 0.0000000000
81646  -28.068  -7.123  20.629 0.0000000000
80329  -29.536  -8.124  20.606 0.0000000000
90023  -37.558  -0.112  7.133 0.0000000000
90041  -38.706  -0.453  6.311 0.0000000000
91398  -38.771  0.473  5.852 0.0000000000
91414  -39.274  1.117  5.234 0.0000000000
94156  -39.741  2.716  4.691 0.0000000000
101785  -39.199  8.372  4.984 0.0000000000
104289  -39.587  10.121  3.863 0.0000000000
103112  -39.965  9.199  2.215 0.0000000000
100480  -41.136  7.748  1.439 0.0000000000
99146  -42.520  6.668  1.348 0.0000000000
101835  -41.848  8.369  0.506 0.0000000000
101846  -43.168  8.381  -0.388 0.0000000000
101862  -44.099  8.582  -1.409 0.0000000000
103160  -43.516  9.989  -2.026 0.0000000000
105498  -43.580  11.289  -2.589 0.0000000000
66857  -8.122  -18.414  38.030 0.0000000000
65549  -7.702  -18.827  38.621 0.0000000000
64170  -9.014  -19.451  39.602 0.0000000000
81663  -30.603  -6.301  18.304 0.0000000000
80348  -31.689  -7.272  17.372 0.0000000000
83060  -30.220  -6.144  17.689 0.0000000000
83059  -29.398  -5.500  17.928 0.0000000000
83058  -29.002  -5.159  17.472 0.0000000000
89869  -28.827  -0.592  14.754 0.0000000000
88553  -29.348  -1.023  13.721 0.0000000000
87312  -29.762  -2.536  13.339 0.0000000000
86003  -30.704  -3.947  13.143 0.0000000000
84588  -32.017  -5.241  13.208 0.0000000000
84601  -31.488  -4.114  12.447 0.0000000000
84618  -32.745  -4.091  11.424 0.0000000000
86044  -33.695  -3.683  10.352 0.0000000000
87371  -34.602  -1.902  9.543 0.0000000000
88622  -33.645  -1.530  9.990 0.0000000000
77674  -24.373  -9.855  23.369 0.0000000000
76354  -25.035  -11.219  23.891 0.0000000000
77660  -25.324  -10.192  24.024 0.0000000000
69511  -10.074  -16.375  33.537 0.0000000000
64124  -5.849  -20.077  42.339 0.0000000000
66797  -5.281  -17.900  42.426 0.0000000000
64115  -5.581  -20.073  42.855 0.0000000000
65432  -5.142  -18.842  43.448 0.0000000000
65431  -5.051  -18.573  43.411 0.0000000000
87218  -34.010  -3.078  18.379 0.0000000000
80276  -27.058  -7.703  23.102 0.0000000000
80260  -27.528  -7.997  24.302 0.0000000000
74800  -11.932  -10.853  31.715 0.0000000000
73467  -10.976  -12.285  31.532 0.0000000000
72103  -10.389  -13.428  31.914 0.0000000000
72115  -11.616  -13.728  30.973 0.0000000000
70799  -12.018  -14.505  31.005 0.0000000000
69557  -13.515  -15.515  31.491 0.0000000000
70820  -14.042  -14.697  30.154 0.0000000000
69558  -14.262  -15.543  31.671 0.0000000000
69546  -14.754  -15.734  32.574 0.0000000000
106713  -49.155  12.618  -6.883 0.0000000000
77694  -34.724  -9.875  21.394 0.0000000000
77711  -35.271  -9.241  20.947 0.0000000000
77709  -33.914  -10.039  20.200 0.0000000000
77730  -33.285  -9.536  18.934 0.0000000000
77735  -32.548  -8.873  18.355 0.0000000000
79027  -31.657  -9.082  18.924 0.0000000000
80340  -31.368  -7.481  18.922 0.0000000000
81679  -31.339  -7.199  18.144 0.0000000000
83044  -30.905  -5.515  19.690 0.0000000000
74896  -19.145  -11.835  25.848 0.0000000000
73542  -19.724  -12.972  25.919 0.0000000000
74898  -20.525  -11.589  25.164 0.0000000000
74909  -21.556  -11.316  24.660 0.0000000000
76352  -22.992  -10.382  23.877 0.0000000000
80241  -21.912  -7.489  25.147 0.0000000000
78958  -22.135  -8.460  24.315 0.0000000000
77672  -22.957  -9.072  23.384 0.0000000000
80274  -23.605  -7.845  23.084 0.0000000000
81584  -23.906  -6.870  23.032 0.0000000000
81585  -24.968  -6.788  22.995 0.0000000000
85799  -25.001  -3.028  24.605 0.0000000000
84449  -24.618  -3.534  23.634 0.0000000000
82960  -25.117  -5.346  22.508 0.0000000000
81586  -25.872  -6.530  22.749 0.0000000000
80290  -26.537  -7.412  21.884 0.0000000000
77692  -27.533  -9.403  21.683 0.0000000000
76397  -29.719  -10.993  22.322 0.0000000000
79014  -28.042  -8.558  20.350 0.0000000000
76420  -29.147  -10.458  20.974 0.0000000000
76398  -31.248  -11.224  22.693 0.0000000000
76400  -33.056  -10.929  21.956 0.0000000000
76401  -33.999  -10.447  21.701 0.0000000000
76304  -18.737  -10.176  27.025 0.0000000000
88696  -40.585  -1.745  6.789 0.0000000000
95477  -38.978  4.209  6.369 0.0000000000
95485  -39.565  3.948  5.369 0.0000000000
95486  -40.229  3.870  4.753 0.0000000000
100415  -39.857  6.711  5.122 0.0000000000
97964  -40.512  5.458  4.802 0.0000000000
95498  -41.060  3.750  4.395 0.0000000000
95500  -43.034  3.581  4.116 0.0000000000
104375  -47.007  10.632  -4.961 0.0000000000
105514  -47.276  11.169  -5.328 0.0000000000
107936  -47.170  13.570  -5.861 0.0000000000
68208  -5.789  -16.828  40.295 0.0000000000
66823  -6.017  -17.996  40.545 0.0000000000
65524  -7.479  -19.138  39.357 0.0000000000
65488  -6.316  -18.991  40.912 0.0000000000
64134  -6.203  -19.905  41.780 0.0000000000
62888  -6.563  -21.061  42.963 0.0000000000
79021  -35.583  -8.255  20.406 0.0000000000
80341  -35.575  -7.522  19.519 0.0000000000
81680  -34.921  -6.614  18.205 0.0000000000
81698  -32.553  -6.694  16.839 0.0000000000
83079  -33.963  -5.916  17.540 0.0000000000
84521  -34.827  -5.358  18.610 0.0000000000
84519  -33.710  -4.254  18.061 0.0000000000
87217  -33.209  -3.312  17.907 0.0000000000
87242  -32.887  -2.826  17.541 0.0000000000
87215  -28.027  -3.204  18.110 0.0000000000
84545  -28.548  -4.304  16.587 0.0000000000
87276  -28.338  -2.783  15.265 0.0000000000
85943  -28.639  -3.767  15.920 0.0000000000
84547  -30.016  -4.363  16.316 0.0000000000
85945  -30.664  -3.757  16.131 0.0000000000
85946  -31.941  -3.375  16.279 0.0000000000
83150  -33.866  -6.182  12.892 0.0000000000
81749  -36.367  -6.534  13.907 0.0000000000
88623  -38.562  -2.892  10.088 0.0000000000
88642  -38.223  -2.482  9.572 0.0000000000
89985  -37.487  -1.621  8.638 0.0000000000
88640  -35.740  -1.589  9.146 0.0000000000
89984  -36.351  -0.722  8.669 0.0000000000
90002  -37.139  -0.579  7.782 0.0000000000
92739  -36.522  1.411  7.521 0.0000000000
94116  -37.221  2.887  7.635 0.0000000000
72187  -20.937  -14.021  27.065 0.0000000000
72171  -22.697  -14.266  28.126 0.0000000000
73528  -25.377  -13.211  26.739 0.0000000000
68236  -6.849  -15.890  36.959 0.0000000000
69494  -7.498  -15.512  35.417 0.0000000000
68237  -7.521  -16.618  36.236 0.0000000000
66898  -7.662  -17.060  36.851 0.0000000000
66879  -8.703  -18.140  37.337 0.0000000000
70780  -10.725  -14.652  31.942 0.0000000000
69528  -10.592  -15.775  32.671 0.0000000000
68276  -10.692  -16.969  34.440 0.0000000000
61685  -5.501  -22.062  44.700 0.0000000000
62869  -5.191  -21.239  44.442 0.0000000000
64108  -4.285  -19.637  43.998 0.0000000000
78988  -36.249  -9.165  22.067 0.0000000000
72168  -19.237  -14.320  28.032 0.0000000000
77679  -35.726  -9.853  22.820 0.0000000000
73540  -18.326  -12.674  26.658 0.0000000000
74884  -17.573  -12.293  26.972 0.0000000000
73527  -18.178  -13.114  26.984 0.0000000000
94118  -38.948  3.670  7.715 0.0000000000
95462  -39.193  4.066  7.393 0.0000000000
105455  -41.279  10.988  1.853 0.0000000000
105468  -41.962  11.312  0.959 0.0000000000
105480  -42.701  12.045  0.247 0.0000000000
73456  -9.725  -11.984  32.673 0.0000000000
72091  -9.441  -12.849  33.037 0.0000000000
106701  -48.056  12.132  -6.118 0.0000000000
104386  -48.628  10.553  -5.969 0.0000000000
105526  -48.531  11.551  -6.211 0.0000000000
83046  -36.033  -5.382  19.826 0.0000000000
84493  -36.041  -4.727  20.027 0.0000000000
84508  -35.725  -5.214  19.730 0.0000000000
76377  -30.071  -10.917  23.285 0.0000000000
76357  -30.713  -10.840  24.234 0.0000000000
76358  -31.515  -11.074  24.266 0.0000000000
74841  -14.212  -11.923  29.082 0.0000000000
74830  -13.972  -11.249  29.576 0.0000000000
74829  -13.279  -11.846  30.102 0.0000000000
73491  -13.223  -12.806  29.712 0.0000000000
76429  -31.661  -10.157  19.633 0.0000000000
76430  -32.348  -10.004  19.419 0.0000000000
76322  -20.983  -9.190  26.560 0.0000000000
84421  -23.677  -3.944  25.882 0.0000000000
84420  -23.170  -4.589  25.608 0.0000000000
84434  -23.205  -4.544  24.786 0.0000000000
84447  -23.206  -4.897  23.989 0.0000000000
84435  -24.006  -3.629  24.663 0.0000000000
84472  -27.983  -4.479  22.113 0.0000000000
83000  -27.198  -5.602  21.267 0.0000000000
81623  -27.285  -6.346  20.873 0.0000000000
88680  -38.907  -1.856  7.988 0.0000000000
92791  -40.833  1.353  4.663 0.0000000000
91416  -41.367  0.363  5.045 0.0000000000
92810  -41.554  2.060  4.240 0.0000000000
101768  -39.611  8.507  7.161 0.0000000000
100408  -39.090  7.229  6.642 0.0000000000
103071  -39.406  8.640  6.695 0.0000000000
100449  -41.373  7.136  3.373 0.0000000000
100450  -42.541  6.848  3.480 0.0000000000
99110  -42.669  6.495  3.903 0.0000000000
106682  -45.102  12.724  -4.123 0.0000000000
66877  -6.935  -17.004  38.043 0.0000000000
79045  -33.366  -8.115  17.589 0.0000000000
80360  -32.611  -7.585  17.151 0.0000000000
84532  -30.652  -4.733  16.577 0.0000000000
84573  -30.609  -4.352  13.745 0.0000000000
85991  -29.997  -3.956  14.312 0.0000000000
84635  -34.149  -4.287  10.608 0.0000000000
84636  -34.993  -4.445  10.535 0.0000000000
84637  -35.817  -4.536  10.662 0.0000000000
86046  -35.648  -3.868  10.219 0.0000000000
87357  -36.380  -3.355  9.886 0.0000000000
87356  -35.378  -3.085  9.702 0.0000000000
74911  -23.977  -11.841  23.946 0.0000000000
68239  -10.113  -17.684  36.248 0.0000000000
68257  -10.342  -17.194  35.181 0.0000000000
69544  -12.923  -15.737  31.989 0.0000000000
68199  -5.532  -16.824  41.251 0.0000000000
68198  -5.418  -17.227  41.701 0.0000000000
81628  -37.339  -6.998  20.981 0.0000000000
72150  -19.963  -14.761  28.840 0.0000000000
70842  -20.370  -14.975  29.762 0.0000000000
72151  -21.150  -14.747  29.360 0.0000000000
72131  -22.177  -14.525  30.364 0.0000000000
72170  -21.589  -14.378  28.155 0.0000000000
76360  -33.671  -11.318  23.966 0.0000000000
74857  -16.087  -11.846  27.639 0.0000000000
76282  -15.990  -11.111  28.002 0.0000000000
74856  -15.572  -12.351  28.189 0.0000000000
74842  -15.132  -11.755  28.521 0.0000000000
73503  -15.233  -12.961  28.508 0.0000000000
70849  -17.879  -14.656  28.416 0.0000000000
72148  -16.532  -14.426  28.558 0.0000000000
70839  -17.291  -15.136  28.968 0.0000000000
70823  -17.037  -15.318  30.177 0.0000000000
79002  -30.744  -8.349  20.447 0.0000000000
81604  -28.740  -5.862  21.591 0.0000000000
80311  -30.356  -7.665  21.171 0.0000000000
91380  -37.686  0.479  6.450 0.0000000000
91397  -38.021  1.115  6.100 0.0000000000
94142  -38.447  2.567  5.856 0.0000000000
92789  -38.829  1.792  5.411 0.0000000000
92790  -39.720  1.867  4.790 0.0000000000
104290  -40.272  10.953  4.224 0.0000000000
104312  -40.922  10.439  1.857 0.0000000000
104310  -39.875  9.603  2.503 0.0000000000
103121  -40.374  9.220  1.693 0.0000000000
101820  -40.302  8.586  1.964 0.0000000000
101821  -40.699  8.546  1.483 0.0000000000
100494  -41.532  7.919  0.899 0.0000000000
101834  -41.157  8.452  0.977 0.0000000000
103141  -42.549  9.415  -0.516 0.0000000000
101845  -42.442  8.697  0.044 0.0000000000
103153  -43.306  9.470  -1.471 0.0000000000
104350  -42.790  10.325  -1.271 0.0000000000
106658  -43.440  12.419  -1.426 0.0000000000
105492  -42.994  11.337  -1.820 0.0000000000
84518  -29.091  -4.851  18.652 0.0000000000
84517  -28.593  -4.709  17.872 0.0000000000
87313  -30.253  -2.145  13.007 0.0000000000
87323  -30.236  -2.798  13.022 0.0000000000
86014  -30.476  -3.131  12.906 0.0000000000
86015  -30.875  -3.563  12.626 0.0000000000
86016  -31.666  -3.599  12.038 0.0000000000
87341  -32.527  -2.147  11.264 0.0000000000
86030  -32.289  -3.514  11.507 0.0000000000
86031  -32.886  -3.477  10.893 0.0000000000
89968  -33.506  -0.433  10.056 0.0000000000
78973  -24.802  -9.349  23.608 0.0000000000
77675  -24.834  -9.959  23.595 0.0000000000
78959  -25.442  -9.138  24.369 0.0000000000
70765  -9.214  -14.093  33.016 0.0000000000
70743  -8.492  -13.976  33.583 0.0000000000
65457  -5.458  -18.953  42.670 0.0000000000
64110  -5.445  -19.990  43.397 0.0000000000
64109  -5.240  -19.975  43.677 0.0000000000
64103  -5.150  -20.232  43.833 0.0000000000
85862  -35.345  -3.980  19.741 0.0000000000
87172  -35.357  -3.421  19.796 0.0000000000
87190  -35.099  -2.868  19.347 0.0000000000
87189  -34.338  -3.427  19.052 0.0000000000
78960  -27.730  -8.441  23.683 0.0000000000
74815  -12.226  -11.411  30.860 0.0000000000
73468  -11.617  -11.977  31.119 0.0000000000
73479  -11.407  -12.864  31.129 0.0000000000
72127  -12.876  -13.776  30.090 0.0000000000
70800  -12.799  -14.856  30.861 0.0000000000
70837  -15.480  -14.737  29.317 0.0000000000
72129  -14.257  -14.181  29.573 0.0000000000
70821  -14.931  -14.899  30.022 0.0000000000
70783  -15.862  -15.779  32.113 0.0000000000
69559  -15.070  -15.680  31.849 0.0000000000
77710  -34.600  -9.638  20.589 0.0000000000
79019  -31.478  -7.818  19.723 0.0000000000
81664  -31.132  -6.392  19.129 0.0000000000
76334  -19.323  -11.449  25.775 0.0000000000
74897  -19.692  -11.787  25.574 0.0000000000
76337  -21.287  -10.015  25.446 0.0000000000
76351  -22.221  -10.285  24.410 0.0000000000
81563  -22.454  -6.495  24.214 0.0000000000
81562  -22.262  -7.251  24.254 0.0000000000
80272  -22.357  -7.818  23.943 0.0000000000
78970  -22.663  -8.534  23.625 0.0000000000
80273  -22.836  -7.805  23.383 0.0000000000
78971  -23.243  -8.631  23.220 0.0000000000
81583  -22.999  -6.833  23.320 0.0000000000
82959  -23.921  -5.546  23.080 0.0000000000
85813  -26.706  -3.060  23.918 0.0000000000
85801  -27.193  -2.887  24.686 0.0000000000
85800  -26.066  -2.638  24.637 0.0000000000
85812  -25.679  -3.012  23.715 0.0000000000
82979  -25.841  -4.827  22.146 0.0000000000
82961  -25.862  -5.661  22.064 0.0000000000
81587  -26.422  -7.065  22.573 0.0000000000
78984  -27.152  -8.561  21.513 0.0000000000
76407  -28.590  -10.297  22.081 0.0000000000
76419  -28.577  -10.255  21.354 0.0000000000
80328  -28.635  -7.541  20.576 0.0000000000
76421  -30.048  -10.685  20.642 0.0000000000
76409  -29.879  -10.961  21.611 0.0000000000
76399  -32.014  -11.128  22.298 0.0000000000
76412  -33.276  -10.572  20.806 0.0000000000
76320  -19.562  -10.346  26.238 0.0000000000
76305  -19.605  -9.725  27.132 0.0000000000
76319  -18.841  -11.102  26.206 0.0000000000
88625  -40.230  -2.546  10.114 0.0000000000
88645  -41.356  -2.501  9.072 0.0000000000
90042  -39.490  -1.003  6.243 0.0000000000
97947  -39.435  5.283  7.495 0.0000000000
96776  -39.278  4.858  7.221 0.0000000000
96782  -39.337  4.819  5.733 0.0000000000
96783  -39.984  4.690  5.058 0.0000000000
103094  -39.264  9.327  4.497 0.0000000000
100426  -39.637  7.807  4.250 0.0000000000
99091  -41.103  6.236  4.610 0.0000000000
96794  -40.800  4.614  4.568 0.0000000000
96795  -41.756  4.519  4.360 0.0000000000
95499  -42.004  3.669  4.141 0.0000000000
96796  -42.762  4.426  4.318 0.0000000000
95501  -44.082  3.517  4.255 0.0000000000
99147  -43.219  6.630  0.971 0.0000000000
103162  -45.051  9.072  -2.860 0.0000000000
103171  -46.253  9.151  -3.724 0.0000000000
103178  -46.504  9.674  -4.298 0.0000000000
106690  -46.250  12.716  -5.193 0.0000000000
105513  -46.758  11.745  -5.293 0.0000000000
105524  -47.233  12.204  -5.669 0.0000000000
64169  -8.330  -19.644  39.565 0.0000000000
64157  -7.855  -19.861  40.081 0.0000000000
64145  -6.478  -19.734  41.259 0.0000000000
62895  -6.703  -20.938  42.146 0.0000000000
61705  -7.555  -21.713  43.436 0.0000000000
77723  -35.063  -9.121  20.255 0.0000000000
79020  -34.976  -8.747  19.773 0.0000000000
80350  -34.092  -7.713  17.806 0.0000000000
80352  -35.004  -7.773  18.935 0.0000000000
80351  -34.576  -7.488  18.192 0.0000000000
81681  -35.479  -6.875  18.801 0.0000000000
81697  -31.713  -6.663  16.945 0.0000000000
80359  -32.120  -7.086  17.040 0.0000000000
83078  -33.213  -5.881  17.052 0.0000000000
84535  -33.679  -5.319  17.508 0.0000000000
84520  -34.246  -4.806  18.277 0.0000000000
88522  -27.823  -2.215  16.979 0.0000000000
88504  -27.805  -2.196  17.877 0.0000000000
87240  -27.789  -2.870  17.471 0.0000000000
85921  -27.956  -3.673  17.425 0.0000000000
85942  -28.144  -3.729  16.663 0.0000000000
88537  -28.424  -1.708  14.704 0.0000000000
85944  -29.616  -3.967  15.818 0.0000000000
85970  -32.394  -3.983  15.619 0.0000000000
85947  -33.046  -3.367  16.285 0.0000000000
87260  -32.710  -2.872  16.754 0.0000000000
84577  -34.175  -5.435  14.840 0.0000000000
83171  -32.898  -5.365  12.077 0.0000000000
83149  -32.778  -5.757  12.684 0.0000000000
83174  -35.664  -6.094  12.312 0.0000000000
83151  -35.031  -6.318  13.108 0.0000000000
83152  -36.115  -6.370  13.194 0.0000000000
86033  -37.521  -4.468  11.058 0.0000000000
84624  -38.002  -4.914  11.943 0.0000000000
86034  -38.399  -4.299  11.520 0.0000000000
87342  -38.750  -3.862  11.151 0.0000000000
87359  -38.431  -3.492  10.479 0.0000000000
89986  -38.217  -1.897  8.818 0.0000000000
88638  -34.156  -1.501  9.557 0.0000000000
87372  -35.156  -2.181  9.478 0.0000000000
88639  -34.790  -1.400  9.300 0.0000000000
89983  -35.106  -0.595  8.935 0.0000000000
91346  -36.116  0.022  8.292 0.0000000000
90001  -36.477  -0.175  8.183 0.0000000000
91362  -36.979  0.562  7.239 0.0000000000
92763  -36.544  2.336  7.693 0.0000000000
72214  -20.649  -12.869  25.466 0.0000000000
72202  -20.386  -13.355  26.055 0.0000000000
72215  -21.227  -13.105  25.463 0.0000000000
72205  -23.377  -13.581  26.316 0.0000000000
72189  -23.001  -13.848  27.177 0.0000000000
72172  -23.641  -13.992  28.013 0.0000000000
76338  -25.838  -11.169  24.727 0.0000000000
74901  -25.153  -12.209  24.780 0.0000000000
73544  -25.516  -12.795  25.810 0.0000000000
81546  -27.158  -7.687  24.480 0.0000000000
69477  -6.670  -14.960  37.078 0.0000000000
70724  -7.676  -14.162  35.222 0.0000000000
66899  -8.196  -17.478  36.712 0.0000000000
66900  -9.130  -17.904  36.656 0.0000000000
72104  -11.029  -13.654  31.426 0.0000000000
106719  -49.704  12.568  -7.296 0.0000000000
60392  -4.920  -22.251  44.268 0.0000000000
61694  -4.869  -21.550  44.448 0.0000000000
62876  -4.570  -20.469  44.108 0.0000000000
64102  -4.733  -20.081  44.001 0.0000000000
70850  -18.642  -14.509  28.573 0.0000000000
77664  -34.714  -10.522  23.401 0.0000000000
76303  -17.832  -10.953  27.028 0.0000000000
76302  -17.126  -11.268  27.229 0.0000000000
74872  -17.478  -11.487  27.075 0.0000000000
74870  -16.749  -12.307  27.498 0.0000000000
73514  -16.754  -12.993  27.659 0.0000000000
72165  -16.371  -13.738  28.128 0.0000000000
73515  -17.338  -13.523  27.571 0.0000000000
105434  -40.627  11.216  3.309 0.0000000000
105447  -41.225  11.594  2.787 0.0000000000
104322  -41.189  10.115  1.269 0.0000000000
104334  -41.594  9.751  0.679 0.0000000000
104323  -41.588  10.658  0.929 0.0000000000
104335  -41.785  10.310  0.260 0.0000000000
104341  -42.411  10.382  -0.661 0.0000000000
105486  -42.788  11.864  -0.811 0.0000000000
84503  -29.590  -4.889  19.229 0.0000000000
85880  -29.459  -3.818  19.598 0.0000000000
85879  -28.946  -3.581  19.360 0.0000000000
87186  -28.844  -2.991  19.451 0.0000000000
88591  -31.165  -2.047  12.434 0.0000000000
87325  -31.400  -2.610  12.146 0.0000000000
88607  -32.902  -0.844  11.437 0.0000000000
70766  -9.999  -14.459  32.430 0.0000000000
103188  -48.197  10.217  -5.519 0.0000000000
103189  -48.795  9.425  -5.565 0.0000000000
62871  -6.149  -21.600  44.252 0.0000000000
84492  -35.594  -4.296  19.844 0.0000000000
84506  -34.640  -4.319  19.018 0.0000000000
76375  -28.847  -10.183  23.306 0.0000000000
77677  -28.976  -9.911  23.828 0.0000000000
76376  -29.265  -10.272  23.593 0.0000000000
76340  -31.155  -10.736  25.009 0.0000000000
76240  -14.893  -10.638  29.661 0.0000000000
76239  -14.225  -10.812  30.020 0.0000000000
74802  -13.680  -10.586  30.865 0.0000000000
74828  -12.512  -11.887  30.365 0.0000000000
70784  -16.527  -15.685  32.524 0.0000000000
76424  -33.099  -10.215  19.832 0.0000000000
76336  -20.386  -10.610  25.621 0.0000000000
82903  -22.749  -5.576  25.613 0.0000000000
82921  -22.792  -5.502  24.756 0.0000000000
82939  -23.017  -5.642  23.707 0.0000000000
82940  -23.409  -5.072  23.576 0.0000000000
85814  -27.716  -3.477  23.850 0.0000000000
85824  -27.132  -3.481  23.385 0.0000000000
84460  -26.723  -3.732  22.714 0.0000000000
82980  -26.613  -5.222  21.762 0.0000000000
80289  -26.563  -6.690  21.603 0.0000000000
79001  -27.509  -8.453  20.779 0.0000000000
79016  -29.707  -9.039  20.071 0.0000000000
88660  -39.692  -2.196  8.617 0.0000000000
88682  -40.569  -2.055  7.612 0.0000000000
90059  -40.141  -0.517  5.746 0.0000000000
100388  -39.314  7.195  7.727 0.0000000000
97946  -39.179  5.631  7.001 0.0000000000
99072  -39.150  6.434  7.137 0.0000000000
99078  -39.115  6.383  6.262 0.0000000000
99079  -39.468  6.263  5.470 0.0000000000
100428  -41.669  6.757  4.087 0.0000000000
99092  -42.133  6.176  4.240 0.0000000000
97966  -42.470  5.313  4.290 0.0000000000
97967  -43.534  5.191  4.341 0.0000000000
103169  -44.454  10.086  -3.176 0.0000000000
104367  -44.462  10.683  -3.596 0.0000000000
104368  -45.215  10.858  -4.069 0.0000000000
104374  -46.038  10.981  -4.634 0.0000000000
106689  -45.636  12.716  -4.694 0.0000000000
68221  -6.426  -16.486  38.520 0.0000000000
77737  -34.117  -8.754  18.576 0.0000000000
79029  -34.656  -8.766  19.099 0.0000000000
79037  -33.849  -8.220  17.994 0.0000000000
80361  -33.679  -7.658  17.408 0.0000000000
84561  -32.856  -4.754  15.061 0.0000000000
84576  -33.439  -5.428  14.541 0.0000000000
83193  -33.942  -5.313  11.200 0.0000000000
83172  -33.621  -5.586  11.869 0.0000000000
83194  -34.517  -5.682  11.263 0.0000000000
83195  -35.451  -5.730  11.563 0.0000000000
83196  -36.088  -5.769  11.782 0.0000000000
84604  -37.124  -5.359  11.729 0.0000000000
84622  -36.546  -5.099  11.201 0.0000000000
86032  -37.044  -4.379  10.842 0.0000000000
86048  -37.477  -3.946  10.649 0.0000000000
87358  -37.311  -3.499  10.109 0.0000000000
91344  -34.466  0.388  9.111 0.0000000000
92715  -34.678  1.395  8.867 0.0000000000
91360  -35.705  1.110  8.141 0.0000000000
92738  -35.939  1.776  7.996 0.0000000000
73568  -22.262  -12.210  24.467 0.0000000000
72216  -22.157  -13.239  25.543 0.0000000000
73556  -22.770  -12.883  24.908 0.0000000000
72217  -23.099  -13.396  25.567 0.0000000000
72206  -24.108  -13.583  26.097 0.0000000000
69495  -8.150  -16.096  34.716 0.0000000000
69542  -11.263  -15.471  32.178 0.0000000000
69513  -12.448  -16.322  34.053 0.0000000000
81650  -36.798  -6.698  20.409 0.0000000000
83025  -36.294  -6.204  19.664 0.0000000000
70805  -17.864  -15.357  31.299 0.0000000000
70806  -18.887  -15.124  31.336 0.0000000000
70807  -19.915  -14.943  31.395 0.0000000000
70826  -20.077  -14.981  30.467 0.0000000000
70841  -19.359  -14.854  29.311 0.0000000000
76379  -31.845  -11.213  23.340 0.0000000000
76359  -32.431  -11.395  24.190 0.0000000000
76283  -16.713  -10.771  27.751 0.0000000000
76261  -15.778  -10.772  28.689 0.0000000000
76260  -15.057  -11.048  28.969 0.0000000000
73501  -13.859  -12.774  29.335 0.0000000000
72146  -14.753  -13.971  28.968 0.0000000000
84473  -28.283  -4.779  22.177 0.0000000000
83001  -27.849  -5.617  21.169 0.0000000000
81624  -28.419  -6.275  21.012 0.0000000000
90024  -38.451  -0.909  7.059 0.0000000000
91381  -38.358  -0.140  6.366 0.0000000000
92808  -40.049  2.470  4.506 0.0000000000
103084  -39.348  9.202  5.811 0.0000000000
104279  -39.597  10.219  5.009 0.0000000000
103105  -39.460  9.313  3.507 0.0000000000
104303  -40.120  10.582  3.139 0.0000000000
104302  -39.740  9.856  2.950 0.0000000000
101808  -39.562  8.746  3.197 0.0000000000
101809  -39.838  8.469  2.617 0.0000000000
100461  -40.465  7.936  2.168 0.0000000000
100462  -41.143  7.286  2.358 0.0000000000
99117  -42.480  6.622  2.159 0.0000000000
100481  -41.880  6.960  1.662 0.0000000000
100495  -42.184  7.281  0.746 0.0000000000
101836  -42.638  7.995  0.228 0.0000000000
103154  -44.051  9.130  -1.819 0.0000000000
104359  -43.455  10.493  -2.355 0.0000000000
105491  -42.837  10.775  -1.499 0.0000000000
106673  -43.778  11.819  -2.775 0.0000000000
65525  -8.410  -19.262  39.090 0.0000000000
81678  -30.946  -6.746  17.661 0.0000000000
83042  -29.533  -5.307  18.668 0.0000000000
83074  -29.323  -5.299  17.183 0.0000000000
84530  -28.860  -4.856  16.997 0.0000000000
88551  -28.867  -1.286  14.226 0.0000000000
88577  -29.754  -1.463  13.290 0.0000000000
88576  -29.434  -2.045  13.607 0.0000000000
87311  -29.277  -2.560  13.798 0.0000000000
86001  -29.608  -3.025  13.613 0.0000000000
86002  -30.207  -3.514  13.407 0.0000000000
84586  -30.658  -4.090  13.351 0.0000000000
84587  -31.196  -4.437  13.046 0.0000000000
84602  -32.306  -4.665  12.104 0.0000000000
84619  -33.415  -4.609  11.121 0.0000000000
84634  -33.751  -4.210  10.703 0.0000000000
87355  -34.299  -2.522  9.831 0.0000000000
89969  -33.806  -1.012  9.718 0.0000000000
89981  -33.731  -0.230  9.706 0.0000000000
91343  -33.737  0.305  9.698 0.0000000000
92697  -33.756  1.646  10.213 0.0000000000
76373  -24.177  -10.796  23.462 0.0000000000
76353  -24.506  -11.480  23.731 0.0000000000
76374  -24.778  -10.413  23.599 0.0000000000
77646  -26.055  -10.066  25.032 0.0000000000
70742  -8.007  -14.131  34.278 0.0000000000
69532  -14.420  -15.806  33.385 0.0000000000
65472  -5.613  -18.972  42.103 0.0000000000
65444  -5.303  -18.919  43.114 0.0000000000
97909  -39.851  5.849  8.091 0.0000000000
100389  -40.257  7.288  8.329 0.0000000000
103057  -40.375  8.626  7.739 0.0000000000
87219  -35.251  -2.528  18.472 0.0000000000
81566  -26.673  -7.334  23.660 0.0000000000
80261  -28.219  -8.440  24.539 0.0000000000
74799  -11.039  -11.253  32.209 0.0000000000
70782  -12.199  -15.190  31.423 0.0000000000
69545  -13.905  -15.741  32.375 0.0000000000
70802  -14.600  -15.343  30.938 0.0000000000
70801  -13.744  -15.116  30.864 0.0000000000
105540  -48.876  12.071  -6.619 0.0000000000
77695  -35.436  -9.495  21.826 0.0000000000
77722  -34.437  -9.373  19.743 0.0000000000
77721  -33.634  -9.757  19.474 0.0000000000
77736  -33.311  -9.016  18.402 0.0000000000
79028  -31.754  -8.526  18.598 0.0000000000
84505  -31.061  -5.138  20.231 0.0000000000
72200  -18.881  -13.028  26.456 0.0000000000
72201  -19.425  -13.255  26.364 0.0000000000
73553  -20.030  -12.527  25.492 0.0000000000
73554  -20.969  -12.465  24.985 0.0000000000
74908  -21.140  -11.993  24.797 0.0000000000
73567  -21.486  -12.188  24.735 0.0000000000
74910  -22.897  -11.313  24.083 0.0000000000
74926  -23.289  -10.814  23.791 0.0000000000
78927  -21.917  -8.323  25.938 0.0000000000
78943  -21.867  -8.090  25.431 0.0000000000
81542  -22.101  -7.050  24.855 0.0000000000
80258  -21.981  -7.675  24.601 0.0000000000
77658  -22.623  -9.457  23.819 0.0000000000
77659  -23.126  -10.002  23.556 0.0000000000
77673  -23.486  -9.660  23.310 0.0000000000
78972  -24.052  -8.900  23.177 0.0000000000
85784  -24.436  -3.120  25.408 0.0000000000
84459  -25.575  -3.915  22.740 0.0000000000
78974  -27.225  -8.445  22.603 0.0000000000
78985  -27.507  -9.124  22.257 0.0000000000
77693  -28.169  -9.696  22.380 0.0000000000
76396  -29.204  -10.668  22.685 0.0000000000
74928  -30.593  -11.234  22.957 0.0000000000
81645  -27.649  -6.959  20.611 0.0000000000
80327  -27.747  -7.697  20.499 0.0000000000
77716  -27.802  -8.972  20.664 0.0000000000
76408  -29.139  -10.702  21.814 0.0000000000
74952  -29.898  -11.003  21.966 0.0000000000
76285  -18.845  -9.490  27.912 0.0000000000
76318  -18.207  -11.418  26.462 0.0000000000
74886  -18.542  -11.909  26.239 0.0000000000
88644  -40.462  -2.612  9.175 0.0000000000
90025  -39.317  -1.451  6.952 0.0000000000
88695  -39.870  -1.741  7.001 0.0000000000
90043  -40.714  -1.238  6.045 0.0000000000
96775  -39.059  5.020  6.456 0.0000000000
94144  -39.810  3.270  4.921 0.0000000000
94157  -40.330  3.041  4.417 0.0000000000
100414  -39.364  7.232  5.385 0.0000000000
99090  -40.176  6.219  4.995 0.0000000000
94158  -41.259  2.937  4.134 0.0000000000
94159  -42.284  2.807  4.072 0.0000000000
103179  -47.785  9.567  -4.928 0.0000000000
104376  -47.697  10.694  -5.329 0.0000000000
105525  -47.648  11.625  -5.742 0.0000000000
106700  -47.656  12.723  -6.002 0.0000000000
109097  -47.495  14.360  -6.056 0.0000000000
66810  -5.737  -17.993  41.305 0.0000000000
65548  -7.234  -18.426  39.026 0.0000000000
65504  -6.845  -19.069  40.164 0.0000000000
65487  -5.938  -18.933  41.545 0.0000000000
79005  -35.906  -8.817  21.302 0.0000000000
79039  -34.863  -8.283  18.992 0.0000000000
79030  -35.091  -8.221  19.440 0.0000000000
81665  -35.993  -6.709  19.557 0.0000000000
83062  -35.219  -5.892  18.692 0.0000000000
81699  -33.429  -6.792  17.128 0.0000000000
81700  -34.284  -6.852  17.647 0.0000000000
83061  -34.642  -5.894  18.098 0.0000000000
85882  -34.357  -3.997  18.924 0.0000000000
85904  -33.428  -3.780  17.999 0.0000000000
85905  -33.953  -3.844  18.529 0.0000000000
87216  -28.238  -2.527  18.764 0.0000000000
88505  -28.155  -1.303  18.385 0.0000000000
85901  -28.226  -3.970  18.006 0.0000000000
84516  -28.150  -4.250  17.647 0.0000000000
84529  -28.259  -4.357  17.169 0.0000000000
84546  -29.203  -4.392  16.388 0.0000000000
88532  -28.008  -1.650  15.923 0.0000000000
87259  -28.038  -2.934  16.157 0.0000000000
87241  -32.217  -2.996  16.869 0.0000000000
87261  -33.641  -2.901  16.925 0.0000000000
87243  -34.355  -2.843  17.652 0.0000000000
85972  -34.509  -4.308  15.810 0.0000000000
83126  -32.520  -5.626  13.408 0.0000000000
83127  -33.191  -5.798  13.637 0.0000000000
83128  -34.380  -5.913  14.109 0.0000000000
87360  -39.612  -3.034  10.698 0.0000000000
88624  -39.053  -2.754  10.063 0.0000000000
87375  -37.752  -3.007  10.011 0.0000000000
92764  -37.036  1.742  6.985 0.0000000000
94132  -37.537  2.527  6.951 0.0000000000
94117  -38.101  3.219  7.617 0.0000000000
72203  -21.525  -13.607  26.226 0.0000000000
72188  -22.023  -13.946  27.181 0.0000000000
74900  -24.486  -12.178  24.466 0.0000000000
73543  -24.833  -13.281  25.928 0.0000000000
72191  -24.627  -13.558  26.871 0.0000000000
73516  -25.743  -13.163  27.497 0.0000000000
72174  -25.087  -13.446  27.639 0.0000000000
72173  -24.397  -13.708  27.800 0.0000000000
72154  -24.345  -13.652  28.784 0.0000000000
81545  -26.720  -7.578  24.623 0.0000000000
69464  -6.473  -15.196  37.690 0.0000000000
68228  -7.294  -16.669  37.039 0.0000000000
70703  -7.238  -14.252  36.082 0.0000000000
69514  -13.255  -15.956  34.130 0.0000000000
68277  -11.273  -16.845  34.732 0.0000000000
61686  -6.002  -22.107  44.620 0.0000000000
62870  -5.642  -21.210  44.354 0.0000000000
60385  -5.504  -22.662  44.511 0.0000000000
65424  -4.566  -18.855  43.831 0.0000000000
61692  -4.422  -21.642  43.729 0.0000000000
62874  -4.208  -20.900  43.758 0.0000000000
62875  -4.370  -20.627  44.011 0.0000000000
64107  -4.035  -19.531  44.124 0.0000000000
60390  -4.369  -22.052  43.573 0.0000000000
65430  -4.002  -19.177  44.040 0.0000000000
69560  -15.554  -15.834  31.966 0.0000000000
70851  -19.141  -14.522  28.677 0.0000000000
72184  -18.107  -13.379  27.159 0.0000000000
72218  -23.684  -13.514  25.684 0.0000000000
73525  -17.034  -12.532  27.379 0.0000000000
73539  -17.810  -12.440  26.849 0.0000000000
73541  -19.171  -12.567  26.032 0.0000000000
73552  -19.503  -12.188  25.709 0.0000000000
73558  -24.919  -12.841  25.358 0.0000000000
73566  -21.216  -12.240  24.827 0.0000000000
74871  -17.114  -11.965  27.219 0.0000000000
74912  -24.662  -11.811  24.106 0.0000000000
74929  -31.052  -11.244  23.054 0.0000000000
74943  -30.214  -11.186  22.521 0.0000000000
74944  -30.713  -11.293  22.472 0.0000000000
74953  -30.329  -11.173  22.039 0.0000000000
76372  -23.452  -10.470  23.539 0.0000000000
77676  -28.648  -9.894  23.333 0.0000000000
77708  -28.027  -9.847  21.475 0.0000000000
77717  -28.321  -9.597  20.665 0.0000000000
81603  -26.442  -6.951  22.143 0.0000000000
81649  -36.397  -6.523  19.937 0.0000000000
81768  -36.532  -6.407  13.527 0.0000000000
82922  -22.914  -4.992  25.420 0.0000000000
83002  -28.228  -5.694  21.285 0.0000000000
83026  -36.507  -5.745  20.056 0.0000000000
84462  -28.406  -4.621  22.679 0.0000000000
84548  -30.507  -4.214  16.382 0.0000000000
85825  -27.513  -3.601  23.452 0.0000000000
87258  -27.851  -3.003  16.860 0.0000000000
88536  -28.714  -1.157  14.378 0.0000000000
88552  -29.024  -1.577  14.030 0.0000000000
89868  -28.821  -0.888  14.349 0.0000000000
89890  -28.893  -1.090  14.223 0.0000000000
89891  -29.051  -0.871  14.091 0.0000000000
92713  -33.623  1.018  10.070 0.0000000000
97910  -40.018  5.869  8.295 0.0000000000
97929  -39.709  5.706  7.957 0.0000000000
99035  -39.986  6.055  8.179 0.0000000000
99051  -39.528  6.305  7.647 0.0000000000
99093  -43.203  6.079  4.125 0.0000000000
99131  -42.471  6.624  1.887 0.0000000000
100447  -39.611  8.029  3.623 0.0000000000
100479  -40.645  8.182  1.755 0.0000000000
101747  -39.833  8.123  7.663 0.0000000000
101767  -39.259  7.986  7.136 0.0000000000
101800  -39.618  8.264  3.254 0.0000000000
103111  -39.689  9.210  2.807 0.0000000000
103134  -41.377  9.207  0.776 0.0000000000
104311  -40.296  10.102  2.094 0.0000000000
104321  -40.686  9.632  1.603 0.0000000000
104351  -43.052  10.379  -1.803 0.0000000000
105454  -40.840  10.574  2.119 0.0000000000
105551  -49.827  12.004  -7.428 0.0000000000
106711  -48.069  13.178  -6.286 0.0000000000
107944  -47.801  13.659  -6.221 0.0000000000
