#!ascii label  , from subject 198451 vox2ras=TkReg
1957
87329  -41.414  -3.219  12.228 0.0000000000
103115  -53.215  8.497  2.295 0.0000000000
92799  -48.823  0.918  5.495 0.0000000000
66825  -10.959  -17.831  40.525 0.0000000000
87243  -34.355  -2.843  17.652 0.0000000000
74742  -29.563  -12.830  36.835 0.0000000000
77526  -38.202  -10.281  34.933 0.0000000000
81535  -41.096  -6.539  26.021 0.0000000000
87132  -38.928  -2.650  22.371 0.0000000000
70786  -18.731  -15.325  32.375 0.0000000000
72032  -24.310  -14.825  37.292 0.0000000000
72120  -24.086  -13.928  31.278 0.0000000000
78904  -31.939  -10.208  28.403 0.0000000000
76274  -38.532  -11.396  28.801 0.0000000000
87197  -45.569  -3.282  19.501 0.0000000000
85984  -49.981  -3.412  16.341 0.0000000000
99082  -50.174  5.984  4.589 0.0000000000
89971  -44.398  -2.068  9.497 0.0000000000
100524  -49.003  7.484  -2.957 0.0000000000
62890  -8.980  -21.202  43.117 0.0000000000
85841  -42.410  -3.678  22.918 0.0000000000
83111  -38.620  -6.074  15.643 0.0000000000
74860  -28.086  -11.747  28.556 0.0000000000
78820  -32.341  -9.509  33.752 0.0000000000
92641  -49.467  0.789  14.361 0.0000000000
103237  -57.327  9.038  -8.059 0.0000000000
80267  -39.067  -8.663  24.133 0.0000000000
81610  -38.883  -6.306  22.419 0.0000000000
70808  -21.044  -15.147  31.392 0.0000000000
76328  -35.493  -11.613  26.073 0.0000000000
77653  -37.729  -9.984  25.230 0.0000000000
78922  -40.631  -9.015  27.730 0.0000000000
85953  -43.090  -4.221  16.596 0.0000000000
87227  -48.498  -3.559  18.871 0.0000000000
87279  -44.342  -3.047  14.917 0.0000000000
101803  -50.828  7.522  3.502 0.0000000000
100399  -54.939  7.400  7.123 0.0000000000
103137  -54.454  9.417  -0.034 0.0000000000
66858  -9.367  -18.748  38.206 0.0000000000
65458  -10.325  -18.976  42.897 0.0000000000
88471  -36.778  -2.523  19.971 0.0000000000
88458  -39.821  -1.583  21.471 0.0000000000
87222  -38.438  -3.157  19.278 0.0000000000
84510  -40.540  -4.782  19.589 0.0000000000
85950  -36.774  -4.232  16.985 0.0000000000
73408  -26.977  -13.608  36.597 0.0000000000
73371  -26.734  -13.573  40.127 0.0000000000
76033  -29.391  -12.316  39.267 0.0000000000
77436  -31.888  -10.584  39.237 0.0000000000
74887  -26.086  -12.011  25.618 0.0000000000
80243  -26.158  -8.282  25.104 0.0000000000
76186  -35.484  -11.364  32.605 0.0000000000
78861  -32.258  -9.918  31.305 0.0000000000
78823  -34.800  -9.199  34.458 0.0000000000
77476  -35.763  -10.042  36.583 0.0000000000
70726  -14.214  -15.566  35.771 0.0000000000
70670  -15.901  -15.389  38.880 0.0000000000
70600  -15.663  -14.643  42.594 0.0000000000
90029  -46.866  -1.033  7.293 0.0000000000
89942  -47.498  -0.742  12.011 0.0000000000
92724  -49.691  0.869  9.914 0.0000000000
103251  -58.448  9.034  -9.392 0.0000000000
68165  -10.408  -17.331  44.460 0.0000000000
85726  -42.456  -4.045  29.202 0.0000000000
88383  -41.636  -1.993  26.620 0.0000000000
85805  -41.128  -4.088  24.721 0.0000000000
85839  -38.098  -3.942  21.549 0.0000000000
70731  -19.306  -15.509  35.412 0.0000000000
70674  -22.007  -15.198  38.285 0.0000000000
70750  -21.482  -15.197  34.422 0.0000000000
72077  -24.610  -14.138  34.436 0.0000000000
73457  -26.166  -13.496  33.488 0.0000000000
78947  -28.898  -8.773  25.168 0.0000000000
77635  -31.919  -10.509  26.228 0.0000000000
74847  -34.869  -12.183  28.738 0.0000000000
76212  -38.721  -11.734  32.242 0.0000000000
78864  -41.301  -9.414  30.866 0.0000000000
81480  -41.437  -7.056  29.560 0.0000000000
69547  -15.646  -15.846  32.667 0.0000000000
88446  -47.850  -2.619  22.985 0.0000000000
91168  -51.461  -1.005  22.715 0.0000000000
88479  -50.944  -2.184  20.791 0.0000000000
88510  -52.589  -2.924  18.608 0.0000000000
95491  -50.620  3.193  4.583 0.0000000000
95451  -51.713  3.077  8.838 0.0000000000
97939  -53.554  5.274  7.834 0.0000000000
54172  -7.000  -26.465  44.522 0.0000000000
88610  -42.247  -2.206  10.526 0.0000000000
90045  -42.697  -1.162  5.881 0.0000000000
96798  -44.836  4.300  4.209 0.0000000000
100453  -45.726  6.616  3.198 0.0000000000
99123  -47.632  6.099  1.826 0.0000000000
100502  -49.440  7.281  0.237 0.0000000000
103143  -49.902  8.589  -1.112 0.0000000000
101865  -47.000  7.948  -1.686 0.0000000000
65425  -9.842  -19.292  45.936 0.0000000000
62866  -9.277  -21.423  46.524 0.0000000000
60374  -8.180  -23.379  46.208 0.0000000000
91104  -47.289  -1.038  26.773 0.0000000000
91117  -41.117  -1.021  25.041 0.0000000000
89754  -43.030  -1.547  25.049 0.0000000000
88417  -45.839  -2.938  24.799 0.0000000000
87149  -44.591  -3.826  21.942 0.0000000000
84541  -42.257  -4.710  17.855 0.0000000000
84591  -40.224  -4.786  13.867 0.0000000000
72016  -23.950  -14.626  40.733 0.0000000000
73493  -25.664  -13.150  30.002 0.0000000000
73473  -29.313  -13.189  32.403 0.0000000000
80222  -28.779  -9.027  27.433 0.0000000000
77563  -30.237  -10.660  30.829 0.0000000000
76147  -31.436  -11.136  35.341 0.0000000000
76074  -33.213  -10.163  37.476 0.0000000000
68229  -10.940  -17.673  37.659 0.0000000000
69467  -12.133  -16.301  36.615 0.0000000000
69445  -11.753  -16.127  38.998 0.0000000000
89903  -45.561  -0.901  13.752 0.0000000000
88565  -50.360  -1.951  14.033 0.0000000000
88569  -54.335  -1.518  14.211 0.0000000000
95360  -51.189  2.678  13.611 0.0000000000
103165  -51.201  9.173  -2.112 0.0000000000
103173  -53.988  9.094  -3.603 0.0000000000
103183  -55.579  9.944  -5.109 0.0000000000
100568  -55.435  7.543  -5.971 0.0000000000
104404  -57.490  10.499  -6.546 0.0000000000
78977  -37.471  -9.262  23.121 0.0000000000
80297  -37.700  -8.477  22.651 0.0000000000
79006  -36.579  -8.414  21.566 0.0000000000
77665  -35.696  -10.360  24.029 0.0000000000
77666  -36.980  -9.886  24.160 0.0000000000
78950  -38.465  -9.556  25.160 0.0000000000
87295  -41.958  -3.852  14.039 0.0000000000
85978  -44.710  -3.697  15.756 0.0000000000
87316  -42.339  -3.194  12.939 0.0000000000
103114  -52.185  8.051  2.754 0.0000000000
103087  -52.873  8.886  4.561 0.0000000000
104293  -53.198  9.509  3.826 0.0000000000
105458  -54.202  9.984  2.868 0.0000000000
103124  -54.156  8.642  0.980 0.0000000000
66839  -10.774  -18.051  39.521 0.0000000000
65505  -9.960  -19.152  39.749 0.0000000000
66811  -10.687  -18.336  41.058 0.0000000000
88486  -35.903  -2.553  19.052 0.0000000000
88488  -37.336  -2.288  19.555 0.0000000000
87220  -36.209  -2.638  18.434 0.0000000000
85927  -37.362  -3.940  17.816 0.0000000000
85925  -35.697  -3.347  17.165 0.0000000000
69438  -18.787  -15.693  40.379 0.0000000000
73409  -27.742  -13.429  36.423 0.0000000000
74704  -28.474  -13.070  38.268 0.0000000000
74706  -29.800  -12.277  38.161 0.0000000000
76035  -30.430  -11.325  39.217 0.0000000000
76098  -30.607  -11.604  37.650 0.0000000000
77539  -36.376  -10.690  33.990 0.0000000000
77538  -35.054  -10.687  33.176 0.0000000000
78839  -36.554  -10.003  34.738 0.0000000000
80152  -35.999  -8.876  35.420 0.0000000000
69501  -17.545  -15.648  36.776 0.0000000000
69468  -17.538  -15.630  38.617 0.0000000000
69436  -17.644  -15.409  40.675 0.0000000000
91125  -49.692  -0.952  25.567 0.0000000000
91403  -47.899  -0.127  6.317 0.0000000000
91364  -48.807  -0.024  8.749 0.0000000000
92765  -49.932  0.824  8.177 0.0000000000
82897  -42.133  -5.603  27.322 0.0000000000
84442  -41.947  -4.462  26.082 0.0000000000
82928  -41.194  -5.698  25.390 0.0000000000
84476  -38.550  -4.809  21.698 0.0000000000
84483  -36.966  -4.771  20.535 0.0000000000
85863  -35.894  -3.750  20.101 0.0000000000
70769  -18.606  -15.524  33.434 0.0000000000
70732  -20.258  -15.384  35.361 0.0000000000
70770  -19.600  -15.263  33.400 0.0000000000
72118  -21.977  -14.770  31.391 0.0000000000
72094  -22.751  -14.736  33.360 0.0000000000
72107  -23.927  -14.186  32.356 0.0000000000
72078  -25.421  -13.856  34.347 0.0000000000
72108  -24.968  -13.644  32.364 0.0000000000
76355  -29.579  -10.185  24.254 0.0000000000
74878  -37.031  -11.817  27.594 0.0000000000
74862  -35.592  -12.290  28.109 0.0000000000
74849  -36.748  -12.191  29.210 0.0000000000
74823  -37.358  -12.126  31.050 0.0000000000
74837  -38.638  -11.511  30.241 0.0000000000
76234  -40.352  -10.922  31.410 0.0000000000
76276  -39.581  -10.520  29.441 0.0000000000
80226  -41.076  -7.923  27.257 0.0000000000
80212  -41.194  -7.841  28.292 0.0000000000
81500  -41.527  -6.803  27.808 0.0000000000
82864  -41.879  -5.632  29.206 0.0000000000
70785  -17.699  -15.606  32.402 0.0000000000
87165  -47.205  -2.968  21.236 0.0000000000
88478  -49.789  -2.370  21.332 0.0000000000
88477  -48.306  -2.891  20.809 0.0000000000
85937  -49.313  -3.770  17.542 0.0000000000
87229  -50.322  -3.386  18.639 0.0000000000
87249  -51.454  -3.320  17.598 0.0000000000
88525  -53.398  -2.998  18.044 0.0000000000
87268  -52.546  -3.167  16.370 0.0000000000
96788  -50.797  4.553  4.044 0.0000000000
95494  -52.498  3.759  5.794 0.0000000000
97959  -53.004  4.860  5.470 0.0000000000
101732  -55.373  8.380  8.629 0.0000000000
99095  -45.398  5.674  4.068 0.0000000000
100451  -43.661  6.946  3.351 0.0000000000
99149  -45.410  6.440  0.710 0.0000000000
100498  -45.879  6.737  0.070 0.0000000000
99152  -48.427  6.333  0.569 0.0000000000
100513  -47.325  7.239  -0.424 0.0000000000
101851  -47.743  7.737  -0.889 0.0000000000
62903  -8.668  -20.635  41.665 0.0000000000
61702  -9.150  -21.633  44.296 0.0000000000
68123  -10.134  -17.779  46.594 0.0000000000
66747  -10.011  -18.347  45.673 0.0000000000
65414  -9.529  -19.331  47.274 0.0000000000
62861  -9.183  -21.612  47.003 0.0000000000
60376  -9.370  -22.554  46.735 0.0000000000
61681  -8.930  -22.506  46.078 0.0000000000
59036  -8.978  -23.212  46.625 0.0000000000
55303  -8.202  -25.198  46.027 0.0000000000
88414  -40.048  -2.225  24.393 0.0000000000
89710  -41.435  -1.386  26.181 0.0000000000
89769  -39.967  -1.691  23.543 0.0000000000
88460  -41.132  -2.138  21.774 0.0000000000
89787  -41.342  -1.389  22.889 0.0000000000
88429  -42.443  -2.269  23.755 0.0000000000
88416  -44.500  -2.699  25.114 0.0000000000
87124  -43.953  -3.329  24.448 0.0000000000
87138  -45.854  -3.260  23.451 0.0000000000
85843  -43.649  -4.061  22.393 0.0000000000
83082  -39.432  -5.653  17.341 0.0000000000
84525  -41.815  -5.016  18.782 0.0000000000
83096  -40.039  -5.765  16.701 0.0000000000
84568  -41.439  -4.819  16.043 0.0000000000
83112  -39.782  -5.610  15.575 0.0000000000
70692  -22.526  -15.002  37.426 0.0000000000
70659  -23.578  -14.899  39.896 0.0000000000
70676  -24.242  -14.739  38.817 0.0000000000
76309  -26.980  -11.328  26.493 0.0000000000
73517  -26.379  -12.985  27.822 0.0000000000
73507  -27.827  -12.694  29.024 0.0000000000
73483  -27.651  -13.309  31.228 0.0000000000
73496  -28.944  -12.770  30.582 0.0000000000
78934  -30.496  -9.426  26.510 0.0000000000
80233  -28.790  -8.508  26.373 0.0000000000
78920  -30.466  -9.049  27.335 0.0000000000
78849  -32.370  -9.771  32.348 0.0000000000
80179  -30.989  -9.823  30.426 0.0000000000
78847  -31.194  -10.157  31.992 0.0000000000
76185  -31.405  -11.129  33.305 0.0000000000
78802  -31.802  -10.022  34.607 0.0000000000
78763  -32.085  -9.416  37.590 0.0000000000
80094  -32.990  -8.744  37.184 0.0000000000
78841  -42.314  -8.728  32.914 0.0000000000
70705  -13.162  -15.897  36.255 0.0000000000
70666  -12.819  -15.655  37.861 0.0000000000
70665  -12.270  -16.074  37.564 0.0000000000
71968  -15.350  -14.188  43.725 0.0000000000
89955  -43.592  -2.063  10.352 0.0000000000
89939  -43.997  -1.898  11.579 0.0000000000
89956  -44.798  -1.870  10.749 0.0000000000
92664  -48.490  0.395  13.332 0.0000000000
91289  -47.447  -0.308  13.979 0.0000000000
89907  -50.500  -0.886  13.785 0.0000000000
88567  -52.418  -1.736  14.002 0.0000000000
89909  -52.827  -0.720  13.807 0.0000000000
96719  -52.559  4.228  10.830 0.0000000000
95411  -51.737  3.164  10.743 0.0000000000
96684  -52.188  3.915  12.802 0.0000000000
101876  -49.495  7.729  -2.103 0.0000000000
103156  -50.374  9.141  -1.613 0.0000000000
101877  -50.170  7.860  -2.205 0.0000000000
101889  -53.113  8.070  -3.335 0.0000000000
101898  -53.880  7.840  -3.774 0.0000000000
104377  -54.860  10.295  -4.234 0.0000000000
103182  -55.021  9.223  -4.626 0.0000000000
99248  -56.109  7.096  -8.022 0.0000000000
99228  -55.179  6.807  -7.297 0.0000000000
101925  -56.456  8.556  -6.998 0.0000000000
103208  -56.359  9.435  -6.276 0.0000000000
103225  -57.231  9.437  -7.615 0.0000000000
104432  -57.754  9.654  -7.847 0.0000000000
103240  -59.207  9.049  -8.790 0.0000000000
81534  -40.524  -7.337  25.745 0.0000000000
81574  -39.985  -6.461  24.116 0.0000000000
81594  -39.039  -7.162  22.979 0.0000000000
80316  -37.979  -7.309  21.986 0.0000000000
70787  -19.750  -15.136  32.380 0.0000000000
76361  -34.691  -11.063  24.310 0.0000000000
76345  -36.067  -11.048  25.476 0.0000000000
77622  -38.645  -10.584  27.023 0.0000000000
77606  -39.460  -10.313  28.159 0.0000000000
77639  -39.145  -9.974  26.696 0.0000000000
78952  -39.641  -9.121  25.739 0.0000000000
85912  -44.469  -3.818  18.442 0.0000000000
87225  -46.831  -3.480  18.948 0.0000000000
85933  -45.673  -3.835  17.315 0.0000000000
85934  -46.576  -3.848  17.138 0.0000000000
85957  -46.965  -3.638  15.948 0.0000000000
100417  -50.681  7.044  4.722 0.0000000000
97976  -53.605  5.835  5.166 0.0000000000
100439  -53.885  7.324  4.345 0.0000000000
100410  -55.455  8.226  5.764 0.0000000000
105487  -54.863  10.934  -0.844 0.0000000000
64148  -9.789  -19.756  40.871 0.0000000000
64126  -9.801  -19.930  42.957 0.0000000000
88456  -38.122  -2.286  21.134 0.0000000000
88441  -39.440  -1.917  22.305 0.0000000000
88473  -38.466  -1.921  20.720 0.0000000000
88490  -38.783  -2.098  20.323 0.0000000000
85864  -40.566  -3.385  20.534 0.0000000000
85866  -41.990  -4.479  21.035 0.0000000000
85909  -39.786  -4.270  19.445 0.0000000000
84538  -39.056  -5.196  18.252 0.0000000000
83094  -38.019  -5.819  16.689 0.0000000000
72047  -25.380  -14.239  36.537 0.0000000000
72025  -26.014  -14.142  38.574 0.0000000000
73384  -26.827  -13.735  38.419 0.0000000000
74684  -27.980  -13.149  39.623 0.0000000000
73366  -31.407  -12.630  39.233 0.0000000000
77646  -26.055  -10.066  25.032 0.0000000000
77632  -27.266  -10.189  26.610 0.0000000000
77578  -33.824  -11.199  30.582 0.0000000000
78892  -32.017  -10.211  29.274 0.0000000000
78863  -33.608  -10.565  31.733 0.0000000000
78850  -33.026  -10.163  32.495 0.0000000000
78836  -33.228  -9.763  33.735 0.0000000000
80119  -33.977  -8.378  35.975 0.0000000000
80133  -34.581  -8.450  35.462 0.0000000000
69516  -14.922  -15.634  34.425 0.0000000000
70727  -15.042  -15.505  35.617 0.0000000000
70669  -14.975  -15.403  38.630 0.0000000000
70636  -14.410  -14.962  40.434 0.0000000000
70638  -16.247  -15.165  40.791 0.0000000000
90005  -45.293  -1.612  7.783 0.0000000000
89973  -46.655  -1.293  10.218 0.0000000000
89990  -47.355  -1.000  9.366 0.0000000000
91337  -48.852  0.210  10.944 0.0000000000
92675  -49.497  1.044  12.317 0.0000000000
101896  -48.301  8.377  -4.530 0.0000000000
100533  -49.529  7.114  -3.509 0.0000000000
100547  -49.303  7.469  -4.380 0.0000000000
100634  -57.251  7.518  -8.906 0.0000000000
103250  -58.000  8.937  -9.067 0.0000000000
100636  -58.206  7.938  -9.675 0.0000000000
101977  -58.977  8.147  -10.333 0.0000000000
69423  -11.574  -16.509  41.393 0.0000000000
66799  -10.958  -17.396  42.232 0.0000000000
88345  -42.871  -2.274  29.145 0.0000000000
87075  -42.546  -3.045  28.318 0.0000000000
87113  -41.232  -2.838  25.662 0.0000000000
85829  -39.827  -3.460  23.371 0.0000000000
82967  -39.861  -5.520  23.118 0.0000000000
85828  -39.398  -4.010  22.781 0.0000000000
87146  -38.721  -3.052  22.342 0.0000000000
87157  -36.723  -3.122  20.471 0.0000000000
87173  -36.006  -3.064  19.835 0.0000000000
69484  -19.099  -15.586  36.971 0.0000000000
70656  -20.460  -15.522  38.639 0.0000000000
70690  -20.691  -15.423  37.114 0.0000000000
70714  -21.901  -15.063  36.375 0.0000000000
70715  -22.966  -14.965  36.446 0.0000000000
70772  -21.833  -15.116  33.381 0.0000000000
70752  -23.118  -14.575  34.841 0.0000000000
72057  -23.692  -14.482  35.479 0.0000000000
72059  -25.640  -13.861  35.490 0.0000000000
73426  -26.650  -13.499  35.475 0.0000000000
73446  -27.895  -13.423  34.332 0.0000000000
77647  -29.691  -9.625  24.975 0.0000000000
77620  -31.985  -10.578  27.111 0.0000000000
76326  -33.149  -11.439  26.227 0.0000000000
76292  -33.375  -11.598  27.869 0.0000000000
77605  -33.395  -11.606  28.830 0.0000000000
74821  -35.569  -12.110  31.088 0.0000000000
76211  -37.199  -11.954  32.570 0.0000000000
76189  -38.895  -11.349  33.675 0.0000000000
77542  -40.171  -10.641  34.128 0.0000000000
76214  -40.836  -10.797  32.879 0.0000000000
77569  -41.773  -9.556  32.336 0.0000000000
78866  -41.892  -8.701  31.828 0.0000000000
78905  -40.772  -9.124  28.898 0.0000000000
80193  -41.351  -7.901  30.069 0.0000000000
80171  -41.786  -7.325  31.390 0.0000000000
82821  -41.736  -5.972  31.074 0.0000000000
69534  -15.968  -15.761  33.664 0.0000000000
88447  -48.968  -2.124  23.374 0.0000000000
89800  -49.995  -1.587  22.835 0.0000000000
89808  -50.707  -1.793  21.669 0.0000000000
89819  -51.858  -1.991  20.525 0.0000000000
87201  -49.012  -3.320  19.541 0.0000000000
88494  -51.665  -2.556  19.728 0.0000000000
94150  -49.697  2.057  5.067 0.0000000000
92782  -50.640  1.627  6.782 0.0000000000
94136  -51.588  2.607  6.457 0.0000000000
96766  -52.845  4.057  8.117 0.0000000000
97899  -53.519  5.182  9.806 0.0000000000
99062  -54.029  5.983  7.582 0.0000000000
99018  -54.221  6.293  10.081 0.0000000000
87361  -40.194  -2.731  10.735 0.0000000000
88597  -41.686  -2.803  11.667 0.0000000000
88626  -41.255  -2.302  9.865 0.0000000000
88645  -41.356  -2.501  9.072 0.0000000000
88647  -42.981  -2.087  8.818 0.0000000000
88665  -43.836  -1.993  7.771 0.0000000000
90027  -45.104  -1.395  6.873 0.0000000000
91401  -46.371  -0.319  5.724 0.0000000000
92797  -46.722  1.332  5.040 0.0000000000
94148  -47.399  2.243  4.793 0.0000000000
96784  -47.144  3.982  4.512 0.0000000000
97971  -47.567  5.018  4.117 0.0000000000
99098  -48.270  5.895  4.164 0.0000000000
99120  -44.568  6.458  2.050 0.0000000000
100467  -46.137  6.299  2.512 0.0000000000
100435  -48.952  6.688  3.930 0.0000000000
100457  -49.826  6.883  2.937 0.0000000000
100482  -49.849  6.735  1.015 0.0000000000
100504  -51.438  7.342  0.844 0.0000000000
101840  -52.248  7.825  0.480 0.0000000000
101838  -49.911  7.833  0.108 0.0000000000
101866  -48.111  7.835  -1.560 0.0000000000
101874  -47.318  7.792  -2.611 0.0000000000
101885  -47.356  8.093  -3.620 0.0000000000
66775  -10.547  -18.169  43.855 0.0000000000
65445  -9.959  -19.428  44.472 0.0000000000
64111  -9.754  -20.129  45.228 0.0000000000
64094  -9.310  -20.594  47.237 0.0000000000
64099  -9.459  -20.336  46.724 0.0000000000
62879  -9.626  -21.074  45.175 0.0000000000
61689  -9.126  -22.241  45.509 0.0000000000
61688  -8.100  -22.606  45.012 0.0000000000
60381  -7.921  -23.327  45.676 0.0000000000
56544  -7.556  -24.510  45.910 0.0000000000
89736  -48.600  -1.263  25.633 0.0000000000
91099  -42.802  -0.589  26.585 0.0000000000
89785  -40.135  -1.082  22.935 0.0000000000
91158  -41.615  -0.710  24.105 0.0000000000
89713  -44.821  -1.302  26.761 0.0000000000
88402  -47.073  -2.116  25.693 0.0000000000
88419  -47.973  -2.001  25.173 0.0000000000
88432  -46.833  -2.986  23.795 0.0000000000
87151  -46.435  -3.184  22.539 0.0000000000
87163  -45.443  -3.493  21.239 0.0000000000
85867  -43.020  -4.555  20.729 0.0000000000
85888  -43.287  -4.350  19.644 0.0000000000
85889  -44.272  -3.905  19.437 0.0000000000
84555  -42.608  -4.512  17.235 0.0000000000
85975  -41.886  -4.387  15.436 0.0000000000
87314  -40.856  -4.027  13.150 0.0000000000
87261  -33.641  -2.901  16.925 0.0000000000
85972  -34.509  -4.308  15.810 0.0000000000
84565  -36.022  -5.510  16.027 0.0000000000
83109  -36.316  -6.169  15.382 0.0000000000
83131  -37.963  -6.283  14.670 0.0000000000
83177  -38.038  -5.834  13.147 0.0000000000
86017  -38.860  -4.445  12.150 0.0000000000
87343  -39.410  -3.814  11.560 0.0000000000
72018  -25.384  -14.211  39.921 0.0000000000
72153  -23.476  -14.091  29.104 0.0000000000
73504  -24.873  -13.414  28.742 0.0000000000
72134  -25.074  -13.279  30.652 0.0000000000
73482  -26.505  -13.357  31.186 0.0000000000
73459  -28.030  -13.409  33.261 0.0000000000
73447  -29.023  -13.467  34.149 0.0000000000
80245  -27.601  -8.141  25.282 0.0000000000
80232  -27.799  -8.735  26.411 0.0000000000
78917  -28.259  -9.618  27.493 0.0000000000
80201  -31.149  -9.658  29.070 0.0000000000
80198  -29.292  -9.522  28.793 0.0000000000
76271  -29.078  -11.449  29.496 0.0000000000
73486  -29.995  -12.224  31.475 0.0000000000
73449  -30.825  -12.635  34.443 0.0000000000
74744  -30.749  -11.901  36.441 0.0000000000
77472  -31.325  -10.380  37.812 0.0000000000
74696  -32.381  -11.332  38.183 0.0000000000
66859  -10.474  -18.293  38.425 0.0000000000
68222  -11.122  -17.497  38.926 0.0000000000
69496  -11.713  -16.630  35.211 0.0000000000
68258  -11.185  -16.970  35.278 0.0000000000
69466  -11.737  -16.567  37.000 0.0000000000
69455  -11.411  -16.839  38.461 0.0000000000
69444  -11.445  -16.682  39.496 0.0000000000
69424  -11.833  -16.066  41.059 0.0000000000
70599  -14.738  -14.504  42.323 0.0000000000
88587  -43.735  -2.068  12.659 0.0000000000
88562  -44.792  -1.467  13.885 0.0000000000
87282  -47.476  -2.615  14.924 0.0000000000
89941  -46.359  -1.016  12.300 0.0000000000
88545  -47.905  -1.867  14.386 0.0000000000
87284  -49.366  -3.015  15.177 0.0000000000
87287  -52.807  -3.097  15.304 0.0000000000
94100  -50.769  1.779  8.561 0.0000000000
94035  -50.808  1.919  11.318 0.0000000000
93983  -50.044  1.560  14.281 0.0000000000
101855  -52.437  8.765  -0.380 0.0000000000
104342  -52.339  9.993  -1.183 0.0000000000
104363  -53.229  10.323  -2.295 0.0000000000
101887  -51.370  7.930  -2.588 0.0000000000
104369  -52.563  9.566  -2.788 0.0000000000
105507  -53.687  10.588  -2.750 0.0000000000
105509  -55.046  11.393  -3.638 0.0000000000
105517  -55.990  11.409  -4.442 0.0000000000
100567  -54.753  6.891  -5.485 0.0000000000
103193  -55.810  9.529  -5.538 0.0000000000
104389  -56.476  10.825  -5.688 0.0000000000
103239  -58.574  9.416  -8.679 0.0000000000
78976  -36.625  -9.404  22.721 0.0000000000
78989  -37.059  -8.807  22.274 0.0000000000
77679  -35.726  -9.853  22.820 0.0000000000
77680  -36.492  -9.721  23.391 0.0000000000
78963  -37.666  -9.542  23.719 0.0000000000
87315  -41.503  -3.869  13.427 0.0000000000
87296  -42.615  -3.626  14.195 0.0000000000
101813  -52.464  7.810  2.250 0.0000000000
104304  -52.535  9.028  3.618 0.0000000000
103108  -52.992  8.906  2.934 0.0000000000
104306  -53.767  9.787  3.281 0.0000000000
103116  -53.994  8.909  1.897 0.0000000000
104324  -54.369  9.134  1.698 0.0000000000
103123  -53.385  8.134  1.439 0.0000000000
66824  -10.523  -18.575  40.097 0.0000000000
87219  -35.251  -2.528  18.472 0.0000000000
88506  -35.952  -2.516  18.736 0.0000000000
87245  -36.658  -3.128  18.049 0.0000000000
87244  -35.596  -2.851  17.597 0.0000000000
69439  -19.604  -15.717  40.115 0.0000000000
73410  -28.707  -13.168  36.410 0.0000000000
74722  -29.253  -12.844  37.463 0.0000000000
76072  -30.397  -11.671  38.177 0.0000000000
74723  -30.144  -12.332  37.482 0.0000000000
77540  -37.641  -10.679  34.573 0.0000000000
77525  -37.382  -10.273  34.938 0.0000000000
69447  -18.230  -15.529  39.931 0.0000000000
91424  -48.348  0.321  5.971 0.0000000000
91405  -49.193  0.279  7.290 0.0000000000
92780  -49.322  0.800  6.188 0.0000000000
81520  -41.734  -6.182  27.077 0.0000000000
82913  -41.884  -5.475  26.501 0.0000000000
82912  -41.474  -5.827  26.032 0.0000000000
83026  -36.507  -5.745  20.056 0.0000000000
83005  -37.399  -5.888  20.788 0.0000000000
70748  -19.439  -15.324  34.422 0.0000000000
72119  -23.069  -14.412  31.338 0.0000000000
76294  -38.239  -11.414  28.258 0.0000000000
74864  -37.386  -11.809  28.308 0.0000000000
74850  -37.912  -11.790  29.276 0.0000000000
74851  -38.345  -11.630  29.795 0.0000000000
76275  -38.850  -11.206  29.344 0.0000000000
76255  -39.184  -10.989  30.051 0.0000000000
80236  -40.931  -7.369  26.429 0.0000000000
81519  -41.342  -6.847  26.828 0.0000000000
81501  -41.836  -6.114  27.604 0.0000000000
87179  -46.069  -3.214  20.462 0.0000000000
88476  -47.542  -2.858  21.087 0.0000000000
87180  -47.159  -3.032  20.574 0.0000000000
85960  -49.674  -3.603  16.766 0.0000000000
87248  -50.614  -3.510  17.703 0.0000000000
87266  -50.893  -3.405  16.882 0.0000000000
87250  -52.325  -3.179  17.508 0.0000000000
87267  -51.575  -3.183  16.600 0.0000000000
97957  -50.597  5.255  4.193 0.0000000000
96804  -52.138  4.396  4.537 0.0000000000
97974  -52.003  5.240  4.144 0.0000000000
101718  -55.132  8.132  9.442 0.0000000000
100430  -44.054  6.554  3.869 0.0000000000
100499  -46.918  6.639  0.030 0.0000000000
101849  -45.690  7.803  -0.988 0.0000000000
101850  -46.686  7.760  -0.982 0.0000000000
64125  -9.316  -20.647  42.688 0.0000000000
61706  -8.475  -21.698  43.580 0.0000000000
61707  -9.088  -21.433  43.828 0.0000000000
66737  -9.956  -18.467  46.943 0.0000000000
56541  -8.958  -23.961  46.545 0.0000000000
87122  -39.745  -2.542  23.593 0.0000000000
88427  -39.552  -2.219  22.972 0.0000000000
87147  -41.768  -2.745  22.380 0.0000000000
88443  -41.549  -2.084  22.427 0.0000000000
87135  -42.499  -3.260  23.458 0.0000000000
88430  -43.011  -2.902  24.237 0.0000000000
85831  -42.822  -3.791  23.260 0.0000000000
85832  -43.411  -3.977  23.135 0.0000000000
85842  -42.817  -4.057  22.636 0.0000000000
83095  -39.112  -5.947  16.588 0.0000000000
84539  -40.259  -5.494  17.832 0.0000000000
83113  -40.405  -5.422  16.094 0.0000000000
70693  -23.627  -14.831  37.614 0.0000000000
70694  -24.451  -14.835  37.954 0.0000000000
74859  -27.753  -11.813  28.047 0.0000000000
73518  -27.194  -12.709  27.973 0.0000000000
74844  -28.022  -12.045  28.670 0.0000000000
78921  -31.170  -9.567  27.166 0.0000000000
78903  -31.335  -9.713  28.191 0.0000000000
78835  -32.503  -9.598  33.306 0.0000000000
78848  -31.730  -9.751  32.141 0.0000000000
78834  -31.895  -9.736  33.066 0.0000000000
78833  -31.703  -10.120  33.163 0.0000000000
78803  -32.134  -9.553  34.971 0.0000000000
78788  -32.311  -9.339  35.905 0.0000000000
78804  -32.630  -9.032  35.142 0.0000000000
78852  -42.166  -8.333  32.331 0.0000000000
70651  -13.527  -15.134  39.148 0.0000000000
92655  -48.735  0.768  13.717 0.0000000000
91272  -48.934  -0.080  14.412 0.0000000000
91273  -49.851  0.238  14.319 0.0000000000
89908  -51.727  -0.825  13.796 0.0000000000
91292  -51.168  0.073  13.961 0.0000000000
97879  -52.940  4.800  11.894 0.0000000000
96710  -52.651  4.312  11.586 0.0000000000
100525  -49.839  7.200  -2.625 0.0000000000
103181  -54.388  8.443  -4.091 0.0000000000
101899  -54.515  7.669  -4.518 0.0000000000
100598  -56.669  7.854  -7.811 0.0000000000
100597  -56.225  7.485  -7.479 0.0000000000
101939  -56.938  8.585  -7.764 0.0000000000
101926  -56.856  9.066  -7.350 0.0000000000
103226  -57.560  9.607  -7.776 0.0000000000
81553  -39.515  -7.985  24.692 0.0000000000
81573  -39.471  -7.369  23.963 0.0000000000
80284  -39.001  -7.931  23.560 0.0000000000
80315  -37.445  -7.794  21.758 0.0000000000
80298  -38.102  -7.798  22.397 0.0000000000
80334  -36.630  -7.695  20.865 0.0000000000
77652  -36.845  -10.382  25.258 0.0000000000
77651  -36.140  -10.528  24.836 0.0000000000
77637  -37.353  -10.568  25.868 0.0000000000
76330  -37.392  -10.943  26.506 0.0000000000
77638  -38.249  -10.168  26.171 0.0000000000
78965  -38.828  -9.365  24.568 0.0000000000
78951  -39.284  -9.220  25.105 0.0000000000
80250  -39.486  -8.582  24.812 0.0000000000
80251  -39.998  -8.403  25.408 0.0000000000
85931  -43.873  -4.104  17.584 0.0000000000
85932  -44.791  -3.914  17.480 0.0000000000
85954  -44.207  -3.957  16.591 0.0000000000
85956  -45.906  -3.674  16.161 0.0000000000
87280  -45.572  -3.086  15.370 0.0000000000
101788  -50.488  7.577  4.241 0.0000000000
100418  -51.730  7.224  4.637 0.0000000000
101778  -51.280  7.865  4.642 0.0000000000
101782  -55.498  8.606  5.221 0.0000000000
101773  -55.546  8.523  6.444 0.0000000000
103081  -55.911  9.221  6.071 0.0000000000
104337  -55.281  10.365  0.255 0.0000000000
104346  -54.998  10.521  -0.355 0.0000000000
104345  -54.415  10.372  -0.682 0.0000000000
65489  -10.241  -19.086  40.597 0.0000000000
64136  -9.897  -19.854  41.909 0.0000000000
88455  -37.349  -2.526  20.559 0.0000000000
88472  -37.645  -2.151  20.365 0.0000000000
87193  -37.997  -2.575  19.490 0.0000000000
88489  -38.221  -2.231  20.059 0.0000000000
87194  -39.236  -2.819  19.919 0.0000000000
87174  -39.687  -2.338  20.561 0.0000000000
87195  -39.956  -3.082  20.137 0.0000000000
85885  -40.161  -3.740  19.979 0.0000000000
87223  -38.975  -3.257  19.436 0.0000000000
85928  -38.354  -4.449  18.513 0.0000000000
84536  -37.447  -4.592  17.464 0.0000000000
83080  -38.113  -5.514  17.248 0.0000000000
84551  -37.291  -5.097  17.127 0.0000000000
72048  -26.245  -13.832  36.630 0.0000000000
72034  -26.136  -14.087  37.564 0.0000000000
73394  -26.972  -13.706  37.506 0.0000000000
74694  -29.057  -12.617  38.817 0.0000000000
74693  -28.279  -13.117  38.933 0.0000000000
74685  -28.838  -12.847  39.332 0.0000000000
77435  -31.320  -10.861  39.487 0.0000000000
74679  -31.301  -12.075  39.635 0.0000000000
74680  -31.791  -11.837  39.309 0.0000000000
78945  -26.298  -9.015  25.543 0.0000000000
77631  -26.774  -9.938  25.947 0.0000000000
78929  -26.771  -9.407  26.012 0.0000000000
77566  -34.675  -11.508  31.657 0.0000000000
77564  -33.362  -10.703  30.942 0.0000000000
77565  -34.056  -11.090  31.550 0.0000000000
78838  -35.424  -9.922  34.204 0.0000000000
77537  -34.136  -10.421  32.956 0.0000000000
78837  -34.158  -9.865  33.439 0.0000000000
78822  -33.913  -9.244  34.176 0.0000000000
80150  -34.274  -8.784  34.829 0.0000000000
80151  -35.142  -8.796  35.189 0.0000000000
80135  -36.057  -8.667  35.727 0.0000000000
70744  -15.613  -15.581  34.954 0.0000000000
70728  -16.066  -15.512  35.789 0.0000000000
70688  -16.689  -15.547  38.175 0.0000000000
70653  -15.137  -15.227  39.644 0.0000000000
70654  -16.057  -15.282  39.866 0.0000000000
70622  -18.144  -15.379  41.544 0.0000000000
70621  -17.302  -15.197  41.724 0.0000000000
90006  -46.212  -1.475  8.058 0.0000000000
89989  -46.414  -1.456  9.124 0.0000000000
90007  -47.135  -1.064  8.277 0.0000000000
91365  -49.456  0.472  8.868 0.0000000000
91348  -49.034  0.249  9.844 0.0000000000
92723  -49.311  0.596  10.560 0.0000000000
92704  -49.185  0.703  11.264 0.0000000000
92705  -49.730  0.967  10.765 0.0000000000
100546  -48.735  7.806  -4.404 0.0000000000
99267  -56.256  6.974  -8.685 0.0000000000
99268  -56.872  7.279  -8.861 0.0000000000
100635  -57.791  7.724  -9.244 0.0000000000
99288  -57.082  6.966  -9.508 0.0000000000
68189  -11.129  -16.839  42.575 0.0000000000
68124  -10.360  -16.886  46.679 0.0000000000
85749  -42.385  -3.941  27.947 0.0000000000
84441  -41.494  -4.690  25.376 0.0000000000
85806  -41.603  -3.609  25.721 0.0000000000
87112  -40.727  -2.881  24.907 0.0000000000
85818  -40.458  -3.732  24.009 0.0000000000
82946  -39.714  -6.368  23.405 0.0000000000
82947  -40.167  -5.616  23.763 0.0000000000
82966  -39.365  -5.970  22.784 0.0000000000
84484  -37.773  -4.755  21.102 0.0000000000
84477  -39.055  -4.556  22.289 0.0000000000
85840  -38.720  -3.711  22.193 0.0000000000
87145  -38.173  -2.989  21.765 0.0000000000
85851  -37.420  -3.735  20.942 0.0000000000
69485  -19.644  -15.599  36.807 0.0000000000
70712  -20.074  -15.623  36.316 0.0000000000
70733  -21.217  -15.192  35.383 0.0000000000
70713  -20.957  -15.275  36.299 0.0000000000
70734  -22.182  -15.006  35.438 0.0000000000
70788  -20.797  -15.253  32.367 0.0000000000
72095  -23.746  -14.327  33.401 0.0000000000
72076  -23.602  -14.388  34.471 0.0000000000
72058  -24.536  -14.214  35.488 0.0000000000
72097  -25.459  -13.616  33.493 0.0000000000
73444  -26.071  -13.574  34.366 0.0000000000
73445  -26.903  -13.429  34.416 0.0000000000
73427  -27.767  -13.447  35.412 0.0000000000
76339  -30.624  -10.425  24.849 0.0000000000
77648  -30.240  -10.030  25.155 0.0000000000
77649  -30.900  -10.269  25.481 0.0000000000
77619  -31.622  -9.946  26.790 0.0000000000
76343  -34.006  -11.555  25.155 0.0000000000
76342  -32.888  -11.591  25.162 0.0000000000
76327  -34.333  -11.811  26.290 0.0000000000
74848  -35.727  -12.263  29.041 0.0000000000
74861  -34.887  -12.235  27.983 0.0000000000
76293  -34.175  -11.918  28.222 0.0000000000
76272  -34.101  -11.966  29.269 0.0000000000
76253  -34.149  -11.915  30.231 0.0000000000
76273  -34.896  -12.203  29.703 0.0000000000
74824  -38.291  -11.892  31.087 0.0000000000
74810  -36.784  -12.154  31.782 0.0000000000
74811  -37.687  -12.047  31.786 0.0000000000
76188  -37.516  -11.386  33.469 0.0000000000
76190  -40.016  -10.992  33.621 0.0000000000
76213  -39.991  -11.248  32.718 0.0000000000
77567  -41.152  -9.858  31.003 0.0000000000
77568  -41.350  -10.075  31.951 0.0000000000
78865  -41.537  -9.123  31.084 0.0000000000
77624  -39.816  -9.794  27.593 0.0000000000
77607  -40.062  -9.972  28.575 0.0000000000
80203  -41.266  -7.790  29.172 0.0000000000
80181  -41.714  -7.843  31.100 0.0000000000
81473  -41.474  -6.961  30.432 0.0000000000
81465  -41.712  -6.726  31.242 0.0000000000
82834  -41.592  -6.111  30.599 0.0000000000
84378  -42.180  -4.970  29.470 0.0000000000
84362  -42.128  -4.730  30.154 0.0000000000
70730  -18.337  -15.581  35.634 0.0000000000
88448  -49.549  -1.747  23.050 0.0000000000
88464  -49.526  -1.961  22.472 0.0000000000
89809  -51.490  -1.673  21.222 0.0000000000
88480  -51.500  -2.086  20.573 0.0000000000
87226  -47.660  -3.533  18.941 0.0000000000
87200  -48.182  -3.222  19.740 0.0000000000
88509  -51.884  -2.954  18.808 0.0000000000
87203  -50.729  -3.026  19.339 0.0000000000
88495  -52.818  -2.428  19.491 0.0000000000
88511  -53.537  -2.637  18.937 0.0000000000
87252  -53.964  -3.121  17.319 0.0000000000
95490  -49.304  3.128  4.564 0.0000000000
94151  -50.892  2.102  5.699 0.0000000000
94152  -51.663  2.824  5.725 0.0000000000
96777  -53.030  4.194  7.159 0.0000000000
95480  -52.585  3.730  6.679 0.0000000000
97938  -53.277  4.775  8.302 0.0000000000
97915  -53.159  4.643  9.070 0.0000000000
97916  -53.633  5.229  8.843 0.0000000000
99085  -54.034  6.249  5.599 0.0000000000
99073  -54.007  6.116  6.575 0.0000000000
99063  -54.465  6.689  7.338 0.0000000000
99028  -54.313  6.474  9.276 0.0000000000
55307  -6.954  -25.345  44.902 0.0000000000
56556  -6.520  -24.973  44.810 0.0000000000
55315  -6.513  -25.766  44.456 0.0000000000
88662  -41.409  -2.352  8.292 0.0000000000
88646  -42.225  -2.351  8.967 0.0000000000
88663  -42.270  -2.300  8.150 0.0000000000
88685  -43.165  -1.976  7.161 0.0000000000
88699  -43.316  -1.642  6.416 0.0000000000
90026  -44.448  -1.551  6.711 0.0000000000
88700  -43.994  -1.485  6.365 0.0000000000
90064  -44.712  -0.139  5.424 0.0000000000
91420  -45.191  0.556  5.116 0.0000000000
91421  -46.091  0.484  5.249 0.0000000000
92796  -45.752  1.428  4.980 0.0000000000
94147  -46.372  2.325  4.872 0.0000000000
95503  -45.938  3.692  4.533 0.0000000000
95488  -46.984  3.416  4.689 0.0000000000
96799  -45.824  4.322  4.333 0.0000000000
99096  -46.401  5.545  3.940 0.0000000000
97970  -46.596  4.866  3.943 0.0000000000
99097  -47.294  5.533  3.762 0.0000000000
97972  -48.125  5.401  4.272 0.0000000000
100433  -46.981  6.032  3.514 0.0000000000
99135  -46.013  6.149  1.289 0.0000000000
99122  -46.598  6.100  1.885 0.0000000000
100455  -47.571  6.471  3.030 0.0000000000
100469  -48.268  6.487  2.392 0.0000000000
100456  -48.908  6.837  3.164 0.0000000000
99124  -48.588  6.296  1.771 0.0000000000
99153  -49.136  6.623  0.595 0.0000000000
99138  -49.020  6.382  1.218 0.0000000000
100483  -50.867  6.875  1.361 0.0000000000
100503  -50.440  7.276  0.626 0.0000000000
101837  -49.437  7.760  0.011 0.0000000000
101875  -48.503  7.557  -2.281 0.0000000000
61701  -8.259  -21.984  44.068 0.0000000000
68177  -10.753  -17.447  43.748 0.0000000000
66786  -10.742  -17.870  42.820 0.0000000000
65434  -10.009  -18.896  44.740 0.0000000000
65433  -9.884  -19.233  45.127 0.0000000000
64116  -9.775  -20.025  44.493 0.0000000000
64095  -9.700  -19.997  47.620 0.0000000000
62872  -9.469  -21.234  45.921 0.0000000000
61697  -9.187  -21.959  44.899 0.0000000000
60382  -8.357  -23.034  46.036 0.0000000000
61680  -8.058  -22.960  45.415 0.0000000000
59041  -7.703  -23.696  45.906 0.0000000000
57826  -7.916  -24.079  46.335 0.0000000000
54168  -8.333  -25.903  45.443 0.0000000000
91105  -48.165  -1.002  26.522 0.0000000000
91122  -47.829  -1.344  26.242 0.0000000000
88373  -42.230  -2.118  27.447 0.0000000000
89669  -42.917  -1.876  28.853 0.0000000000
88372  -41.851  -1.660  26.955 0.0000000000
89728  -40.737  -1.418  25.155 0.0000000000
89711  -41.779  -0.843  26.331 0.0000000000
91097  -41.470  -0.924  25.601 0.0000000000
91080  -42.335  -0.698  26.763 0.0000000000
91118  -41.666  -0.755  25.122 0.0000000000
88457  -39.087  -1.628  21.631 0.0000000000
89797  -39.639  -1.386  22.404 0.0000000000
89798  -39.911  -1.198  22.179 0.0000000000
89773  -42.295  -1.487  24.195 0.0000000000
89772  -41.571  -0.856  23.859 0.0000000000
89753  -42.169  -0.820  24.767 0.0000000000
89729  -42.345  -0.829  25.207 0.0000000000
89730  -42.768  -1.012  25.469 0.0000000000
89712  -44.389  -1.132  26.565 0.0000000000
89731  -44.095  -1.338  26.014 0.0000000000
88401  -46.162  -2.354  25.727 0.0000000000
88418  -47.008  -2.500  24.904 0.0000000000
88433  -47.951  -2.446  24.132 0.0000000000
87150  -45.590  -3.527  22.338 0.0000000000
87162  -44.586  -3.772  20.911 0.0000000000
85886  -41.195  -4.519  20.231 0.0000000000
84511  -41.321  -4.973  19.489 0.0000000000
85910  -42.699  -4.566  18.763 0.0000000000
85911  -43.602  -4.156  18.614 0.0000000000
85930  -43.041  -4.414  17.776 0.0000000000
84567  -40.861  -4.955  15.367 0.0000000000
85993  -41.036  -4.411  14.432 0.0000000000
86006  -41.219  -4.143  13.959 0.0000000000
86005  -40.577  -4.315  13.514 0.0000000000
85948  -34.150  -3.563  16.426 0.0000000000
85971  -33.463  -4.075  15.732 0.0000000000
83108  -35.178  -5.844  14.940 0.0000000000
83092  -36.374  -5.733  16.159 0.0000000000
81750  -36.744  -6.549  14.239 0.0000000000
83153  -36.887  -6.276  13.183 0.0000000000
83155  -38.424  -5.818  13.653 0.0000000000
83176  -37.584  -5.881  12.774 0.0000000000
86035  -39.029  -4.148  11.955 0.0000000000
70673  -21.081  -15.417  38.005 0.0000000000
70657  -21.352  -15.481  39.039 0.0000000000
72019  -25.928  -14.126  39.367 0.0000000000
73377  -26.140  -13.880  39.895 0.0000000000
73506  -26.608  -13.003  28.900 0.0000000000
73505  -25.499  -13.248  28.533 0.0000000000
73481  -25.537  -13.242  31.221 0.0000000000
73472  -28.284  -13.307  32.272 0.0000000000
73471  -27.227  -13.286  32.280 0.0000000000
72079  -29.213  -13.429  33.568 0.0000000000
80246  -28.340  -8.351  25.263 0.0000000000
80223  -29.706  -8.846  27.445 0.0000000000
78931  -27.854  -9.148  26.883 0.0000000000
78918  -28.754  -9.334  27.920 0.0000000000
78877  -32.134  -9.990  30.276 0.0000000000
78891  -31.204  -9.732  29.200 0.0000000000
78876  -31.546  -9.836  30.276 0.0000000000
78874  -30.047  -10.062  30.170 0.0000000000
80189  -29.879  -9.631  30.018 0.0000000000
78873  -29.629  -10.131  29.730 0.0000000000
77587  -29.031  -10.389  28.925 0.0000000000
76251  -29.454  -11.115  29.897 0.0000000000
74832  -29.477  -11.695  30.107 0.0000000000
74820  -30.134  -11.696  31.260 0.0000000000
76166  -31.408  -11.069  34.355 0.0000000000
73475  -30.864  -12.174  33.159 0.0000000000
74782  -31.281  -11.910  34.486 0.0000000000
74767  -30.949  -12.009  35.449 0.0000000000
76123  -31.175  -11.128  36.294 0.0000000000
76099  -30.951  -11.149  37.230 0.0000000000
77489  -31.429  -10.316  37.012 0.0000000000
78748  -33.019  -9.622  38.200 0.0000000000
78753  -32.067  -9.476  38.172 0.0000000000
76055  -32.726  -10.450  38.121 0.0000000000
80088  -35.082  -9.019  37.035 0.0000000000
78765  -34.362  -9.490  36.844 0.0000000000
77493  -34.974  -9.951  36.542 0.0000000000
77543  -41.122  -10.385  33.828 0.0000000000
69499  -13.785  -15.797  35.035 0.0000000000
70725  -13.630  -15.751  35.768 0.0000000000
70704  -12.711  -16.070  36.260 0.0000000000
69481  -12.696  -16.079  35.780 0.0000000000
69480  -12.281  -16.267  36.007 0.0000000000
69479  -11.684  -16.588  36.049 0.0000000000
68240  -11.122  -17.136  36.091 0.0000000000
70649  -12.311  -15.843  38.474 0.0000000000
69456  -11.823  -16.359  38.032 0.0000000000
69435  -11.826  -16.068  40.034 0.0000000000
69434  -11.582  -16.614  40.499 0.0000000000
70619  -15.486  -14.889  41.578 0.0000000000
70618  -14.577  -14.796  41.423 0.0000000000
91162  -51.822  -0.980  23.054 0.0000000000
88598  -42.362  -2.502  11.502 0.0000000000
88586  -42.831  -2.562  12.423 0.0000000000
88599  -43.184  -2.183  11.855 0.0000000000
89926  -44.520  -1.655  12.469 0.0000000000
88588  -44.468  -1.673  13.150 0.0000000000
88563  -45.558  -1.305  14.272 0.0000000000
88543  -46.142  -1.818  14.714 0.0000000000
89958  -46.999  -1.075  11.255 0.0000000000
89957  -45.948  -1.507  11.095 0.0000000000
91314  -47.281  -0.623  12.748 0.0000000000
89885  -48.421  -0.972  14.295 0.0000000000
89884  -47.532  -0.924  14.427 0.0000000000
88546  -48.794  -1.831  14.256 0.0000000000
87299  -49.202  -2.500  14.467 0.0000000000
87300  -49.978  -2.628  14.596 0.0000000000
87286  -51.741  -3.026  15.501 0.0000000000
87301  -50.991  -2.731  14.571 0.0000000000
87304  -54.078  -2.469  14.539 0.0000000000
87303  -53.109  -2.560  14.474 0.0000000000
94124  -51.046  2.065  7.511 0.0000000000
95430  -51.126  2.364  9.406 0.0000000000
95378  -51.824  3.304  12.332 0.0000000000
95393  -51.447  2.651  11.655 0.0000000000
95377  -51.243  2.669  12.755 0.0000000000
94008  -50.616  2.053  13.255 0.0000000000
93998  -50.579  2.209  14.014 0.0000000000
101853  -50.257  8.479  -0.360 0.0000000000
101854  -51.369  8.629  -0.342 0.0000000000
103144  -50.675  9.212  -0.903 0.0000000000
103157  -51.172  9.555  -1.511 0.0000000000
104361  -51.586  9.665  -1.842 0.0000000000
104353  -52.664  10.180  -1.690 0.0000000000
104362  -52.264  9.811  -2.259 0.0000000000
100526  -50.626  7.371  -2.526 0.0000000000
100535  -51.357  7.174  -2.872 0.0000000000
103172  -52.780  9.069  -3.163 0.0000000000
104370  -53.324  10.057  -3.043 0.0000000000
105508  -54.397  10.997  -3.239 0.0000000000
104371  -54.257  10.225  -3.712 0.0000000000
104378  -55.472  10.358  -4.743 0.0000000000
105516  -55.388  11.096  -4.196 0.0000000000
105528  -55.831  10.846  -4.869 0.0000000000
105529  -56.295  11.251  -5.127 0.0000000000
100581  -55.887  7.590  -6.655 0.0000000000
100580  -55.104  6.881  -6.635 0.0000000000
101912  -55.244  8.096  -5.281 0.0000000000
101913  -55.826  8.526  -6.011 0.0000000000
104403  -56.817  10.294  -6.267 0.0000000000
104402  -56.292  9.979  -5.879 0.0000000000
105544  -56.982  10.910  -5.790 0.0000000000
103252  -59.021  9.158  -9.316 0.0000000000
80266  -38.627  -9.000  23.740 0.0000000000
80283  -38.328  -8.498  23.257 0.0000000000
80282  -37.858  -8.773  22.990 0.0000000000
77664  -34.714  -10.522  23.401 0.0000000000
77667  -37.419  -9.923  24.705 0.0000000000
78964  -38.157  -9.468  24.173 0.0000000000
85976  -42.775  -3.906  15.290 0.0000000000
85977  -43.725  -3.728  15.653 0.0000000000
87277  -42.898  -3.660  14.786 0.0000000000
87278  -43.331  -3.480  14.828 0.0000000000
87297  -43.664  -2.876  14.185 0.0000000000
103095  -51.315  8.324  3.739 0.0000000000
103096  -52.033  8.920  3.956 0.0000000000
103097  -52.611  9.207  4.226 0.0000000000
105437  -54.593  10.285  3.683 0.0000000000
105450  -54.963  10.497  3.162 0.0000000000
105459  -54.841  10.143  2.478 0.0000000000
104315  -54.807  9.809  2.070 0.0000000000
104325  -54.917  9.723  1.250 0.0000000000
103136  -53.897  8.955  -0.267 0.0000000000
66838  -10.169  -18.782  39.147 0.0000000000
65473  -10.352  -18.828  41.729 0.0000000000
87191  -36.114  -2.753  19.453 0.0000000000
88487  -36.590  -2.534  19.343 0.0000000000
88508  -36.890  -2.496  19.181 0.0000000000
87221  -37.275  -2.824  18.866 0.0000000000
85907  -38.029  -3.578  18.642 0.0000000000
87246  -37.165  -3.332  18.296 0.0000000000
85926  -36.283  -3.531  17.358 0.0000000000
70623  -19.065  -15.630  41.561 0.0000000000
73395  -27.872  -13.395  37.440 0.0000000000
74705  -29.173  -12.720  38.216 0.0000000000
74695  -29.543  -12.262  38.605 0.0000000000
76034  -29.899  -11.826  39.269 0.0000000000
76053  -30.072  -11.771  38.755 0.0000000000
76054  -30.694  -11.120  38.699 0.0000000000
76073  -30.908  -11.026  38.068 0.0000000000
76187  -36.273  -11.361  33.100 0.0000000000
78824  -35.819  -9.327  34.956 0.0000000000
78805  -37.196  -9.415  35.522 0.0000000000
70671  -16.801  -15.384  39.180 0.0000000000
70655  -16.933  -15.353  40.095 0.0000000000
69457  -17.582  -15.487  39.528 0.0000000000
69437  -18.030  -15.494  40.800 0.0000000000
90050  -47.289  -0.583  6.651 0.0000000000
91382  -47.821  -0.495  7.326 0.0000000000
91383  -48.685  -0.084  7.727 0.0000000000
91384  -49.372  0.309  7.948 0.0000000000
92746  -49.910  0.969  9.065 0.0000000000
84396  -42.312  -4.872  28.557 0.0000000000
85750  -42.342  -4.252  27.665 0.0000000000
84426  -42.264  -4.674  26.930 0.0000000000
84440  -41.081  -5.054  24.784 0.0000000000
82986  -38.485  -5.965  21.911 0.0000000000
83006  -38.115  -5.616  21.308 0.0000000000
85850  -36.554  -3.977  20.479 0.0000000000
84493  -36.041  -4.727  20.027 0.0000000000
70747  -18.465  -15.542  34.508 0.0000000000
70749  -20.435  -15.187  34.398 0.0000000000
72105  -22.192  -14.807  32.356 0.0000000000
72106  -22.957  -14.597  32.362 0.0000000000
72096  -24.673  -13.939  33.403 0.0000000000
72109  -25.637  -13.551  32.924 0.0000000000
74890  -35.740  -11.899  26.720 0.0000000000
74889  -34.990  -12.060  26.769 0.0000000000
74877  -36.291  -12.041  27.268 0.0000000000
74863  -36.485  -12.208  28.245 0.0000000000
74834  -35.880  -12.239  30.150 0.0000000000
74835  -37.038  -12.144  30.184 0.0000000000
74836  -37.910  -11.832  30.293 0.0000000000
76233  -39.251  -11.420  30.845 0.0000000000
76256  -39.899  -10.654  30.263 0.0000000000
77579  -40.720  -10.060  30.374 0.0000000000
80225  -40.610  -8.611  26.953 0.0000000000
78906  -40.965  -8.556  28.327 0.0000000000
81489  -41.445  -7.073  28.730 0.0000000000
82863  -41.635  -6.402  29.018 0.0000000000
82848  -41.551  -6.251  29.829 0.0000000000
82879  -41.939  -5.877  28.220 0.0000000000
70767  -16.701  -15.728  33.698 0.0000000000
70768  -17.578  -15.585  33.534 0.0000000000
88462  -47.514  -2.825  21.811 0.0000000000
88463  -48.658  -2.390  22.115 0.0000000000
88492  -49.362  -2.933  20.244 0.0000000000
85917  -48.730  -3.754  18.110 0.0000000000
87228  -49.397  -3.553  18.616 0.0000000000
87247  -49.939  -3.621  17.985 0.0000000000
87230  -51.261  -3.202  18.613 0.0000000000
87231  -51.935  -3.172  18.250 0.0000000000
88524  -52.889  -3.083  17.858 0.0000000000
87251  -53.145  -3.182  17.219 0.0000000000
95505  -51.081  3.791  4.280 0.0000000000
95492  -51.502  3.092  5.061 0.0000000000
95507  -52.104  3.682  4.889 0.0000000000
96805  -52.624  4.281  5.209 0.0000000000
96790  -53.336  5.051  6.463 0.0000000000
101758  -55.131  7.936  7.909 0.0000000000
100377  -54.761  7.272  8.098 0.0000000000
101731  -54.990  7.776  8.789 0.0000000000
106685  -55.957  11.874  -3.111 0.0000000000
90062  -43.037  -0.491  5.311 0.0000000000
97968  -44.589  5.059  4.213 0.0000000000
97969  -45.643  4.979  4.207 0.0000000000
99094  -44.328  5.859  4.178 0.0000000000
100431  -45.092  6.351  3.827 0.0000000000
100452  -44.651  6.672  3.276 0.0000000000
99150  -46.458  6.183  0.578 0.0000000000
99137  -48.071  6.070  1.175 0.0000000000
99151  -47.498  6.112  0.517 0.0000000000
100500  -47.891  6.664  0.031 0.0000000000
100514  -48.282  7.313  -0.294 0.0000000000
66748  -10.044  -17.770  45.431 0.0000000000
68134  -10.100  -17.977  46.221 0.0000000000
66742  -9.996  -18.538  46.423 0.0000000000
65419  -9.584  -19.313  46.652 0.0000000000
62862  -9.461  -21.062  47.612 0.0000000000
61674  -9.241  -22.279  46.683 0.0000000000
60375  -8.789  -22.935  46.450 0.0000000000
59035  -8.450  -23.489  46.458 0.0000000000
57819  -8.207  -23.768  46.497 0.0000000000
57820  -8.613  -23.852  46.575 0.0000000000
55304  -8.635  -25.002  46.112 0.0000000000
88398  -40.981  -2.170  25.785 0.0000000000
89697  -41.672  -1.511  26.717 0.0000000000
88397  -40.286  -2.048  25.166 0.0000000000
89727  -40.241  -1.778  24.755 0.0000000000
89751  -40.713  -1.048  24.332 0.0000000000
88459  -40.508  -1.929  21.440 0.0000000000
89799  -40.373  -1.357  21.973 0.0000000000
88442  -40.945  -1.598  22.188 0.0000000000
88428  -41.866  -1.702  23.336 0.0000000000
89774  -42.844  -2.082  24.424 0.0000000000
89755  -43.836  -2.014  25.414 0.0000000000
88415  -43.469  -2.459  24.898 0.0000000000
87125  -45.076  -3.270  24.255 0.0000000000
87126  -45.729  -3.158  24.157 0.0000000000
87137  -44.449  -3.729  23.275 0.0000000000
84524  -40.870  -5.190  18.786 0.0000000000
84540  -41.396  -5.161  17.785 0.0000000000
84553  -40.966  -5.292  16.647 0.0000000000
83133  -39.763  -5.407  14.793 0.0000000000
70658  -22.311  -15.032  39.448 0.0000000000
70675  -23.069  -14.972  38.580 0.0000000000
70660  -24.279  -14.622  39.623 0.0000000000
74673  -27.214  -13.530  40.389 0.0000000000
73363  -26.560  -13.687  40.824 0.0000000000
74873  -26.635  -11.837  26.313 0.0000000000
73529  -26.225  -12.614  26.773 0.0000000000
73530  -26.742  -12.627  27.399 0.0000000000
73494  -27.072  -13.191  30.084 0.0000000000
73495  -28.158  -13.060  30.300 0.0000000000
73484  -28.669  -13.144  31.345 0.0000000000
78932  -28.897  -8.641  25.785 0.0000000000
78933  -29.639  -8.843  26.229 0.0000000000
78919  -29.830  -8.772  26.977 0.0000000000
80180  -31.142  -9.818  30.211 0.0000000000
78860  -31.570  -9.728  31.090 0.0000000000
78859  -30.947  -9.902  31.012 0.0000000000
77551  -30.781  -10.616  31.643 0.0000000000
76207  -30.600  -11.178  31.599 0.0000000000
77552  -31.226  -10.717  32.484 0.0000000000
77524  -31.647  -10.469  34.169 0.0000000000
77512  -31.743  -10.245  35.161 0.0000000000
77502  -31.559  -10.387  36.111 0.0000000000
77503  -31.902  -9.793  36.046 0.0000000000
80093  -32.551  -8.947  37.082 0.0000000000
78755  -33.214  -9.182  38.080 0.0000000000
70706  -13.835  -15.576  36.518 0.0000000000
70684  -13.316  -15.560  37.190 0.0000000000
70683  -12.627  -15.980  36.874 0.0000000000
70682  -12.207  -16.197  37.032 0.0000000000
70633  -12.341  -15.702  39.487 0.0000000000
70582  -16.186  -14.594  43.211 0.0000000000
89954  -42.918  -2.060  10.492 0.0000000000
89938  -43.035  -2.089  11.045 0.0000000000
89940  -45.111  -1.438  11.865 0.0000000000
91315  -48.354  -0.186  12.405 0.0000000000
92653  -47.908  -0.101  13.603 0.0000000000
89886  -49.465  -0.885  14.132 0.0000000000
89906  -49.947  -1.412  13.977 0.0000000000
88566  -51.332  -1.836  13.970 0.0000000000
88568  -53.457  -1.657  14.059 0.0000000000
96743  -52.123  3.536  9.471 0.0000000000
95431  -51.632  3.058  9.858 0.0000000000
96718  -52.134  3.746  10.766 0.0000000000
96699  -52.288  3.880  11.987 0.0000000000
95361  -51.717  3.299  13.215 0.0000000000
101867  -49.157  8.006  -1.511 0.0000000000
103155  -49.899  8.404  -1.702 0.0000000000
103164  -50.321  8.594  -2.063 0.0000000000
101878  -50.851  8.204  -2.380 0.0000000000
103174  -54.556  9.750  -4.015 0.0000000000
99247  -55.442  6.820  -7.932 0.0000000000
100596  -55.594  7.050  -7.189 0.0000000000
103209  -56.844  9.483  -6.925 0.0000000000
104419  -57.113  9.869  -7.057 0.0000000000
104420  -57.515  9.966  -7.321 0.0000000000
103261  -59.078  8.789  -9.858 0.0000000000
101965  -59.645  8.648  -9.553 0.0000000000
81555  -40.712  -6.530  25.301 0.0000000000
81554  -40.013  -7.088  24.888 0.0000000000
81593  -38.523  -7.631  22.676 0.0000000000
81609  -38.484  -7.006  22.206 0.0000000000
81629  -37.914  -6.663  21.543 0.0000000000
72117  -21.312  -14.975  30.957 0.0000000000
72131  -22.177  -14.525  30.364 0.0000000000
72132  -23.283  -14.227  30.248 0.0000000000
76359  -32.431  -11.395  24.190 0.0000000000
76344  -35.231  -11.218  25.128 0.0000000000
76313  -37.053  -11.535  26.938 0.0000000000
76314  -37.847  -11.197  27.283 0.0000000000
76315  -38.612  -10.956  27.653 0.0000000000
76295  -38.904  -10.896  28.355 0.0000000000
77623  -39.193  -10.372  27.488 0.0000000000
77640  -39.523  -9.828  27.086 0.0000000000
78938  -39.927  -9.182  26.596 0.0000000000
78936  -38.769  -9.573  25.614 0.0000000000
78937  -39.161  -9.522  25.984 0.0000000000
80235  -40.534  -8.150  26.380 0.0000000000
87198  -46.511  -3.216  19.680 0.0000000000
87224  -46.113  -3.396  18.946 0.0000000000
85914  -46.282  -3.686  18.168 0.0000000000
85915  -47.140  -3.709  18.095 0.0000000000
85955  -45.100  -3.906  16.516 0.0000000000
85916  -47.994  -3.746  18.103 0.0000000000
85935  -47.521  -3.801  17.153 0.0000000000
85958  -48.046  -3.683  16.325 0.0000000000
85959  -48.952  -3.723  16.581 0.0000000000
99083  -51.205  6.260  4.406 0.0000000000
99100  -51.897  6.004  4.076 0.0000000000
99084  -52.102  6.625  4.287 0.0000000000
100438  -53.356  6.835  4.368 0.0000000000
99086  -54.604  6.958  5.293 0.0000000000
101790  -53.964  7.928  4.379 0.0000000000
100421  -54.938  7.722  4.908 0.0000000000
100409  -55.146  7.705  6.019 0.0000000000
101772  -55.259  8.049  7.037 0.0000000000
101759  -55.515  8.524  7.642 0.0000000000
105460  -55.497  10.666  2.362 0.0000000000
105488  -55.354  11.008  -0.515 0.0000000000
105494  -54.554  11.148  -1.551 0.0000000000
64171  -9.484  -19.311  39.634 0.0000000000
64158  -8.933  -19.916  40.125 0.0000000000
64135  -9.268  -20.490  42.031 0.0000000000
62891  -9.639  -20.516  43.272 0.0000000000
88426  -39.226  -2.341  22.322 0.0000000000
88440  -38.738  -2.224  21.974 0.0000000000
88474  -39.272  -1.888  20.737 0.0000000000
88475  -39.946  -1.997  20.911 0.0000000000
87159  -40.859  -2.558  21.406 0.0000000000
85852  -41.466  -3.456  21.635 0.0000000000
85853  -41.898  -3.788  22.039 0.0000000000
85865  -41.122  -3.600  21.016 0.0000000000
84509  -40.060  -4.487  19.552 0.0000000000
85908  -39.211  -3.829  19.129 0.0000000000
85929  -38.998  -4.514  18.669 0.0000000000
84523  -39.830  -4.871  18.992 0.0000000000
83081  -38.622  -5.645  17.346 0.0000000000
72033  -25.127  -14.542  37.706 0.0000000000
73378  -26.643  -13.744  39.339 0.0000000000
73385  -27.678  -13.449  38.303 0.0000000000
73379  -27.464  -13.439  39.081 0.0000000000
73372  -27.279  -13.489  39.676 0.0000000000
74674  -27.888  -13.318  40.245 0.0000000000
74678  -31.019  -12.121  39.849 0.0000000000
76323  -26.488  -11.005  25.780 0.0000000000
76324  -26.985  -10.678  26.385 0.0000000000
76290  -27.876  -10.778  27.797 0.0000000000
77577  -33.159  -10.871  30.084 0.0000000000
78878  -32.723  -10.377  30.256 0.0000000000
78862  -32.961  -10.231  31.342 0.0000000000
77553  -34.084  -10.788  32.438 0.0000000000
78851  -33.648  -10.277  32.392 0.0000000000
80162  -33.008  -9.622  33.893 0.0000000000
80131  -33.009  -8.879  34.849 0.0000000000
80132  -33.687  -8.451  35.157 0.0000000000
81438  -34.570  -8.399  36.160 0.0000000000
81427  -35.112  -8.559  36.768 0.0000000000
80121  -35.576  -8.499  35.888 0.0000000000
78767  -36.065  -9.598  36.855 0.0000000000
69515  -14.077  -15.870  34.222 0.0000000000
69500  -14.417  -15.687  35.033 0.0000000000
70708  -15.477  -15.440  36.725 0.0000000000
70707  -14.573  -15.453  36.612 0.0000000000
70668  -14.154  -15.264  38.395 0.0000000000
70652  -14.264  -15.158  39.416 0.0000000000
70637  -15.306  -15.085  40.627 0.0000000000
70620  -16.441  -15.025  41.681 0.0000000000
70601  -16.698  -14.860  42.476 0.0000000000
89988  -45.426  -1.783  8.802 0.0000000000
89972  -45.613  -1.709  9.934 0.0000000000
89974  -47.621  -0.914  10.418 0.0000000000
91363  -47.999  -0.527  8.507 0.0000000000
91347  -48.188  -0.422  9.595 0.0000000000
91326  -48.399  -0.231  11.504 0.0000000000
91327  -48.785  0.277  11.736 0.0000000000
92674  -48.960  0.589  12.565 0.0000000000
93996  -49.343  1.136  13.484 0.0000000000
100532  -48.569  7.638  -3.866 0.0000000000
100548  -50.276  6.941  -4.062 0.0000000000
100615  -56.956  7.744  -8.356 0.0000000000
101951  -57.372  8.590  -8.373 0.0000000000
101952  -57.760  8.564  -8.876 0.0000000000
101963  -58.090  8.493  -9.395 0.0000000000
101964  -58.500  8.350  -9.820 0.0000000000
100656  -58.039  7.446  -9.823 0.0000000000
103260  -58.738  8.657  -9.901 0.0000000000
68209  -11.364  -17.153  40.965 0.0000000000
66812  -11.060  -17.628  41.440 0.0000000000
68200  -11.317  -16.973  41.836 0.0000000000
66787  -10.918  -17.238  42.745 0.0000000000
68135  -10.140  -17.302  45.917 0.0000000000
88384  -41.985  -2.576  26.852 0.0000000000
85773  -42.326  -3.705  27.195 0.0000000000
87099  -42.092  -3.009  26.690 0.0000000000
87098  -41.714  -2.859  26.225 0.0000000000
87123  -40.052  -2.906  23.958 0.0000000000
87134  -39.678  -2.936  23.469 0.0000000000
82927  -40.543  -5.894  24.618 0.0000000000
84455  -40.638  -4.828  24.144 0.0000000000
82987  -38.966  -5.423  22.300 0.0000000000
84464  -39.503  -4.997  22.703 0.0000000000
84465  -40.021  -4.575  23.366 0.0000000000
87133  -39.226  -3.040  22.948 0.0000000000
87158  -37.619  -2.909  20.875 0.0000000000
69449  -19.738  -15.734  39.134 0.0000000000
70672  -20.290  -15.442  37.746 0.0000000000
70691  -21.529  -15.155  37.253 0.0000000000
70716  -23.805  -14.896  36.766 0.0000000000
70771  -20.645  -15.184  33.389 0.0000000000
72093  -22.112  -14.918  32.852 0.0000000000
70751  -22.463  -14.907  34.526 0.0000000000
70735  -23.008  -14.760  35.468 0.0000000000
72045  -23.595  -14.788  36.097 0.0000000000
72046  -24.382  -14.611  36.457 0.0000000000
72060  -26.366  -13.669  36.057 0.0000000000
73425  -25.924  -13.638  34.929 0.0000000000
73428  -28.769  -13.358  35.329 0.0000000000
77661  -28.770  -9.499  23.942 0.0000000000
78962  -29.149  -9.258  24.655 0.0000000000
78948  -29.517  -9.148  25.352 0.0000000000
78949  -30.041  -9.486  25.713 0.0000000000
78935  -31.065  -9.745  26.518 0.0000000000
77603  -32.160  -10.663  27.988 0.0000000000
76341  -31.909  -11.112  25.293 0.0000000000
76325  -32.447  -11.076  25.937 0.0000000000
74888  -34.470  -12.046  26.941 0.0000000000
76311  -33.489  -11.603  27.014 0.0000000000
77636  -32.377  -10.978  26.577 0.0000000000
77621  -32.702  -11.176  27.329 0.0000000000
77604  -32.724  -11.193  28.402 0.0000000000
77590  -33.005  -10.992  29.259 0.0000000000
77591  -33.518  -11.478  29.755 0.0000000000
76231  -34.394  -11.643  31.035 0.0000000000
76209  -35.331  -11.671  31.929 0.0000000000
74822  -36.414  -12.209  31.013 0.0000000000
74809  -35.923  -12.049  31.653 0.0000000000
76210  -36.147  -11.815  32.327 0.0000000000
77541  -39.071  -10.637  34.296 0.0000000000
76191  -40.805  -10.688  33.551 0.0000000000
76235  -40.706  -10.854  32.251 0.0000000000
77555  -41.484  -10.114  32.956 0.0000000000
77556  -42.031  -9.216  32.609 0.0000000000
76296  -39.346  -10.552  28.788 0.0000000000
77592  -40.360  -9.977  29.542 0.0000000000
78894  -40.860  -9.256  29.826 0.0000000000
80211  -41.076  -8.371  28.839 0.0000000000
80202  -41.079  -8.513  29.488 0.0000000000
78880  -41.432  -8.558  30.560 0.0000000000
80182  -41.877  -7.985  31.576 0.0000000000
81466  -41.946  -6.592  31.709 0.0000000000
82849  -41.826  -5.505  30.033 0.0000000000
82835  -41.827  -5.418  30.767 0.0000000000
69533  -15.225  -15.701  33.497 0.0000000000
69517  -15.630  -15.588  34.240 0.0000000000
70745  -16.387  -15.617  34.684 0.0000000000
69483  -18.323  -15.628  37.149 0.0000000000
89789  -49.690  -1.531  23.559 0.0000000000
89807  -50.153  -1.815  22.171 0.0000000000
91178  -51.623  -1.135  21.960 0.0000000000
91191  -51.980  -1.308  21.389 0.0000000000
87199  -47.345  -3.253  19.690 0.0000000000
88491  -48.714  -3.098  20.095 0.0000000000
87202  -49.900  -3.260  19.479 0.0000000000
88493  -50.403  -2.679  20.146 0.0000000000
89820  -52.413  -1.978  20.156 0.0000000000
88526  -54.113  -2.966  18.238 0.0000000000
92800  -49.845  1.297  5.870 0.0000000000
92801  -50.339  1.407  6.270 0.0000000000
94135  -51.176  2.126  6.684 0.0000000000
94125  -51.415  2.532  7.121 0.0000000000
95479  -52.095  3.208  6.234 0.0000000000
95471  -52.006  3.155  7.507 0.0000000000
96765  -52.323  3.529  8.638 0.0000000000
96744  -52.636  4.058  9.249 0.0000000000
97898  -52.925  4.593  10.131 0.0000000000
97880  -53.279  5.091  11.535 0.0000000000
97975  -53.051  5.257  4.726 0.0000000000
97960  -53.505  5.378  5.838 0.0000000000
97948  -53.614  5.445  6.877 0.0000000000
99040  -54.310  6.618  8.317 0.0000000000
99039  -53.999  5.884  8.559 0.0000000000
99027  -53.943  5.803  9.510 0.0000000000
60380  -7.348  -23.314  45.145 0.0000000000
87344  -40.534  -3.119  11.352 0.0000000000
87345  -41.226  -2.912  11.538 0.0000000000
88608  -40.561  -2.622  10.792 0.0000000000
88609  -41.277  -2.624  10.902 0.0000000000
88627  -42.148  -2.187  9.698 0.0000000000
88628  -43.017  -2.135  9.598 0.0000000000
88629  -43.581  -2.087  9.291 0.0000000000
88648  -43.755  -2.130  8.639 0.0000000000
88684  -42.338  -2.107  7.304 0.0000000000
88664  -43.071  -2.134  7.995 0.0000000000
89987  -44.558  -1.974  8.329 0.0000000000
90004  -44.511  -1.697  7.435 0.0000000000
90028  -45.979  -1.288  7.100 0.0000000000
90047  -44.643  -0.997  5.992 0.0000000000
90048  -45.715  -0.953  6.223 0.0000000000
90049  -46.603  -0.839  6.440 0.0000000000
91402  -47.186  -0.231  5.984 0.0000000000
91422  -47.000  0.430  5.413 0.0000000000
92798  -47.735  1.170  5.099 0.0000000000
94146  -45.393  2.309  4.739 0.0000000000
94149  -48.527  2.064  4.811 0.0000000000
95489  -48.099  3.233  4.676 0.0000000000
96800  -46.833  4.194  4.333 0.0000000000
96785  -47.630  4.241  4.568 0.0000000000
96786  -48.814  4.181  4.513 0.0000000000
97955  -48.336  5.044  4.422 0.0000000000
97956  -49.504  5.092  4.388 0.0000000000
99081  -49.107  5.794  4.480 0.0000000000
100465  -44.142  6.723  2.681 0.0000000000
100466  -45.164  6.613  2.607 0.0000000000
99121  -45.594  6.380  1.963 0.0000000000
100454  -46.618  6.277  3.030 0.0000000000
100434  -47.872  6.404  3.716 0.0000000000
99099  -49.164  6.388  4.368 0.0000000000
101786  -49.121  6.939  3.928 0.0000000000
101802  -49.860  7.244  3.490 0.0000000000
101810  -50.357  7.020  3.042 0.0000000000
100470  -49.859  6.683  2.202 0.0000000000
101811  -51.134  7.233  2.856 0.0000000000
100471  -51.315  6.960  2.113 0.0000000000
100472  -51.826  7.271  2.032 0.0000000000
100485  -52.244  7.480  1.119 0.0000000000
101839  -50.962  7.859  0.210 0.0000000000
101852  -49.058  7.949  -0.497 0.0000000000
100523  -48.102  7.660  -3.197 0.0000000000
100531  -48.001  7.884  -3.686 0.0000000000
101886  -47.909  8.080  -4.012 0.0000000000
66798  -10.766  -17.997  41.876 0.0000000000
66761  -10.152  -18.181  44.838 0.0000000000
65446  -10.154  -19.083  43.981 0.0000000000
64117  -9.887  -19.931  43.853 0.0000000000
62883  -9.584  -20.937  44.292 0.0000000000
64104  -9.654  -20.228  46.044 0.0000000000
59040  -7.235  -23.822  45.352 0.0000000000
56543  -7.243  -24.406  45.702 0.0000000000
55308  -7.443  -25.491  45.208 0.0000000000
56552  -7.980  -25.089  45.904 0.0000000000
54167  -7.792  -26.045  45.214 0.0000000000
91106  -48.872  -0.922  26.468 0.0000000000
91124  -49.100  -1.040  25.829 0.0000000000
89670  -43.026  -1.376  28.849 0.0000000000
89698  -42.006  -1.240  27.022 0.0000000000
89784  -39.783  -1.502  22.961 0.0000000000
89770  -40.234  -1.205  23.606 0.0000000000
89786  -40.710  -1.086  22.799 0.0000000000
89771  -40.829  -0.858  23.721 0.0000000000
91139  -41.224  -0.700  24.458 0.0000000000
91119  -42.250  -0.707  25.407 0.0000000000
91120  -43.169  -0.861  26.172 0.0000000000
91102  -45.284  -0.892  27.103 0.0000000000
89714  -45.820  -1.359  26.800 0.0000000000
88399  -44.274  -2.161  25.719 0.0000000000
89733  -46.467  -1.807  26.296 0.0000000000
89734  -47.503  -1.664  26.126 0.0000000000
89735  -48.139  -1.440  25.843 0.0000000000
89757  -48.522  -1.565  25.317 0.0000000000
88434  -48.671  -1.964  24.425 0.0000000000
87139  -46.571  -3.153  23.123 0.0000000000
88445  -47.036  -2.964  22.718 0.0000000000
87164  -46.551  -3.148  21.526 0.0000000000
85854  -42.848  -4.316  21.754 0.0000000000
85855  -43.795  -4.236  21.393 0.0000000000
85887  -42.191  -4.717  19.841 0.0000000000
85868  -43.959  -4.158  20.390 0.0000000000
87177  -44.596  -3.738  20.147 0.0000000000
87196  -44.923  -3.566  19.695 0.0000000000
85890  -44.921  -3.578  19.101 0.0000000000
84554  -42.003  -4.643  16.711 0.0000000000
85952  -42.438  -4.260  16.011 0.0000000000
85994  -41.724  -4.041  14.425 0.0000000000
87328  -40.438  -3.887  12.523 0.0000000000
87262  -34.783  -3.051  17.006 0.0000000000
85949  -35.523  -3.923  16.593 0.0000000000
85973  -35.208  -4.728  15.904 0.0000000000
84550  -36.388  -5.039  16.504 0.0000000000
83093  -36.947  -5.847  16.391 0.0000000000
83110  -37.508  -6.383  15.751 0.0000000000
83130  -36.357  -6.523  14.506 0.0000000000
81733  -37.133  -6.491  15.013 0.0000000000
83132  -39.187  -5.698  14.474 0.0000000000
84589  -39.171  -5.336  13.460 0.0000000000
84605  -37.616  -5.403  12.084 0.0000000000
84606  -38.514  -5.143  12.591 0.0000000000
84607  -39.269  -4.910  12.988 0.0000000000
86018  -39.538  -4.360  12.529 0.0000000000
87327  -39.773  -3.949  12.221 0.0000000000
70641  -20.503  -15.627  39.704 0.0000000000
70642  -21.508  -15.579  40.215 0.0000000000
72024  -25.254  -14.579  38.929 0.0000000000
72023  -24.745  -14.505  39.521 0.0000000000
72133  -24.417  -13.557  30.088 0.0000000000
72121  -24.875  -13.488  31.240 0.0000000000
73469  -25.326  -13.442  31.795 0.0000000000
73470  -26.022  -13.409  32.335 0.0000000000
73458  -27.013  -13.353  33.363 0.0000000000
73429  -29.805  -13.076  35.373 0.0000000000
80244  -26.839  -8.373  25.436 0.0000000000
78946  -26.868  -8.821  25.920 0.0000000000
78930  -27.292  -9.353  26.503 0.0000000000
78916  -27.754  -9.656  27.081 0.0000000000
77600  -27.987  -10.291  27.728 0.0000000000
78902  -30.720  -9.357  28.261 0.0000000000
80209  -29.710  -9.091  28.313 0.0000000000
80191  -30.990  -9.717  29.607 0.0000000000
80199  -29.814  -9.475  29.138 0.0000000000
80208  -29.177  -9.270  28.352 0.0000000000
78901  -28.936  -9.589  28.374 0.0000000000
77601  -28.295  -10.363  28.232 0.0000000000
76291  -28.176  -11.250  28.440 0.0000000000
74846  -29.072  -12.095  29.827 0.0000000000
73485  -29.569  -12.855  31.439 0.0000000000
74806  -30.528  -11.835  32.000 0.0000000000
73474  -30.328  -12.623  32.622 0.0000000000
72110  -29.842  -13.086  32.969 0.0000000000
73448  -30.055  -13.175  34.291 0.0000000000
74766  -30.495  -12.528  35.823 0.0000000000
74743  -30.202  -12.633  36.517 0.0000000000
74724  -30.535  -11.910  37.097 0.0000000000
77460  -31.279  -10.366  38.552 0.0000000000
78762  -31.716  -9.918  37.594 0.0000000000
77461  -31.814  -9.809  38.581 0.0000000000
77437  -32.267  -10.432  38.959 0.0000000000
80105  -33.161  -8.684  36.519 0.0000000000
77474  -33.951  -9.587  37.035 0.0000000000
76100  -33.702  -10.033  36.842 0.0000000000
68216  -11.238  -17.291  39.996 0.0000000000
68230  -11.180  -17.282  36.897 0.0000000000
69465  -11.406  -16.901  37.614 0.0000000000
71986  -14.812  -14.314  43.118 0.0000000000
87330  -42.126  -2.829  12.163 0.0000000000
88560  -43.233  -2.745  13.339 0.0000000000
87298  -44.331  -2.227  14.295 0.0000000000
88561  -44.018  -2.111  13.623 0.0000000000
87281  -46.639  -2.795  15.200 0.0000000000
85980  -47.192  -3.086  15.353 0.0000000000
85982  -48.671  -3.362  15.682 0.0000000000
89928  -46.159  -0.735  13.262 0.0000000000
91303  -46.924  -0.457  13.443 0.0000000000
89905  -47.027  -0.667  14.421 0.0000000000
89883  -46.817  -1.168  14.503 0.0000000000
88544  -47.074  -1.861  14.683 0.0000000000
87285  -50.480  -3.225  15.785 0.0000000000
87269  -53.635  -3.244  16.162 0.0000000000
87302  -52.061  -2.518  14.600 0.0000000000
87288  -53.792  -3.065  15.226 0.0000000000
92766  -50.455  1.366  7.741 0.0000000000
92747  -50.280  1.274  8.515 0.0000000000
94072  -50.163  1.220  9.539 0.0000000000
95410  -51.216  2.529  10.554 0.0000000000
94051  -50.704  1.852  10.336 0.0000000000
94034  -50.277  1.344  11.032 0.0000000000
94018  -50.183  1.398  11.938 0.0000000000
94007  -49.889  1.380  12.911 0.0000000000
92642  -50.318  1.219  14.592 0.0000000000
92643  -51.250  1.583  14.701 0.0000000000
91274  -50.728  0.706  14.389 0.0000000000
91293  -52.193  0.164  14.075 0.0000000000
101841  -53.324  8.292  0.059 0.0000000000
101856  -53.189  8.979  -0.484 0.0000000000
103145  -51.737  9.499  -0.926 0.0000000000
103146  -52.674  9.566  -0.779 0.0000000000
103147  -53.434  9.576  -0.782 0.0000000000
104344  -53.706  10.216  -1.039 0.0000000000
104354  -53.511  10.460  -1.703 0.0000000000
105493  -54.056  10.885  -1.888 0.0000000000
101879  -51.487  8.555  -2.492 0.0000000000
101888  -52.103  8.126  -2.864 0.0000000000
103166  -51.983  9.142  -2.700 0.0000000000
105501  -54.357  11.204  -2.392 0.0000000000
106683  -54.617  11.478  -2.842 0.0000000000
106684  -55.175  11.606  -3.192 0.0000000000
106691  -55.366  11.509  -3.775 0.0000000000
105515  -54.670  10.742  -3.900 0.0000000000
106692  -55.892  11.640  -3.983 0.0000000000
106702  -56.215  11.533  -4.531 0.0000000000
100552  -54.084  6.951  -4.877 0.0000000000
103192  -55.498  8.860  -5.357 0.0000000000
104388  -56.090  10.446  -5.415 0.0000000000
103238  -57.787  9.305  -8.414 0.0000000000
55310  -8.486  -25.474  45.858 0.0000000000
55316  -7.066  -25.836  44.806 0.0000000000
56542  -9.231  -24.014  46.550 0.0000000000
56545  -8.106  -24.742  46.219 0.0000000000
56546  -8.962  -24.483  46.362 0.0000000000
56550  -7.096  -24.768  45.352 0.0000000000
56551  -7.738  -24.957  45.656 0.0000000000
57825  -7.411  -24.120  45.853 0.0000000000
57827  -8.376  -24.278  46.407 0.0000000000
59034  -7.956  -23.662  46.262 0.0000000000
62884  -9.695  -20.581  43.816 0.0000000000
64159  -9.605  -19.495  40.074 0.0000000000
66760  -9.979  -18.642  45.121 0.0000000000
68151  -10.122  -17.396  45.160 0.0000000000
68178  -10.897  -16.965  43.307 0.0000000000
69425  -18.264  -15.502  41.135 0.0000000000
69426  -18.596  -15.618  41.053 0.0000000000
69427  -19.279  -15.681  40.842 0.0000000000
69446  -17.624  -15.415  40.318 0.0000000000
69471  -19.664  -15.549  37.422 0.0000000000
69548  -16.220  -15.773  33.138 0.0000000000
70639  -17.242  -15.329  40.917 0.0000000000
70640  -17.689  -15.352  41.247 0.0000000000
70677  -24.808  -14.755  38.358 0.0000000000
70689  -20.091  -15.546  37.081 0.0000000000
70773  -22.524  -14.884  33.872 0.0000000000
70789  -21.651  -15.106  32.347 0.0000000000
70809  -21.758  -15.019  31.841 0.0000000000
70827  -20.836  -14.999  30.533 0.0000000000
72013  -31.571  -13.525  38.874 0.0000000000
72017  -24.472  -14.368  40.211 0.0000000000
72075  -22.891  -14.655  34.223 0.0000000000
72080  -29.534  -13.355  33.750 0.0000000000
72098  -29.448  -13.295  33.216 0.0000000000
72099  -29.898  -13.141  33.496 0.0000000000
72111  -30.122  -12.949  33.161 0.0000000000
72155  -24.831  -13.517  28.324 0.0000000000
73364  -27.373  -13.594  40.641 0.0000000000
73396  -28.433  -13.122  37.111 0.0000000000
73411  -29.410  -13.027  36.121 0.0000000000
73430  -30.493  -12.767  35.115 0.0000000000
73460  -28.878  -13.419  33.140 0.0000000000
73461  -30.379  -12.852  33.606 0.0000000000
73462  -30.895  -12.385  33.648 0.0000000000
73497  -29.511  -12.272  30.622 0.0000000000
73498  -29.896  -11.998  30.984 0.0000000000
73508  -28.605  -12.541  29.798 0.0000000000
73509  -29.044  -12.453  30.184 0.0000000000
74670  -31.008  -12.484  39.778 0.0000000000
74683  -27.441  -13.442  40.036 0.0000000000
74707  -32.697  -11.012  37.446 0.0000000000
74721  -28.654  -13.032  37.727 0.0000000000
74725  -33.247  -10.753  36.648 0.0000000000
74794  -31.187  -11.767  33.618 0.0000000000
74807  -30.926  -11.834  32.823 0.0000000000
74808  -35.430  -11.959  31.538 0.0000000000
74833  -29.837  -11.736  30.663 0.0000000000
74845  -28.463  -11.873  29.061 0.0000000000
74874  -27.028  -12.013  27.131 0.0000000000
74875  -34.615  -12.159  27.430 0.0000000000
74876  -35.347  -12.218  27.363 0.0000000000
75998  -30.820  -12.059  39.977 0.0000000000
76014  -29.712  -12.166  39.603 0.0000000000
76015  -30.323  -11.725  39.657 0.0000000000
76016  -30.980  -11.616  39.809 0.0000000000
76017  -31.635  -11.277  39.613 0.0000000000
76018  -32.061  -11.058  39.020 0.0000000000
76036  -32.400  -10.775  38.692 0.0000000000
76052  -29.601  -12.123  38.956 0.0000000000
76208  -30.997  -11.360  32.405 0.0000000000
76229  -29.776  -10.916  30.329 0.0000000000
76230  -30.083  -11.271  30.806 0.0000000000
76232  -34.990  -11.925  31.376 0.0000000000
76250  -29.213  -10.850  29.340 0.0000000000
76252  -29.709  -11.343  30.360 0.0000000000
76254  -34.919  -12.125  30.644 0.0000000000
76270  -28.687  -11.007  28.925 0.0000000000
76310  -27.466  -11.002  27.041 0.0000000000
76312  -34.027  -11.920  27.301 0.0000000000
76329  -36.569  -11.351  26.202 0.0000000000
76356  -30.001  -10.458  24.345 0.0000000000
77434  -30.769  -11.157  39.575 0.0000000000
77447  -30.944  -10.869  39.091 0.0000000000
77448  -31.674  -10.197  39.021 0.0000000000
77449  -32.255  -10.000  38.892 0.0000000000
77450  -32.655  -10.034  38.554 0.0000000000
77462  -33.123  -9.797  38.035 0.0000000000
77463  -33.496  -9.623  37.757 0.0000000000
77473  -33.438  -9.763  37.582 0.0000000000
77475  -34.805  -9.485  36.920 0.0000000000
77490  -31.743  -9.883  36.645 0.0000000000
77491  -33.575  -9.767  37.113 0.0000000000
77494  -35.485  -10.251  36.368 0.0000000000
77513  -32.023  -9.711  35.545 0.0000000000
77536  -31.683  -10.499  33.426 0.0000000000
77554  -34.724  -11.233  32.288 0.0000000000
77562  -29.816  -10.664  30.294 0.0000000000
77574  -29.272  -10.591  29.277 0.0000000000
77575  -29.528  -10.480  29.793 0.0000000000
77576  -29.882  -10.432  30.264 0.0000000000
77588  -29.334  -10.351  29.267 0.0000000000
77589  -32.417  -10.606  28.843 0.0000000000
77602  -31.787  -9.994  27.619 0.0000000000
77617  -27.757  -10.096  27.222 0.0000000000
77618  -28.076  -10.063  27.656 0.0000000000
77633  -30.661  -9.863  25.948 0.0000000000
77634  -31.261  -10.140  26.148 0.0000000000
77650  -31.386  -10.595  25.708 0.0000000000
77662  -29.296  -9.860  24.311 0.0000000000
77663  -29.758  -10.050  24.638 0.0000000000
78746  -32.232  -9.581  38.654 0.0000000000
78747  -32.703  -9.557  38.457 0.0000000000
78752  -31.767  -9.853  38.123 0.0000000000
78754  -32.709  -9.063  38.104 0.0000000000
78756  -34.065  -9.271  37.106 0.0000000000
78757  -34.754  -9.114  37.036 0.0000000000
78764  -32.495  -9.041  37.723 0.0000000000
78766  -35.043  -9.414  36.856 0.0000000000
78776  -31.808  -9.735  37.161 0.0000000000
78777  -32.136  -9.389  36.731 0.0000000000
78789  -32.540  -9.078  35.549 0.0000000000
78818  -31.792  -9.997  34.070 0.0000000000
78819  -32.038  -9.615  33.988 0.0000000000
78821  -33.550  -9.341  34.177 0.0000000000
78840  -36.969  -10.193  34.879 0.0000000000
78846  -30.662  -10.397  31.396 0.0000000000
78858  -30.600  -10.223  31.080 0.0000000000
78875  -30.559  -9.882  30.193 0.0000000000
78879  -41.176  -9.271  30.535 0.0000000000
78887  -29.096  -10.082  28.862 0.0000000000
78888  -29.395  -9.946  29.199 0.0000000000
78889  -29.929  -9.594  29.659 0.0000000000
78890  -30.679  -9.477  28.679 0.0000000000
78893  -32.663  -10.575  29.564 0.0000000000
78900  -28.821  -9.969  28.516 0.0000000000
78923  -40.998  -8.351  27.894 0.0000000000
78978  -37.962  -9.274  23.518 0.0000000000
80085  -33.040  -8.818  37.520 0.0000000000
80086  -33.936  -8.737  37.133 0.0000000000
80087  -34.512  -8.701  36.984 0.0000000000
80095  -33.800  -8.663  36.937 0.0000000000
80096  -34.915  -8.622  37.136 0.0000000000
80097  -35.409  -8.894  36.847 0.0000000000
80104  -32.586  -8.902  36.355 0.0000000000
80106  -33.774  -8.605  36.564 0.0000000000
80107  -34.226  -8.622  36.630 0.0000000000
80108  -35.506  -8.700  36.734 0.0000000000
80117  -32.579  -8.933  35.902 0.0000000000
80118  -32.994  -8.679  35.699 0.0000000000
80120  -34.905  -8.440  35.916 0.0000000000
80122  -36.143  -8.567  36.061 0.0000000000
80130  -32.557  -9.351  34.589 0.0000000000
80134  -35.368  -8.609  35.680 0.0000000000
80147  -32.454  -9.447  34.149 0.0000000000
80148  -32.868  -9.462  34.206 0.0000000000
80149  -33.471  -9.095  34.420 0.0000000000
80153  -36.501  -8.911  35.492 0.0000000000
80163  -33.193  -9.461  34.106 0.0000000000
80190  -30.591  -9.625  29.785 0.0000000000
80192  -41.196  -8.693  30.087 0.0000000000
80200  -30.537  -9.465  29.029 0.0000000000
80210  -30.294  -9.172  28.276 0.0000000000
80221  -28.169  -9.105  27.065 0.0000000000
80224  -30.331  -9.014  27.849 0.0000000000
80231  -27.172  -8.753  26.112 0.0000000000
80234  -29.493  -8.630  26.776 0.0000000000
81428  -35.378  -8.691  36.823 0.0000000000
81431  -34.259  -8.477  36.292 0.0000000000
81432  -34.782  -8.438  36.517 0.0000000000
81433  -35.467  -8.386  36.580 0.0000000000
81434  -35.887  -8.348  36.379 0.0000000000
81437  -33.979  -8.614  36.044 0.0000000000
81439  -35.187  -8.361  36.216 0.0000000000
81440  -35.660  -8.308  36.235 0.0000000000
81536  -41.490  -6.165  26.489 0.0000000000
81732  -36.734  -6.542  14.737 0.0000000000
81749  -36.367  -6.534  13.907 0.0000000000
81751  -37.186  -6.489  14.413 0.0000000000
81769  -36.840  -6.459  13.765 0.0000000000
81770  -37.066  -6.490  14.030 0.0000000000
82878  -41.640  -6.542  28.455 0.0000000000
82929  -41.647  -5.242  25.839 0.0000000000
83154  -37.504  -6.242  13.698 0.0000000000
84397  -42.425  -4.619  28.056 0.0000000000
84414  -42.411  -5.037  27.741 0.0000000000
84415  -42.331  -4.400  27.466 0.0000000000
84427  -42.288  -4.088  27.079 0.0000000000
84522  -39.293  -4.572  18.718 0.0000000000
84537  -37.984  -5.028  17.660 0.0000000000
84549  -35.791  -4.867  16.055 0.0000000000
84552  -37.859  -5.386  17.174 0.0000000000
84564  -35.512  -5.423  15.658 0.0000000000
84566  -40.162  -5.180  14.873 0.0000000000
84578  -39.569  -5.311  13.864 0.0000000000
84579  -39.949  -5.208  14.211 0.0000000000
84580  -40.441  -4.752  14.391 0.0000000000
84590  -39.827  -4.855  13.408 0.0000000000
85774  -42.319  -4.042  27.366 0.0000000000
85789  -41.862  -3.352  26.134 0.0000000000
85790  -42.192  -3.650  26.498 0.0000000000
85791  -42.292  -3.712  26.841 0.0000000000
85807  -41.932  -3.894  26.090 0.0000000000
85830  -42.569  -3.614  23.259 0.0000000000
85884  -39.582  -3.427  19.618 0.0000000000
85906  -37.438  -3.434  18.418 0.0000000000
85913  -45.399  -3.616  18.428 0.0000000000
85936  -48.427  -3.806  17.308 0.0000000000
85938  -49.978  -3.658  17.357 0.0000000000
85951  -37.229  -4.425  17.315 0.0000000000
85961  -50.281  -3.515  16.791 0.0000000000
85962  -54.034  -3.169  15.648 0.0000000000
85974  -41.385  -4.427  14.911 0.0000000000
85979  -45.324  -3.683  15.904 0.0000000000
85981  -47.777  -3.217  15.468 0.0000000000
85983  -49.513  -3.389  16.043 0.0000000000
85985  -54.159  -3.127  15.422 0.0000000000
85995  -42.245  -3.956  14.847 0.0000000000
86004  -40.065  -4.470  13.048 0.0000000000
86019  -40.177  -4.263  12.881 0.0000000000
87087  -42.320  -3.108  27.264 0.0000000000
87136  -43.295  -3.738  23.819 0.0000000000
87148  -41.991  -3.222  22.698 0.0000000000
87160  -41.424  -2.915  21.772 0.0000000000
87161  -41.723  -3.150  22.217 0.0000000000
87175  -40.340  -2.806  20.668 0.0000000000
87176  -40.945  -2.977  21.225 0.0000000000
87178  -45.211  -3.500  20.316 0.0000000000
87181  -47.751  -3.105  20.209 0.0000000000
87192  -37.522  -2.531  19.311 0.0000000000
87263  -35.391  -3.232  17.098 0.0000000000
87264  -45.878  -3.402  15.706 0.0000000000
87265  -46.179  -3.314  15.681 0.0000000000
87283  -48.427  -2.690  14.819 0.0000000000
88359  -42.759  -2.265  28.541 0.0000000000
88400  -45.018  -2.322  25.756 0.0000000000
88413  -39.906  -1.999  23.773 0.0000000000
88431  -46.079  -3.087  24.058 0.0000000000
88444  -41.894  -2.554  23.075 0.0000000000
88461  -46.895  -3.010  22.132 0.0000000000
88507  -36.451  -2.558  18.947 0.0000000000
88542  -45.117  -2.156  14.523 0.0000000000
88564  -49.583  -1.917  14.082 0.0000000000
88611  -42.796  -2.113  10.130 0.0000000000
88686  -43.892  -1.794  6.972 0.0000000000
89715  -46.693  -1.362  26.681 0.0000000000
89732  -45.375  -1.818  26.351 0.0000000000
89749  -40.038  -1.762  23.833 0.0000000000
89750  -40.209  -1.605  24.182 0.0000000000
89752  -41.911  -0.749  24.279 0.0000000000
89756  -47.924  -1.805  25.622 0.0000000000
89802  -51.118  -1.382  21.945 0.0000000000
89821  -53.228  -2.096  19.954 0.0000000000
89887  -50.001  -0.352  14.048 0.0000000000
89904  -46.427  -0.689  14.117 0.0000000000
89927  -45.228  -1.150  12.972 0.0000000000
89943  -48.019  -0.462  11.834 0.0000000000
89959  -47.803  -0.620  11.299 0.0000000000
89970  -43.674  -2.168  9.709 0.0000000000
90046  -43.611  -1.065  5.881 0.0000000000
91098  -41.990  -0.534  25.971 0.0000000000
91123  -48.193  -1.209  26.096 0.0000000000
91140  -41.718  -0.632  24.562 0.0000000000
91141  -41.994  -0.614  24.911 0.0000000000
91157  -41.375  -0.659  24.150 0.0000000000
91169  -52.013  -1.019  22.395 0.0000000000
91270  -47.605  -0.429  14.307 0.0000000000
91271  -48.066  -0.269  14.243 0.0000000000
91288  -46.903  -0.424  13.849 0.0000000000
91290  -47.959  -0.100  14.032 0.0000000000
91291  -50.388  0.014  14.019 0.0000000000
91304  -47.797  -0.261  13.223 0.0000000000
91305  -48.346  0.044  13.018 0.0000000000
91313  -46.665  -0.698  12.945 0.0000000000
91316  -48.803  0.369  12.188 0.0000000000
91336  -48.335  -0.317  10.622 0.0000000000
91349  -49.545  0.628  9.427 0.0000000000
91400  -45.466  -0.304  5.540 0.0000000000
91404  -48.755  0.274  6.626 0.0000000000
91423  -47.846  0.367  5.647 0.0000000000
92639  -48.165  0.096  14.106 0.0000000000
92640  -48.628  0.438  14.189 0.0000000000
92654  -48.180  0.165  13.810 0.0000000000
92663  -48.148  0.062  13.386 0.0000000000
92665  -48.938  0.813  13.157 0.0000000000
92666  -49.324  0.987  12.843 0.0000000000
92673  -48.637  0.340  12.902 0.0000000000
92687  -49.055  0.773  11.955 0.0000000000
92688  -49.654  1.034  11.565 0.0000000000
92781  -49.817  0.836  6.949 0.0000000000
93982  -49.280  1.132  14.035 0.0000000000
93997  -49.942  1.580  13.705 0.0000000000
94006  -49.368  1.075  13.136 0.0000000000
94019  -50.723  1.986  12.329 0.0000000000
94050  -50.244  1.262  10.186 0.0000000000
94073  -50.556  1.653  9.507 0.0000000000
94099  -50.339  1.383  9.034 0.0000000000
94162  -45.401  3.052  4.583 0.0000000000
95394  -51.988  3.437  11.470 0.0000000000
95450  -51.335  2.518  8.221 0.0000000000
95470  -51.427  2.587  7.571 0.0000000000
95472  -52.646  3.765  7.355 0.0000000000
95487  -46.073  3.114  4.738 0.0000000000
95493  -52.071  3.342  5.446 0.0000000000
95504  -46.441  3.649  4.611 0.0000000000
95506  -51.506  3.702  4.487 0.0000000000
95508  -52.329  3.748  5.291 0.0000000000
96700  -52.614  4.404  12.356 0.0000000000
96709  -52.336  3.928  11.322 0.0000000000
96729  -52.010  3.500  10.180 0.0000000000
96730  -52.367  3.982  10.093 0.0000000000
96767  -53.206  4.631  7.682 0.0000000000
96778  -53.320  4.834  7.021 0.0000000000
96787  -50.043  4.177  4.196 0.0000000000
96789  -52.999  4.499  6.173 0.0000000000
96801  -47.416  4.581  4.302 0.0000000000
96802  -50.784  3.990  4.158 0.0000000000
96803  -51.369  4.372  4.193 0.0000000000
97886  -52.948  4.717  11.125 0.0000000000
97887  -53.400  5.155  10.800 0.0000000000
97954  -47.700  4.769  4.356 0.0000000000
97958  -51.366  5.574  4.030 0.0000000000
97973  -51.224  4.998  4.050 0.0000000000
99074  -54.626  6.797  6.300 0.0000000000
99080  -48.430  5.572  4.381 0.0000000000
99101  -52.810  6.208  4.150 0.0000000000
99102  -53.749  6.470  4.720 0.0000000000
99103  -54.361  7.187  4.702 0.0000000000
99136  -47.058  6.004  1.218 0.0000000000
99289  -57.722  7.199  -9.715 0.0000000000
100416  -49.879  6.522  4.693 0.0000000000
100419  -52.896  7.313  4.421 0.0000000000
100420  -53.546  7.730  4.410 0.0000000000
100422  -55.319  8.062  5.447 0.0000000000
100432  -46.141  6.212  3.729 0.0000000000
100436  -49.627  6.973  4.410 0.0000000000
100437  -50.149  7.080  4.631 0.0000000000
100440  -54.416  7.516  4.573 0.0000000000
100468  -47.128  6.248  2.433 0.0000000000
100484  -51.860  7.253  1.500 0.0000000000
100501  -48.729  6.834  0.090 0.0000000000
100505  -51.988  7.412  0.983 0.0000000000
100512  -46.320  7.236  -0.471 0.0000000000
100515  -48.886  7.349  -0.111 0.0000000000
100527  -51.045  7.642  -2.567 0.0000000000
100614  -56.447  7.405  -8.065 0.0000000000
100616  -57.440  8.044  -8.736 0.0000000000
101777  -50.777  7.545  4.595 0.0000000000
101779  -52.329  8.097  4.719 0.0000000000
101780  -53.416  8.271  4.578 0.0000000000
101787  -49.513  7.126  3.976 0.0000000000
101791  -54.370  7.786  4.503 0.0000000000
101801  -49.217  7.047  3.690 0.0000000000
101812  -51.861  7.472  2.455 0.0000000000
101822  -52.179  7.457  1.984 0.0000000000
101823  -52.692  7.689  1.517 0.0000000000
101824  -53.230  8.012  0.903 0.0000000000
101938  -56.598  8.124  -7.503 0.0000000000
103098  -53.261  9.429  4.286 0.0000000000
103106  -51.569  7.961  3.201 0.0000000000
103107  -52.346  8.670  3.253 0.0000000000
103113  -51.734  7.654  2.906 0.0000000000
103125  -54.644  9.416  0.588 0.0000000000
103148  -54.028  9.689  -0.610 0.0000000000
103163  -49.967  8.173  -1.958 0.0000000000
104292  -52.673  9.215  3.809 0.0000000000
104305  -53.075  9.275  3.253 0.0000000000
104313  -53.328  9.074  2.761 0.0000000000
104314  -54.083  9.434  2.446 0.0000000000
104336  -54.927  9.893  0.118 0.0000000000
104343  -53.017  10.088  -1.177 0.0000000000
104352  -51.885  9.903  -1.575 0.0000000000
104355  -53.989  10.726  -1.346 0.0000000000
105449  -54.353  10.172  3.257 0.0000000000
105500  -53.877  10.766  -2.380 0.0000000000
105543  -56.650  10.967  -5.801 0.0000000000
106703  -56.520  11.659  -4.563 0.0000000000
