#!ascii label  , from subject 198451 vox2ras=TkReg
1807
121348  -39.009  25.097  -9.165 0.0000000000
114747  -50.115  20.206  -18.364 0.0000000000
126757  -44.681  31.942  -4.181 0.0000000000
119254  -48.071  22.994  -12.676 0.0000000000
120303  -49.823  24.024  -4.139 0.0000000000
124244  -45.856  28.579  -18.315 0.0000000000
130187  -43.621  35.037  -17.638 0.0000000000
132634  -44.193  39.110  -11.747 0.0000000000
115724  -42.485  19.901  -0.538 0.0000000000
118144  -42.691  22.336  -11.863 0.0000000000
119328  -44.425  23.584  -17.623 0.0000000000
123297  -41.941  27.454  -14.090 0.0000000000
131736  -48.248  37.381  -3.556 0.0000000000
130132  -43.890  35.928  -10.331 0.0000000000
131827  -49.734  37.734  -11.391 0.0000000000
132704  -47.815  38.088  -16.090 0.0000000000
135659  -47.711  42.819  -6.023 0.0000000000
117117  -49.701  21.941  -22.633 0.0000000000
125017  -35.665  29.744  -5.309 0.0000000000
125923  -41.200  31.047  -8.761 0.0000000000
122345  -53.967  26.489  -12.291 0.0000000000
118107  -50.606  22.638  -8.447 0.0000000000
116923  -43.432  20.860  -6.483 0.0000000000
120268  -42.516  23.973  -2.884 0.0000000000
119393  -49.431  23.435  -21.604 0.0000000000
125161  -49.937  30.063  -20.752 0.0000000000
125944  -46.229  30.524  -10.764 0.0000000000
126879  -44.633  31.214  -16.185 0.0000000000
126977  -45.793  31.139  -23.775 0.0000000000
130246  -42.445  35.163  -23.763 0.0000000000
131914  -41.128  38.189  -18.718 0.0000000000
119225  -40.207  23.399  -10.765 0.0000000000
120388  -41.338  24.334  -13.381 0.0000000000
122319  -40.673  26.288  -10.879 0.0000000000
133349  -48.792  39.346  -4.538 0.0000000000
131765  -48.453  37.876  -6.125 0.0000000000
133369  -49.951  39.898  -5.402 0.0000000000
133396  -49.211  39.536  -9.476 0.0000000000
114766  -49.990  20.487  -19.957 0.0000000000
126736  -34.387  31.791  -3.208 0.0000000000
126740  -37.941  31.281  -3.295 0.0000000000
118091  -51.421  22.918  -6.283 0.0000000000
115776  -47.231  20.461  -7.443 0.0000000000
116901  -47.036  21.527  -4.597 0.0000000000
118042  -42.285  22.039  -1.989 0.0000000000
120262  -36.685  23.688  -2.853 0.0000000000
120294  -33.986  25.210  -4.466 0.0000000000
120259  -33.167  24.855  -2.935 0.0000000000
119289  -48.406  23.603  -14.896 0.0000000000
121447  -44.593  25.598  -19.242 0.0000000000
119359  -46.401  23.203  -19.639 0.0000000000
122428  -46.558  26.100  -21.742 0.0000000000
122440  -49.401  26.644  -24.116 0.0000000000
124254  -47.670  29.207  -19.569 0.0000000000
127676  -43.284  31.997  -6.377 0.0000000000
124152  -44.816  28.816  -9.723 0.0000000000
126788  -46.102  31.124  -8.037 0.0000000000
130972  -44.829  36.001  -13.658 0.0000000000
129348  -43.044  34.579  -13.113 0.0000000000
128595  -42.433  33.310  -17.569 0.0000000000
126017  -44.709  30.754  -20.006 0.0000000000
127777  -42.439  32.467  -20.421 0.0000000000
127804  -43.393  32.555  -24.160 0.0000000000
129410  -43.226  34.841  -20.883 0.0000000000
132661  -45.642  38.416  -13.540 0.0000000000
131902  -44.651  37.401  -17.760 0.0000000000
131853  -43.077  36.881  -14.603 0.0000000000
131015  -39.697  37.214  -16.732 0.0000000000
131820  -41.240  37.391  -12.367 0.0000000000
118167  -45.461  22.188  -12.592 0.0000000000
119287  -46.430  22.705  -14.417 0.0000000000
118193  -44.097  22.987  -14.175 0.0000000000
121428  -42.536  25.473  -16.048 0.0000000000
123313  -43.880  28.017  -16.343 0.0000000000
130088  -46.886  35.054  -2.910 0.0000000000
129309  -44.662  34.657  -5.736 0.0000000000
131757  -47.098  36.977  -5.812 0.0000000000
130939  -46.414  37.104  -10.497 0.0000000000
130990  -47.791  36.730  -14.740 0.0000000000
131030  -47.743  36.246  -17.871 0.0000000000
132677  -49.188  38.420  -14.221 0.0000000000
133420  -47.379  39.805  -10.963 0.0000000000
134875  -45.814  42.041  -7.663 0.0000000000
120510  -48.329  24.538  -24.987 0.0000000000
123231  -37.186  27.663  -7.910 0.0000000000
124146  -39.499  28.645  -9.367 0.0000000000
125908  -37.854  30.754  -7.514 0.0000000000
126752  -40.142  31.827  -4.238 0.0000000000
127659  -41.765  31.969  -2.604 0.0000000000
130902  -40.265  36.238  -3.671 0.0000000000
129298  -43.648  34.356  -2.707 0.0000000000
120361  -50.455  24.769  -11.944 0.0000000000
121357  -51.816  25.319  -10.081 0.0000000000
118134  -48.746  22.329  -10.689 0.0000000000
116983  -46.629  21.325  -10.095 0.0000000000
116960  -43.207  20.948  -9.302 0.0000000000
121310  -48.556  25.346  -2.441 0.0000000000
116874  -45.830  21.720  -0.241 0.0000000000
119137  -45.694  23.410  -1.715 0.0000000000
118059  -46.719  22.852  -3.436 0.0000000000
118064  -42.927  22.556  -4.921 0.0000000000
120324  -37.778  24.582  -7.123 0.0000000000
117068  -50.843  21.870  -17.109 0.0000000000
118226  -47.781  23.070  -16.720 0.0000000000
119346  -49.750  23.325  -18.325 0.0000000000
118270  -51.781  22.816  -19.316 0.0000000000
119413  -51.160  23.419  -22.612 0.0000000000
122464  -51.223  25.753  -25.190 0.0000000000
125218  -49.794  29.116  -25.043 0.0000000000
123253  -42.286  28.063  -10.234 0.0000000000
124189  -44.287  28.653  -12.145 0.0000000000
125095  -46.442  30.299  -13.360 0.0000000000
128524  -43.235  33.593  -9.495 0.0000000000
126838  -43.700  31.949  -12.708 0.0000000000
125985  -48.393  30.838  -15.550 0.0000000000
126897  -48.946  31.172  -17.706 0.0000000000
126046  -48.362  31.024  -22.022 0.0000000000
126089  -47.669  30.509  -25.145 0.0000000000
131945  -46.571  36.902  -19.987 0.0000000000
131940  -42.644  37.166  -20.891 0.0000000000
130215  -39.749  35.480  -20.014 0.0000000000
131912  -38.441  37.200  -18.839 0.0000000000
133473  -36.431  39.245  -17.119 0.0000000000
120347  -39.642  24.386  -10.006 0.0000000000
120348  -40.016  24.310  -10.685 0.0000000000
121355  -39.616  25.377  -9.777 0.0000000000
133368  -49.827  39.474  -4.907 0.0000000000
134107  -49.943  40.619  -5.699 0.0000000000
114757  -50.059  20.345  -19.411 0.0000000000
119186  -50.889  23.347  -5.172 0.0000000000
116915  -49.817  21.952  -5.417 0.0000000000
118070  -49.362  22.581  -4.470 0.0000000000
120245  -36.015  23.872  -2.053 0.0000000000
120260  -34.365  23.995  -2.921 0.0000000000
119255  -48.869  23.534  -12.679 0.0000000000
119273  -48.447  23.588  -13.947 0.0000000000
123333  -44.990  27.185  -18.769 0.0000000000
121455  -45.565  25.621  -20.647 0.0000000000
123341  -45.944  27.453  -19.990 0.0000000000
123350  -46.817  27.805  -21.019 0.0000000000
124253  -46.752  28.754  -19.502 0.0000000000
126766  -44.365  31.746  -5.778 0.0000000000
125913  -45.624  30.406  -7.532 0.0000000000
126776  -45.385  31.795  -6.506 0.0000000000
130171  -44.506  35.711  -15.356 0.0000000000
129372  -43.055  34.618  -15.978 0.0000000000
129380  -43.014  34.565  -16.949 0.0000000000
127770  -42.491  32.519  -19.078 0.0000000000
129401  -42.527  34.014  -19.343 0.0000000000
128616  -42.473  33.506  -21.113 0.0000000000
130207  -43.337  35.049  -19.402 0.0000000000
132651  -45.155  38.886  -12.588 0.0000000000
131854  -44.203  37.332  -14.604 0.0000000000
131822  -43.613  37.834  -12.785 0.0000000000
131839  -42.005  36.845  -13.598 0.0000000000
132649  -42.911  38.159  -11.887 0.0000000000
118146  -44.893  22.051  -11.795 0.0000000000
118181  -44.962  22.361  -13.456 0.0000000000
118165  -43.164  22.729  -12.816 0.0000000000
121403  -41.283  25.297  -13.834 0.0000000000
120415  -42.102  24.632  -14.911 0.0000000000
122376  -41.776  26.309  -14.891 0.0000000000
122383  -42.738  26.333  -16.352 0.0000000000
123305  -42.810  27.880  -14.850 0.0000000000
130909  -47.600  36.331  -3.211 0.0000000000
130116  -47.051  35.550  -3.787 0.0000000000
130920  -48.026  36.674  -4.381 0.0000000000
131783  -48.692  37.581  -9.273 0.0000000000
131776  -47.786  37.611  -8.429 0.0000000000
131806  -47.625  37.331  -11.062 0.0000000000
130959  -46.834  36.918  -12.787 0.0000000000
130976  -48.816  36.902  -13.561 0.0000000000
131871  -49.621  37.352  -15.072 0.0000000000
132666  -49.697  38.113  -12.895 0.0000000000
134121  -48.840  40.873  -6.878 0.0000000000
133405  -48.458  39.535  -10.198 0.0000000000
134132  -47.929  40.597  -7.617 0.0000000000
134138  -46.738  40.398  -8.534 0.0000000000
134862  -46.861  42.148  -6.825 0.0000000000
118326  -49.233  23.323  -24.539 0.0000000000
125032  -36.431  29.377  -7.181 0.0000000000
125033  -37.074  29.767  -7.546 0.0000000000
125899  -36.543  30.348  -6.122 0.0000000000
127655  -38.264  32.187  -3.215 0.0000000000
126741  -38.784  31.467  -3.368 0.0000000000
126742  -39.704  31.608  -3.342 0.0000000000
126743  -40.757  31.657  -3.212 0.0000000000
128498  -40.744  33.268  -3.373 0.0000000000
131744  -39.319  37.648  -4.280 0.0000000000
130102  -41.752  35.272  -3.443 0.0000000000
131731  -42.798  36.960  -3.733 0.0000000000
130906  -44.648  36.002  -2.973 0.0000000000
131748  -43.339  37.557  -4.629 0.0000000000
121393  -51.609  25.411  -12.143 0.0000000000
122331  -52.066  26.098  -11.914 0.0000000000
120332  -52.275  25.022  -9.027 0.0000000000
119215  -51.373  24.173  -9.578 0.0000000000
119213  -50.116  23.131  -10.284 0.0000000000
118116  -49.739  22.401  -9.482 0.0000000000
118133  -47.529  21.771  -10.492 0.0000000000
116966  -48.751  21.567  -9.047 0.0000000000
115763  -45.867  20.351  -6.640 0.0000000000
115786  -45.078  20.447  -8.197 0.0000000000
115771  -43.049  20.683  -7.594 0.0000000000
115726  -44.037  20.517  0.084 0.0000000000
118044  -44.361  22.239  -1.610 0.0000000000
119135  -43.749  22.969  -2.027 0.0000000000
119151  -45.277  23.540  -2.374 0.0000000000
119161  -44.120  23.376  -3.377 0.0000000000
118057  -44.688  22.710  -3.721 0.0000000000
119159  -42.645  23.783  -4.008 0.0000000000
121333  -36.896  25.538  -6.961 0.0000000000
120317  -36.194  25.252  -6.259 0.0000000000
117059  -50.512  21.980  -16.177 0.0000000000
119302  -45.698  22.833  -15.914 0.0000000000
118209  -46.660  22.729  -16.183 0.0000000000
118224  -46.267  22.750  -16.844 0.0000000000
119391  -47.369  23.550  -21.117 0.0000000000
119361  -48.622  22.962  -19.195 0.0000000000
119362  -49.945  23.309  -19.519 0.0000000000
119348  -51.405  23.246  -19.003 0.0000000000
120453  -51.305  23.555  -20.075 0.0000000000
119382  -52.235  23.082  -20.830 0.0000000000
119412  -50.633  23.724  -22.543 0.0000000000
124278  -49.090  28.591  -22.790 0.0000000000
122453  -50.217  26.523  -24.466 0.0000000000
124289  -50.204  28.574  -23.774 0.0000000000
123396  -50.286  27.691  -25.468 0.0000000000
126073  -50.298  30.109  -23.160 0.0000000000
125052  -40.240  29.730  -9.332 0.0000000000
123239  -41.369  28.145  -10.067 0.0000000000
125054  -42.067  29.754  -9.637 0.0000000000
125059  -46.013  29.826  -9.599 0.0000000000
124166  -45.105  28.490  -10.287 0.0000000000
125079  -45.518  29.550  -11.261 0.0000000000
125094  -45.738  29.824  -13.280 0.0000000000
125951  -46.320  30.601  -11.721 0.0000000000
130126  -43.926  35.816  -8.139 0.0000000000
129314  -43.588  34.564  -8.136 0.0000000000
130128  -43.298  35.264  -9.683 0.0000000000
127747  -42.568  32.626  -15.620 0.0000000000
128559  -42.643  33.292  -13.083 0.0000000000
126862  -43.654  31.747  -14.783 0.0000000000
126842  -47.599  31.558  -14.316 0.0000000000
126865  -46.899  31.341  -15.615 0.0000000000
126002  -48.793  30.670  -17.055 0.0000000000
126895  -47.050  31.213  -17.474 0.0000000000
126950  -44.394  30.932  -21.537 0.0000000000
126032  -46.705  30.570  -20.992 0.0000000000
126070  -46.509  30.805  -23.540 0.0000000000
126993  -48.372  31.044  -24.144 0.0000000000
126991  -46.316  31.670  -24.801 0.0000000000
127004  -46.199  31.420  -25.481 0.0000000000
127814  -45.029  31.873  -25.078 0.0000000000
128629  -42.579  33.786  -23.749 0.0000000000
128637  -43.005  33.230  -24.868 0.0000000000
131887  -48.396  37.727  -16.796 0.0000000000
130221  -47.475  36.302  -19.466 0.0000000000
131904  -47.008  37.537  -17.694 0.0000000000
131901  -43.486  37.302  -17.846 0.0000000000
131930  -44.311  37.463  -19.773 0.0000000000
132742  -41.696  37.871  -20.337 0.0000000000
131044  -40.858  36.236  -20.112 0.0000000000
131927  -40.475  36.998  -19.768 0.0000000000
131037  -38.831  36.351  -18.959 0.0000000000
132725  -40.110  38.696  -18.952 0.0000000000
130984  -38.955  36.670  -15.193 0.0000000000
132701  -37.970  38.493  -17.125 0.0000000000
131864  -37.579  37.848  -15.994 0.0000000000
132698  -35.391  39.060  -16.712 0.0000000000
118127  -41.322  22.167  -10.937 0.0000000000
118164  -42.123  22.829  -12.506 0.0000000000
119235  -40.788  23.278  -11.756 0.0000000000
121380  -40.421  25.051  -12.116 0.0000000000
122342  -40.944  26.359  -12.503 0.0000000000
131759  -48.591  37.306  -4.901 0.0000000000
131760  -49.381  38.078  -5.057 0.0000000000
132610  -49.662  38.682  -6.433 0.0000000000
131785  -50.002  38.356  -9.164 0.0000000000
132635  -49.883  38.593  -11.520 0.0000000000
133388  -49.856  39.875  -7.580 0.0000000000
134106  -49.495  40.987  -5.959 0.0000000000
115933  -49.906  21.364  -21.651 0.0000000000
125877  -35.854  30.314  -3.217 0.0000000000
125886  -36.961  30.631  -4.323 0.0000000000
126738  -36.136  31.325  -3.011 0.0000000000
118099  -50.823  22.529  -7.193 0.0000000000
116949  -49.244  21.542  -8.292 0.0000000000
116925  -49.083  20.974  -6.634 0.0000000000
115754  -47.183  20.604  -5.975 0.0000000000
115752  -45.453  20.655  -5.956 0.0000000000
115735  -42.213  20.280  -1.430 0.0000000000
119132  -40.730  23.250  -2.109 0.0000000000
120297  -37.173  24.168  -4.466 0.0000000000
120296  -36.045  24.237  -4.746 0.0000000000
120278  -35.191  23.954  -3.891 0.0000000000
120277  -34.200  24.463  -3.838 0.0000000000
120445  -43.963  24.513  -18.186 0.0000000000
119343  -45.414  23.310  -18.768 0.0000000000
120452  -44.979  24.703  -19.566 0.0000000000
120462  -46.127  24.204  -20.844 0.0000000000
120474  -47.597  24.134  -22.301 0.0000000000
120487  -49.173  24.313  -23.214 0.0000000000
122438  -47.795  26.601  -23.019 0.0000000000
124269  -48.032  28.625  -21.516 0.0000000000
125159  -48.695  29.562  -20.254 0.0000000000
126783  -42.226  31.909  -7.414 0.0000000000
125933  -42.576  30.519  -9.287 0.0000000000
125926  -44.075  30.751  -8.344 0.0000000000
125047  -45.954  29.844  -8.865 0.0000000000
126797  -45.997  31.033  -9.029 0.0000000000
130146  -44.113  35.716  -12.336 0.0000000000
130134  -43.364  35.169  -11.711 0.0000000000
130154  -43.666  35.227  -13.678 0.0000000000
129371  -42.599  34.038  -15.411 0.0000000000
126891  -42.807  32.064  -17.053 0.0000000000
126909  -45.045  30.991  -18.284 0.0000000000
126907  -42.887  31.813  -18.158 0.0000000000
126936  -42.915  31.850  -20.447 0.0000000000
126949  -43.844  31.529  -22.245 0.0000000000
126975  -44.016  32.039  -23.956 0.0000000000
127796  -43.331  32.102  -22.987 0.0000000000
128622  -42.636  33.704  -22.439 0.0000000000
129417  -43.226  35.338  -21.591 0.0000000000
132688  -46.406  38.065  -15.373 0.0000000000
131885  -46.180  37.700  -16.497 0.0000000000
131869  -45.063  37.567  -15.593 0.0000000000
131883  -43.681  37.097  -16.744 0.0000000000
131882  -42.396  36.855  -16.814 0.0000000000
131880  -40.476  37.500  -17.354 0.0000000000
131002  -41.653  36.695  -15.585 0.0000000000
130986  -40.875  36.511  -14.835 0.0000000000
131837  -39.521  36.770  -13.146 0.0000000000
118169  -47.487  22.619  -12.410 0.0000000000
119271  -46.759  22.651  -13.562 0.0000000000
118182  -46.055  22.544  -13.352 0.0000000000
119286  -45.107  22.821  -14.838 0.0000000000
119301  -44.386  23.208  -15.683 0.0000000000
119268  -42.331  23.641  -13.709 0.0000000000
119300  -43.346  23.721  -15.475 0.0000000000
120435  -43.441  24.533  -17.023 0.0000000000
121435  -43.388  25.430  -17.364 0.0000000000
122397  -43.910  26.498  -17.775 0.0000000000
124235  -44.926  28.362  -17.119 0.0000000000
128486  -46.166  33.559  -3.205 0.0000000000
128508  -45.304  33.555  -4.470 0.0000000000
129307  -46.248  34.745  -4.000 0.0000000000
130119  -45.499  35.829  -5.572 0.0000000000
130927  -45.627  36.809  -7.717 0.0000000000
131764  -47.841  37.703  -6.535 0.0000000000
131775  -46.761  37.315  -8.572 0.0000000000
130934  -45.593  36.820  -9.761 0.0000000000
130949  -45.775  36.711  -11.864 0.0000000000
130973  -45.610  36.296  -14.050 0.0000000000
130180  -45.400  35.971  -16.054 0.0000000000
130199  -45.307  35.743  -18.185 0.0000000000
131021  -48.575  36.628  -16.425 0.0000000000
131888  -49.100  37.525  -16.481 0.0000000000
132690  -48.108  38.320  -15.253 0.0000000000
133441  -49.338  38.688  -12.239 0.0000000000
133450  -48.272  39.089  -12.897 0.0000000000
132675  -47.383  38.529  -14.421 0.0000000000
133448  -46.616  39.450  -12.627 0.0000000000
134169  -45.745  40.400  -11.182 0.0000000000
134897  -45.155  41.100  -10.293 0.0000000000
122301  -38.161  26.615  -8.629 0.0000000000
123237  -39.235  27.432  -9.456 0.0000000000
124140  -38.453  28.646  -8.817 0.0000000000
125042  -38.682  29.733  -8.635 0.0000000000
125910  -39.410  31.257  -7.999 0.0000000000
126759  -37.641  31.241  -5.457 0.0000000000
126770  -38.858  31.822  -6.333 0.0000000000
126772  -40.819  32.186  -6.485 0.0000000000
127666  -41.382  32.286  -5.776 0.0000000000
126754  -42.264  31.856  -4.009 0.0000000000
126732  -43.369  31.434  -2.403 0.0000000000
130113  -39.278  35.121  -4.047 0.0000000000
129295  -41.250  34.311  -3.563 0.0000000000
128500  -42.652  33.775  -2.864 0.0000000000
128484  -44.709  33.089  -2.516 0.0000000000
129283  -45.395  34.060  -2.463 0.0000000000
130889  -46.040  35.790  -2.530 0.0000000000
131734  -46.351  37.270  -3.649 0.0000000000
120360  -50.034  24.334  -12.437 0.0000000000
119237  -49.274  23.439  -11.942 0.0000000000
123255  -52.968  27.380  -10.858 0.0000000000
122332  -52.515  26.597  -11.669 0.0000000000
121369  -51.186  25.164  -11.110 0.0000000000
119226  -50.153  23.587  -10.755 0.0000000000
118150  -48.948  22.932  -11.696 0.0000000000
118148  -46.975  22.184  -11.548 0.0000000000
118132  -46.380  21.749  -10.805 0.0000000000
118130  -44.328  21.751  -11.013 0.0000000000
116946  -46.785  20.659  -8.886 0.0000000000
116962  -45.211  20.964  -9.494 0.0000000000
116980  -43.773  21.366  -10.232 0.0000000000
116978  -41.786  21.756  -10.310 0.0000000000
118021  -47.637  22.882  0.410 0.0000000000
116886  -43.934  21.055  -1.128 0.0000000000
116888  -45.793  22.179  -0.954 0.0000000000
119118  -46.997  23.549  -0.953 0.0000000000
120270  -46.852  24.258  -1.802 0.0000000000
119164  -47.258  23.837  -2.957 0.0000000000
118060  -47.699  23.009  -3.619 0.0000000000
118067  -46.350  22.130  -4.036 0.0000000000
116899  -45.134  21.566  -4.810 0.0000000000
118078  -43.303  21.879  -5.293 0.0000000000
120329  -38.288  24.513  -8.040 0.0000000000
122300  -37.495  26.693  -8.143 0.0000000000
123227  -36.472  27.664  -7.472 0.0000000000
124130  -35.429  28.531  -6.568 0.0000000000
125009  -34.801  29.489  -4.346 0.0000000000
115878  -50.117  20.956  -15.636 0.0000000000
115887  -50.455  20.999  -16.671 0.0000000000
115895  -50.808  21.027  -17.795 0.0000000000
119288  -47.689  23.024  -14.623 0.0000000000
119316  -47.917  23.244  -16.215 0.0000000000
118256  -47.281  22.710  -18.219 0.0000000000
118257  -48.153  22.793  -18.191 0.0000000000
119332  -49.552  23.701  -17.263 0.0000000000
119334  -51.131  23.354  -18.012 0.0000000000
117069  -51.335  22.001  -17.942 0.0000000000
115896  -51.242  21.498  -18.556 0.0000000000
115910  -51.124  21.764  -19.894 0.0000000000
117096  -50.944  21.673  -20.974 0.0000000000
118316  -50.999  22.890  -23.400 0.0000000000
120500  -50.485  24.947  -24.084 0.0000000000
121484  -51.394  24.978  -24.433 0.0000000000
119434  -50.665  23.768  -24.708 0.0000000000
121505  -50.271  25.747  -25.648 0.0000000000
122461  -49.050  26.585  -25.457 0.0000000000
123394  -48.524  27.358  -25.340 0.0000000000
123238  -40.361  27.430  -9.817 0.0000000000
122320  -41.254  26.692  -11.053 0.0000000000
123274  -42.246  27.560  -11.839 0.0000000000
124164  -43.429  28.415  -10.188 0.0000000000
124188  -43.154  28.141  -11.951 0.0000000000
124202  -43.314  28.439  -13.043 0.0000000000
124212  -44.239  28.971  -14.178 0.0000000000
125112  -45.422  29.326  -14.837 0.0000000000
125122  -46.379  29.657  -16.197 0.0000000000
127677  -44.554  33.124  -6.585 0.0000000000
127687  -44.120  32.924  -8.172 0.0000000000
127702  -44.118  32.187  -10.436 0.0000000000
129327  -42.835  34.360  -11.168 0.0000000000
128542  -42.971  32.947  -11.538 0.0000000000
126821  -45.409  31.375  -11.503 0.0000000000
126832  -46.359  31.081  -12.933 0.0000000000
125114  -47.177  30.204  -15.234 0.0000000000
125131  -47.305  29.781  -17.323 0.0000000000
125140  -47.661  29.672  -18.138 0.0000000000
126010  -49.802  30.613  -18.925 0.0000000000
126924  -46.387  30.797  -19.239 0.0000000000
126926  -48.189  31.038  -20.143 0.0000000000
126941  -49.824  31.119  -20.309 0.0000000000
126981  -49.340  30.841  -23.054 0.0000000000
126090  -48.485  30.152  -24.812 0.0000000000
127813  -44.223  32.141  -24.912 0.0000000000
130209  -45.047  35.585  -19.288 0.0000000000
130229  -44.817  35.878  -21.167 0.0000000000
130238  -44.867  36.298  -21.791 0.0000000000
131918  -45.521  37.420  -18.707 0.0000000000
131953  -45.008  37.231  -21.219 0.0000000000
131060  -42.552  36.022  -21.991 0.0000000000
130234  -41.203  35.402  -22.171 0.0000000000
128614  -39.584  33.896  -21.366 0.0000000000
127769  -39.427  32.524  -20.301 0.0000000000
131896  -38.809  38.566  -17.790 0.0000000000
132722  -37.301  38.102  -18.483 0.0000000000
135679  -44.395  42.757  -9.314 0.0000000000
134911  -43.447  41.783  -10.722 0.0000000000
133415  -42.558  39.682  -11.058 0.0000000000
132647  -40.533  38.570  -11.698 0.0000000000
131818  -38.848  37.544  -12.651 0.0000000000
120336  -39.289  24.399  -9.276 0.0000000000
120305  -51.428  24.662  -4.957 0.0000000000
119178  -50.972  23.948  -4.897 0.0000000000
119177  -50.327  23.522  -4.604 0.0000000000
118071  -49.933  22.872  -4.619 0.0000000000
119176  -49.518  23.335  -4.162 0.0000000000
119128  -36.495  23.587  -1.273 0.0000000000
119272  -47.600  22.931  -13.426 0.0000000000
123327  -45.224  27.860  -18.477 0.0000000000
123334  -45.566  27.621  -19.275 0.0000000000
124252  -46.179  28.474  -19.061 0.0000000000
123335  -46.091  28.089  -19.682 0.0000000000
127663  -44.514  32.016  -4.884 0.0000000000
125895  -44.948  31.319  -5.995 0.0000000000
127670  -44.451  32.253  -5.356 0.0000000000
130178  -43.679  35.129  -16.643 0.0000000000
129387  -42.886  34.603  -17.923 0.0000000000
129393  -42.364  34.046  -18.281 0.0000000000
129394  -42.866  34.590  -18.902 0.0000000000
130197  -43.470  35.039  -18.600 0.0000000000
133417  -44.723  39.821  -11.744 0.0000000000
131823  -44.600  38.132  -12.945 0.0000000000
132650  -44.015  38.378  -12.097 0.0000000000
133416  -43.643  39.764  -11.241 0.0000000000
118145  -43.793  22.170  -11.873 0.0000000000
118166  -44.368  22.339  -12.700 0.0000000000
123296  -41.369  26.647  -13.881 0.0000000000
122375  -41.686  25.830  -14.591 0.0000000000
122367  -41.541  26.648  -14.315 0.0000000000
123304  -42.414  27.049  -15.305 0.0000000000
130914  -47.455  36.165  -4.001 0.0000000000
130915  -48.185  36.730  -3.958 0.0000000000
131794  -49.408  37.690  -10.124 0.0000000000
131793  -48.679  37.466  -10.263 0.0000000000
131807  -48.678  37.358  -11.328 0.0000000000
130951  -48.183  37.198  -11.859 0.0000000000
130961  -48.953  37.215  -12.569 0.0000000000
131843  -49.774  37.616  -13.240 0.0000000000
131826  -49.565  37.607  -12.096 0.0000000000
134864  -48.325  41.810  -6.283 0.0000000000
134878  -48.283  41.026  -7.086 0.0000000000
134877  -47.564  41.357  -7.099 0.0000000000
134863  -47.302  42.080  -6.673 0.0000000000
115932  -49.265  20.943  -21.782 0.0000000000
115948  -49.046  21.230  -22.519 0.0000000000
117127  -48.962  22.145  -23.467 0.0000000000
117128  -49.591  22.324  -23.428 0.0000000000
125025  -35.906  29.639  -6.408 0.0000000000
125026  -36.618  29.988  -6.771 0.0000000000
125892  -36.285  30.330  -5.328 0.0000000000
128496  -38.560  33.108  -3.776 0.0000000000
127656  -39.171  32.290  -3.194 0.0000000000
127657  -40.199  32.353  -2.971 0.0000000000
128497  -39.626  33.147  -3.660 0.0000000000
131747  -42.213  37.456  -4.461 0.0000000000
122344  -52.864  26.316  -11.932 0.0000000000
122343  -52.218  25.824  -12.009 0.0000000000
118117  -50.571  22.948  -9.143 0.0000000000
118115  -48.399  21.829  -9.780 0.0000000000
115761  -44.132  20.548  -6.767 0.0000000000
115773  -44.578  20.447  -7.406 0.0000000000
115772  -43.670  20.554  -7.375 0.0000000000
116932  -42.427  20.863  -7.436 0.0000000000
116933  -43.016  20.746  -7.072 0.0000000000
115725  -43.475  20.262  -0.352 0.0000000000
119134  -42.760  22.972  -2.020 0.0000000000
119149  -43.242  23.729  -2.655 0.0000000000
119150  -44.295  23.318  -2.535 0.0000000000
119160  -43.402  23.692  -3.654 0.0000000000
120286  -42.858  24.025  -3.253 0.0000000000
120319  -37.732  24.114  -6.072 0.0000000000
120318  -36.880  24.958  -6.392 0.0000000000
120310  -36.935  24.315  -5.468 0.0000000000
120429  -50.265  24.011  -16.413 0.0000000000
119313  -44.498  23.194  -16.671 0.0000000000
119314  -45.303  22.964  -17.139 0.0000000000
119392  -48.093  23.510  -21.650 0.0000000000
119378  -49.088  22.991  -20.567 0.0000000000
119379  -50.218  23.434  -20.621 0.0000000000
119394  -50.441  23.595  -21.580 0.0000000000
120475  -51.517  23.526  -20.825 0.0000000000
124271  -49.526  29.274  -22.351 0.0000000000
124279  -49.710  29.041  -23.099 0.0000000000
125179  -49.960  29.571  -22.522 0.0000000000
125192  -50.444  29.343  -23.681 0.0000000000
125171  -50.185  30.019  -21.988 0.0000000000
125931  -40.842  30.399  -9.193 0.0000000000
125053  -41.159  29.702  -9.589 0.0000000000
125932  -41.650  30.451  -9.266 0.0000000000
125072  -46.000  29.957  -10.527 0.0000000000
125080  -46.117  30.064  -11.486 0.0000000000
126813  -46.054  31.012  -11.085 0.0000000000
130129  -43.924  35.919  -9.302 0.0000000000
126878  -43.381  31.808  -15.935 0.0000000000
127748  -43.062  32.054  -15.235 0.0000000000
126864  -45.792  31.233  -15.366 0.0000000000
126881  -46.919  31.346  -16.543 0.0000000000
126880  -45.850  31.176  -16.367 0.0000000000
126964  -44.855  31.087  -22.785 0.0000000000
126056  -45.517  30.360  -22.506 0.0000000000
126978  -46.839  31.076  -23.988 0.0000000000
127815  -45.578  31.834  -25.019 0.0000000000
126990  -45.347  31.692  -24.646 0.0000000000
129430  -42.610  34.699  -24.217 0.0000000000
128636  -42.477  33.986  -24.710 0.0000000000
130262  -42.272  35.128  -24.668 0.0000000000
130245  -42.090  35.462  -23.390 0.0000000000
131905  -47.977  37.383  -17.579 0.0000000000
131886  -47.424  37.630  -16.780 0.0000000000
131915  -42.160  37.979  -19.084 0.0000000000
132736  -41.636  38.308  -19.631 0.0000000000
132741  -41.037  37.528  -20.036 0.0000000000
132735  -40.887  38.292  -19.744 0.0000000000
132734  -40.097  37.915  -19.643 0.0000000000
131913  -40.643  38.566  -18.717 0.0000000000
130967  -38.203  36.778  -14.415 0.0000000000
130983  -38.106  37.034  -15.469 0.0000000000
118142  -41.079  22.660  -11.369 0.0000000000
121368  -40.275  25.191  -11.128 0.0000000000
120359  -40.290  24.223  -11.546 0.0000000000
122329  -40.587  25.880  -11.836 0.0000000000
122341  -40.719  25.649  -12.614 0.0000000000
132586  -49.028  38.596  -4.257 0.0000000000
133351  -49.780  40.064  -4.753 0.0000000000
132602  -49.922  39.165  -5.309 0.0000000000
132608  -50.039  39.211  -6.024 0.0000000000
132613  -49.606  38.729  -7.315 0.0000000000
132611  -50.042  39.204  -7.013 0.0000000000
132616  -50.024  38.870  -9.080 0.0000000000
133382  -50.203  39.886  -6.415 0.0000000000
135634  -49.714  42.172  -4.595 0.0000000000
134851  -49.772  41.630  -5.131 0.0000000000
134850  -49.070  41.839  -5.706 0.0000000000
114765  -49.401  20.001  -20.140 0.0000000000
115918  -50.163  21.212  -21.179 0.0000000000
126728  -34.882  31.025  -2.990 0.0000000000
126729  -35.512  30.932  -2.934 0.0000000000
126737  -35.216  31.641  -3.189 0.0000000000
119193  -51.960  23.463  -6.568 0.0000000000
118100  -51.498  23.118  -6.937 0.0000000000
116936  -50.209  21.807  -6.882 0.0000000000
116927  -50.351  22.011  -6.240 0.0000000000
116913  -47.646  21.104  -5.360 0.0000000000
116914  -48.820  21.209  -5.629 0.0000000000
115753  -46.265  20.557  -5.926 0.0000000000
116912  -46.640  20.991  -5.265 0.0000000000
120263  -37.765  23.988  -2.677 0.0000000000
120280  -37.426  23.889  -3.569 0.0000000000
120279  -36.320  23.747  -3.810 0.0000000000
120451  -44.479  24.674  -18.900 0.0000000000
119357  -44.979  24.030  -19.091 0.0000000000
122419  -45.837  26.160  -20.770 0.0000000000
120472  -45.889  24.979  -21.133 0.0000000000
121464  -46.290  25.554  -21.536 0.0000000000
120473  -46.777  24.299  -21.651 0.0000000000
121470  -46.792  25.488  -22.124 0.0000000000
121471  -47.434  25.606  -22.780 0.0000000000
122429  -46.990  26.674  -22.125 0.0000000000
124260  -47.070  28.640  -20.369 0.0000000000
124268  -47.375  28.455  -21.039 0.0000000000
124261  -47.962  29.114  -20.470 0.0000000000
124262  -48.585  29.294  -20.902 0.0000000000
125150  -48.495  29.579  -19.594 0.0000000000
127681  -42.587  31.985  -6.818 0.0000000000
126794  -43.458  31.235  -7.957 0.0000000000
126785  -44.013  31.232  -7.489 0.0000000000
125914  -46.210  30.614  -7.698 0.0000000000
125928  -46.033  30.132  -8.203 0.0000000000
125929  -46.330  30.378  -8.713 0.0000000000
126796  -45.610  31.705  -8.333 0.0000000000
130155  -44.241  35.712  -13.268 0.0000000000
129379  -42.517  34.042  -16.309 0.0000000000
129364  -43.080  34.643  -15.043 0.0000000000
128589  -42.327  33.352  -16.554 0.0000000000
128583  -42.374  33.478  -15.757 0.0000000000
127762  -42.378  32.567  -17.900 0.0000000000
127778  -42.870  32.065  -21.058 0.0000000000
127787  -43.166  32.101  -21.955 0.0000000000
127786  -42.832  32.834  -21.643 0.0000000000
129409  -42.649  34.150  -20.489 0.0000000000
129416  -42.703  34.556  -21.763 0.0000000000
132674  -46.249  38.265  -14.462 0.0000000000
131856  -45.954  38.024  -14.991 0.0000000000
131855  -45.298  37.877  -14.576 0.0000000000
131868  -43.934  37.165  -15.647 0.0000000000
131867  -42.629  36.868  -15.655 0.0000000000
131018  -41.898  36.772  -16.200 0.0000000000
131003  -42.136  36.790  -16.060 0.0000000000
130970  -41.180  36.615  -14.072 0.0000000000
130969  -40.212  36.561  -14.020 0.0000000000
131838  -40.675  36.885  -13.209 0.0000000000
118168  -46.463  22.404  -12.425 0.0000000000
118183  -46.884  22.610  -13.038 0.0000000000
118180  -43.920  22.827  -13.607 0.0000000000
118194  -44.600  22.753  -14.155 0.0000000000
119285  -44.076  23.174  -14.743 0.0000000000
119251  -41.592  23.504  -12.764 0.0000000000
119252  -42.324  23.299  -13.076 0.0000000000
120389  -41.846  23.974  -13.644 0.0000000000
120425  -42.420  24.876  -15.647 0.0000000000
119299  -42.813  24.033  -14.976 0.0000000000
120426  -42.862  24.490  -16.213 0.0000000000
119312  -43.659  23.715  -16.404 0.0000000000
120444  -43.663  24.820  -17.611 0.0000000000
121429  -43.003  25.444  -16.718 0.0000000000
123312  -43.197  27.461  -16.134 0.0000000000
122390  -43.634  26.929  -17.255 0.0000000000
123321  -43.982  27.593  -17.024 0.0000000000
123326  -44.633  27.499  -18.000 0.0000000000
124228  -44.559  28.501  -16.198 0.0000000000
129284  -46.178  34.134  -2.768 0.0000000000
128502  -46.057  33.793  -3.737 0.0000000000
129299  -46.283  34.396  -3.693 0.0000000000
130913  -47.073  36.257  -4.573 0.0000000000
130120  -46.114  35.837  -4.974 0.0000000000
130917  -46.051  36.476  -5.860 0.0000000000
130923  -45.697  36.749  -6.597 0.0000000000
131781  -47.052  37.320  -9.585 0.0000000000
130935  -46.368  37.166  -9.675 0.0000000000
130938  -45.667  36.785  -10.779 0.0000000000
130974  -46.783  36.666  -13.863 0.0000000000
130172  -45.273  36.051  -15.166 0.0000000000
130989  -46.778  36.506  -14.926 0.0000000000
131005  -46.701  36.363  -16.050 0.0000000000
131006  -47.763  36.576  -15.770 0.0000000000
132692  -49.551  37.926  -14.714 0.0000000000
131889  -49.457  37.192  -15.972 0.0000000000
132706  -49.377  37.760  -15.625 0.0000000000
132705  -48.717  38.027  -15.969 0.0000000000
132691  -48.991  38.286  -15.105 0.0000000000
133397  -49.902  39.199  -9.775 0.0000000000
133422  -49.538  38.798  -11.399 0.0000000000
133406  -49.341  39.257  -10.493 0.0000000000
133439  -47.917  39.450  -12.073 0.0000000000
133421  -48.571  39.276  -11.229 0.0000000000
132663  -47.784  38.924  -13.637 0.0000000000
133449  -47.366  39.384  -12.859 0.0000000000
133438  -47.015  39.856  -12.136 0.0000000000
134882  -46.201  41.026  -8.016 0.0000000000
134154  -46.338  40.184  -10.216 0.0000000000
134137  -45.856  40.795  -8.840 0.0000000000
134153  -45.779  40.554  -10.565 0.0000000000
134881  -45.341  41.811  -8.192 0.0000000000
118313  -48.329  22.925  -23.968 0.0000000000
120517  -48.229  25.113  -25.147 0.0000000000
123232  -37.869  27.621  -8.485 0.0000000000
124139  -37.529  28.672  -8.137 0.0000000000
125041  -37.886  29.723  -8.303 0.0000000000
125920  -38.422  30.378  -8.158 0.0000000000
125921  -39.062  30.578  -8.454 0.0000000000
126779  -38.428  31.506  -7.147 0.0000000000
125879  -37.386  30.762  -3.461 0.0000000000
126749  -37.478  30.974  -4.680 0.0000000000
125887  -37.642  30.912  -3.981 0.0000000000
126751  -39.137  31.564  -4.295 0.0000000000
126760  -38.507  31.628  -5.344 0.0000000000
126761  -39.491  31.902  -5.299 0.0000000000
126771  -39.828  32.033  -6.391 0.0000000000
126762  -40.638  32.108  -5.303 0.0000000000
126744  -41.847  31.674  -2.935 0.0000000000
126753  -41.224  31.965  -4.082 0.0000000000
126745  -42.860  31.496  -3.147 0.0000000000
126731  -42.523  31.565  -2.367 0.0000000000
131728  -39.825  37.001  -3.893 0.0000000000
130099  -38.973  35.757  -4.076 0.0000000000
130100  -39.769  35.549  -3.907 0.0000000000
129294  -39.937  34.416  -3.847 0.0000000000
130101  -40.709  35.331  -3.697 0.0000000000
130103  -42.750  35.251  -3.124 0.0000000000
129296  -42.247  34.386  -3.210 0.0000000000
129281  -43.361  33.768  -2.682 0.0000000000
128483  -43.734  32.991  -2.529 0.0000000000
129282  -44.297  34.164  -2.550 0.0000000000
130085  -44.439  34.930  -2.535 0.0000000000
130888  -45.412  35.847  -2.703 0.0000000000
130907  -45.736  36.466  -2.919 0.0000000000
130908  -46.726  36.498  -2.884 0.0000000000
120376  -51.631  24.626  -12.223 0.0000000000
121392  -50.947  25.322  -12.146 0.0000000000
119256  -49.650  23.952  -12.510 0.0000000000
119238  -49.775  23.938  -11.716 0.0000000000
120339  -51.944  25.054  -9.680 0.0000000000
122309  -52.867  26.805  -10.141 0.0000000000
121371  -52.283  26.256  -10.426 0.0000000000
122322  -52.476  26.579  -11.022 0.0000000000
121370  -51.641  25.674  -10.795 0.0000000000
120350  -51.217  24.932  -10.773 0.0000000000
118135  -49.605  23.049  -10.926 0.0000000000
118151  -49.389  23.365  -11.572 0.0000000000
118149  -47.990  22.481  -11.499 0.0000000000
118131  -45.369  21.632  -10.973 0.0000000000
116982  -45.778  21.326  -10.150 0.0000000000
115777  -48.035  20.598  -7.504 0.0000000000
116948  -48.332  20.938  -8.388 0.0000000000
115788  -46.925  20.558  -8.170 0.0000000000
115800  -44.687  20.647  -8.862 0.0000000000
115801  -45.450  20.668  -8.864 0.0000000000
116961  -44.273  21.025  -9.469 0.0000000000
116979  -42.703  21.385  -10.309 0.0000000000
116959  -42.076  21.226  -9.512 0.0000000000
120288  -48.254  24.686  -2.793 0.0000000000
116864  -45.651  21.328  0.695 0.0000000000
116865  -46.391  21.836  0.589 0.0000000000
118006  -47.382  22.746  1.113 0.0000000000
116875  -46.626  22.074  -0.114 0.0000000000
116885  -42.836  21.035  -1.812 0.0000000000
115736  -43.043  20.396  -1.149 0.0000000000
119136  -44.697  23.174  -1.846 0.0000000000
118045  -45.305  22.601  -1.417 0.0000000000
118047  -46.697  23.283  -1.027 0.0000000000
119138  -46.496  23.872  -1.358 0.0000000000
120251  -47.077  24.340  -1.518 0.0000000000
119163  -46.000  23.432  -2.922 0.0000000000
118065  -44.115  22.263  -4.592 0.0000000000
118066  -45.302  22.083  -4.157 0.0000000000
118079  -43.922  21.603  -5.246 0.0000000000
119197  -38.463  23.662  -7.412 0.0000000000
118086  -38.714  23.188  -6.947 0.0000000000
119204  -38.707  23.907  -8.092 0.0000000000
121346  -37.834  25.922  -8.232 0.0000000000
121339  -37.290  25.705  -7.585 0.0000000000
121332  -36.228  25.791  -6.702 0.0000000000
121338  -36.725  26.092  -7.212 0.0000000000
120295  -34.928  24.805  -4.883 0.0000000000
120308  -35.237  25.170  -5.463 0.0000000000
121318  -34.891  25.402  -5.398 0.0000000000
124121  -34.480  27.999  -5.256 0.0000000000
124122  -34.545  28.778  -4.973 0.0000000000
124116  -34.360  29.000  -4.503 0.0000000000
125001  -34.478  29.604  -3.757 0.0000000000
115868  -49.925  20.648  -14.389 0.0000000000
118225  -47.240  22.830  -16.597 0.0000000000
119315  -47.419  22.965  -15.968 0.0000000000
119344  -46.002  23.219  -19.112 0.0000000000
118255  -46.293  22.901  -18.459 0.0000000000
118268  -46.885  22.761  -19.005 0.0000000000
119345  -48.854  23.246  -17.961 0.0000000000
119333  -50.511  23.854  -17.552 0.0000000000
119347  -50.683  23.444  -18.688 0.0000000000
118258  -51.513  22.776  -18.370 0.0000000000
117077  -51.522  22.174  -18.883 0.0000000000
115902  -51.165  21.628  -19.355 0.0000000000
119414  -51.696  23.180  -21.778 0.0000000000
117097  -51.732  22.177  -20.764 0.0000000000
118304  -51.471  22.871  -22.089 0.0000000000
117119  -51.236  22.496  -22.221 0.0000000000
118317  -51.292  23.220  -23.034 0.0000000000
121481  -49.011  25.731  -23.964 0.0000000000
120488  -50.112  24.255  -23.355 0.0000000000
121482  -49.893  25.725  -24.262 0.0000000000
122454  -50.790  26.276  -24.903 0.0000000000
121496  -51.110  25.523  -24.629 0.0000000000
122455  -51.217  25.694  -24.885 0.0000000000
120513  -51.141  24.459  -24.929 0.0000000000
120521  -50.951  24.768  -25.276 0.0000000000
120520  -50.424  24.983  -25.457 0.0000000000
121506  -50.889  25.484  -25.443 0.0000000000
124317  -50.209  28.584  -25.282 0.0000000000
122462  -49.928  26.640  -25.622 0.0000000000
123395  -49.407  27.510  -25.495 0.0000000000
124315  -48.720  28.294  -25.271 0.0000000000
122307  -39.568  26.470  -9.580 0.0000000000
123252  -41.400  27.140  -10.471 0.0000000000
123262  -41.675  27.010  -11.336 0.0000000000
123263  -42.271  27.509  -10.905 0.0000000000
125056  -44.031  30.042  -9.172 0.0000000000
124150  -43.337  29.128  -9.818 0.0000000000
124151  -44.142  28.975  -9.686 0.0000000000
124177  -45.142  28.701  -11.208 0.0000000000
124176  -44.299  28.241  -11.116 0.0000000000
124211  -43.276  28.526  -14.071 0.0000000000
124203  -44.094  28.921  -13.233 0.0000000000
125103  -45.964  29.803  -14.177 0.0000000000
125102  -45.148  29.387  -14.159 0.0000000000
125113  -46.075  29.638  -15.207 0.0000000000
128512  -44.899  33.814  -5.563 0.0000000000
128511  -44.687  34.027  -5.840 0.0000000000
129317  -43.236  34.439  -9.055 0.0000000000
128517  -43.664  34.005  -7.972 0.0000000000
128520  -43.483  33.599  -8.349 0.0000000000
127691  -43.762  33.051  -8.950 0.0000000000
127701  -43.591  32.816  -9.971 0.0000000000
129338  -42.962  34.512  -12.153 0.0000000000
127725  -43.115  32.321  -13.113 0.0000000000
128550  -42.820  33.106  -12.148 0.0000000000
127717  -42.945  32.736  -12.304 0.0000000000
127710  -43.875  32.094  -11.376 0.0000000000
126829  -43.712  32.014  -12.260 0.0000000000
126831  -45.400  31.193  -12.475 0.0000000000
126839  -44.519  31.546  -13.065 0.0000000000
125974  -48.116  31.221  -14.661 0.0000000000
125966  -47.519  31.197  -14.085 0.0000000000
125115  -47.787  30.438  -15.650 0.0000000000
125123  -47.222  30.008  -16.275 0.0000000000
125124  -47.925  30.375  -16.424 0.0000000000
125995  -48.786  30.958  -16.913 0.0000000000
126003  -49.223  30.678  -17.554 0.0000000000
126898  -49.464  30.926  -18.090 0.0000000000
126923  -45.342  30.779  -19.187 0.0000000000
126044  -46.967  30.657  -21.849 0.0000000000
126020  -47.283  30.760  -20.336 0.0000000000
126939  -48.340  30.999  -21.180 0.0000000000
126940  -49.064  31.046  -20.688 0.0000000000
126952  -48.851  31.134  -21.734 0.0000000000
126968  -49.477  30.944  -22.185 0.0000000000
126967  -48.779  31.074  -22.615 0.0000000000
127006  -48.046  30.897  -24.798 0.0000000000
125216  -48.070  29.695  -24.892 0.0000000000
125215  -47.228  29.955  -24.928 0.0000000000
127805  -43.978  32.057  -24.351 0.0000000000
127811  -42.869  33.070  -25.430 0.0000000000
127822  -43.413  32.670  -25.934 0.0000000000
130200  -46.490  36.038  -17.880 0.0000000000
130211  -47.207  36.081  -18.742 0.0000000000
131047  -47.496  36.766  -19.488 0.0000000000
130220  -46.721  36.187  -19.767 0.0000000000
131045  -46.442  36.245  -20.695 0.0000000000
130230  -45.679  36.145  -21.333 0.0000000000
131054  -46.131  36.548  -21.314 0.0000000000
131903  -45.839  37.556  -17.701 0.0000000000
131941  -43.427  37.453  -20.801 0.0000000000
131942  -44.257  37.403  -20.649 0.0000000000
131951  -43.466  36.951  -21.379 0.0000000000
131061  -43.134  36.436  -21.808 0.0000000000
131053  -42.809  36.706  -21.348 0.0000000000
130235  -42.003  35.750  -22.335 0.0000000000
130227  -41.606  35.861  -21.512 0.0000000000
130216  -40.409  35.710  -20.234 0.0000000000
129407  -39.666  34.668  -20.804 0.0000000000
127783  -39.441  33.277  -21.071 0.0000000000
128601  -38.742  33.779  -20.135 0.0000000000
129399  -38.592  34.623  -19.542 0.0000000000
130206  -38.494  35.441  -18.852 0.0000000000
131036  -38.146  36.372  -18.531 0.0000000000
131035  -37.368  36.335  -18.141 0.0000000000
131897  -39.351  38.356  -17.851 0.0000000000
131879  -39.580  37.826  -17.327 0.0000000000
132700  -37.203  38.719  -16.881 0.0000000000
133480  -37.376  38.935  -17.993 0.0000000000
133484  -36.396  38.773  -17.981 0.0000000000
131895  -36.245  37.426  -17.803 0.0000000000
134166  -42.942  40.628  -10.920 0.0000000000
134910  -42.158  41.482  -11.040 0.0000000000
133413  -40.896  39.351  -11.491 0.0000000000
131819  -39.980  37.455  -12.367 0.0000000000
119224  -39.839  23.767  -10.206 0.0000000000
121367  -39.977  24.962  -10.385 0.0000000000
121356  -40.252  25.595  -10.400 0.0000000000
133350  -49.322  39.605  -4.644 0.0000000000
134096  -49.561  40.569  -4.349 0.0000000000
134086  -49.933  41.331  -4.178 0.0000000000
135622  -49.813  42.225  -4.165 0.0000000000
136360  -49.513  43.352  -3.917 0.0000000000
127650  -33.802  32.623  -3.420 0.0000000000
127651  -34.649  32.478  -3.628 0.0000000000
119187  -51.579  23.704  -5.595 0.0000000000
118082  -51.038  23.008  -5.642 0.0000000000
116916  -50.394  22.230  -5.690 0.0000000000
118081  -50.438  22.674  -5.202 0.0000000000
116903  -49.092  21.898  -4.744 0.0000000000
116902  -48.143  21.540  -4.560 0.0000000000
120261  -35.424  23.688  -3.035 0.0000000000
120374  -49.747  24.076  -13.112 0.0000000000
120373  -49.128  24.050  -13.636 0.0000000000
122403  -44.455  26.508  -18.682 0.0000000000
121448  -45.084  25.616  -20.001 0.0000000000
122404  -45.001  26.537  -19.407 0.0000000000
122411  -45.640  26.603  -20.221 0.0000000000
122420  -46.319  26.680  -21.074 0.0000000000
122421  -46.829  27.233  -21.471 0.0000000000
123342  -46.404  27.816  -20.313 0.0000000000
124246  -47.441  29.317  -18.855 0.0000000000
126765  -43.432  31.926  -5.376 0.0000000000
126775  -44.318  31.265  -6.788 0.0000000000
125901  -44.772  31.156  -6.372 0.0000000000
125902  -45.315  31.025  -6.521 0.0000000000
126777  -45.951  31.240  -7.275 0.0000000000
130162  -44.607  35.875  -14.303 0.0000000000
130161  -43.714  35.272  -14.677 0.0000000000
130170  -43.728  35.165  -15.655 0.0000000000
129386  -42.535  33.968  -17.251 0.0000000000
128602  -42.290  33.296  -18.669 0.0000000000
128608  -42.360  33.333  -19.852 0.0000000000
130217  -43.711  35.098  -20.188 0.0000000000
131824  -45.168  38.311  -13.138 0.0000000000
131842  -45.133  38.049  -13.639 0.0000000000
131841  -44.406  37.628  -13.648 0.0000000000
131840  -43.314  37.264  -13.604 0.0000000000
131821  -42.471  37.571  -12.638 0.0000000000
120401  -41.699  24.840  -14.202 0.0000000000
121412  -41.651  25.434  -14.385 0.0000000000
121421  -41.832  25.469  -14.818 0.0000000000
122382  -42.312  26.256  -15.702 0.0000000000
123311  -42.634  26.796  -15.909 0.0000000000
124219  -43.584  28.472  -15.089 0.0000000000
130891  -47.274  35.648  -2.852 0.0000000000
130106  -46.785  34.952  -3.618 0.0000000000
130107  -47.264  35.582  -3.379 0.0000000000
130919  -47.610  36.670  -4.793 0.0000000000
131771  -48.568  37.976  -7.221 0.0000000000
131777  -48.617  37.927  -8.295 0.0000000000
131792  -47.844  37.309  -10.336 0.0000000000
131805  -46.993  37.265  -10.873 0.0000000000
130950  -46.922  37.099  -11.559 0.0000000000
130960  -47.963  36.971  -12.671 0.0000000000
130975  -47.857  36.796  -13.700 0.0000000000
130991  -48.713  36.829  -14.559 0.0000000000
130992  -49.443  37.002  -14.379 0.0000000000
131857  -49.721  37.503  -14.149 0.0000000000
132678  -49.639  38.027  -13.802 0.0000000000
133391  -49.170  39.940  -8.380 0.0000000000
133390  -48.692  39.967  -8.621 0.0000000000
133395  -48.344  39.757  -9.106 0.0000000000
133404  -47.753  39.735  -9.820 0.0000000000
134145  -47.494  40.038  -9.194 0.0000000000
134131  -47.037  40.805  -7.711 0.0000000000
134876  -46.413  41.850  -7.220 0.0000000000
117126  -47.976  21.988  -23.366 0.0000000000
119432  -49.016  24.100  -25.040 0.0000000000
124135  -36.825  28.618  -7.542 0.0000000000
125900  -37.065  30.808  -6.561 0.0000000000
127654  -37.443  32.104  -3.375 0.0000000000
127658  -41.474  32.355  -2.833 0.0000000000
131729  -40.748  36.930  -3.890 0.0000000000
130903  -41.237  36.163  -3.584 0.0000000000
130904  -42.245  36.171  -3.323 0.0000000000
130905  -43.353  36.146  -3.105 0.0000000000
130104  -43.827  35.088  -2.733 0.0000000000
131732  -43.972  36.980  -3.676 0.0000000000
121394  -52.413  25.195  -11.897 0.0000000000
121381  -51.036  25.313  -11.532 0.0000000000
120331  -51.810  24.473  -9.369 0.0000000000
120338  -51.439  24.710  -10.093 0.0000000000
119214  -50.705  23.691  -9.836 0.0000000000
118114  -47.768  21.497  -9.763 0.0000000000
116964  -47.205  21.123  -9.539 0.0000000000
115775  -46.379  20.458  -7.455 0.0000000000
115774  -45.468  20.297  -7.434 0.0000000000
115785  -44.212  20.572  -8.147 0.0000000000
115784  -43.317  20.641  -8.229 0.0000000000
116945  -43.099  20.781  -8.691 0.0000000000
116944  -42.466  20.848  -8.459 0.0000000000
118043  -43.331  22.051  -1.815 0.0000000000
119162  -44.956  23.232  -3.058 0.0000000000
118058  -45.641  22.712  -3.508 0.0000000000
119174  -43.817  23.078  -3.988 0.0000000000
119173  -43.178  23.067  -4.299 0.0000000000
119192  -38.923  22.976  -6.114 0.0000000000
119191  -38.459  23.435  -6.433 0.0000000000
120323  -37.228  25.182  -7.007 0.0000000000
117049  -50.149  21.859  -15.062 0.0000000000
118227  -50.648  22.962  -16.527 0.0000000000
118243  -50.724  22.412  -16.808 0.0000000000
119303  -46.985  22.843  -15.518 0.0000000000
118240  -46.810  22.736  -17.520 0.0000000000
119376  -46.796  23.478  -20.579 0.0000000000
119360  -47.369  22.862  -19.674 0.0000000000
119377  -47.884  23.135  -20.488 0.0000000000
119363  -51.082  23.510  -19.826 0.0000000000
119364  -51.896  23.374  -19.937 0.0000000000
118271  -52.042  22.825  -20.032 0.0000000000
120464  -51.763  23.561  -20.539 0.0000000000
119396  -51.564  23.380  -21.492 0.0000000000
123369  -48.987  27.619  -23.558 0.0000000000
123370  -49.875  27.577  -24.179 0.0000000000
123383  -50.385  27.175  -24.657 0.0000000000
123384  -50.537  27.507  -24.946 0.0000000000
122463  -50.702  26.472  -25.408 0.0000000000
124290  -50.527  28.501  -24.415 0.0000000000
125207  -50.502  29.160  -24.492 0.0000000000
125219  -50.313  29.008  -24.963 0.0000000000
125043  -39.417  29.797  -8.901 0.0000000000
124147  -40.697  28.762  -9.692 0.0000000000
124148  -41.603  28.970  -9.870 0.0000000000
123240  -41.929  28.512  -10.012 0.0000000000
125058  -45.485  29.284  -9.459 0.0000000000
125071  -45.614  29.256  -10.374 0.0000000000
124190  -45.092  29.123  -11.901 0.0000000000
125085  -44.771  29.193  -12.565 0.0000000000
125086  -45.513  29.659  -12.305 0.0000000000
125087  -46.229  30.188  -12.441 0.0000000000
130118  -44.754  35.474  -6.164 0.0000000000
129312  -44.217  34.787  -6.564 0.0000000000
129315  -43.865  35.025  -7.377 0.0000000000
130125  -43.489  35.234  -8.824 0.0000000000
129320  -43.033  34.391  -10.110 0.0000000000
129355  -42.706  33.956  -13.556 0.0000000000
127739  -42.625  32.765  -14.429 0.0000000000
127732  -42.918  32.339  -13.883 0.0000000000
126849  -43.564  31.855  -13.742 0.0000000000
126850  -44.587  31.361  -14.062 0.0000000000
126851  -45.759  31.330  -14.374 0.0000000000
126852  -46.871  31.372  -14.708 0.0000000000
125975  -48.441  31.422  -15.280 0.0000000000
125994  -48.640  30.688  -16.477 0.0000000000
125986  -48.538  31.241  -16.068 0.0000000000
126882  -47.790  31.418  -16.727 0.0000000000
126896  -47.887  31.154  -17.695 0.0000000000
126030  -44.813  30.524  -20.780 0.0000000000
126018  -45.589  30.626  -20.021 0.0000000000
126042  -45.161  30.441  -21.729 0.0000000000
126043  -46.066  30.465  -21.800 0.0000000000
126058  -47.336  30.733  -22.592 0.0000000000
126966  -48.347  31.133  -23.042 0.0000000000
126979  -47.806  31.166  -23.507 0.0000000000
126992  -47.454  31.287  -24.460 0.0000000000
127005  -47.156  31.248  -25.180 0.0000000000
126088  -46.773  30.723  -25.385 0.0000000000
127825  -45.539  31.790  -25.328 0.0000000000
127803  -42.864  33.154  -23.870 0.0000000000
131906  -48.778  37.250  -17.313 0.0000000000
131038  -47.785  36.575  -18.640 0.0000000000
131921  -48.168  36.938  -17.917 0.0000000000
131920  -47.624  37.219  -18.621 0.0000000000
131933  -47.048  37.184  -19.503 0.0000000000
131917  -44.440  37.348  -18.794 0.0000000000
131916  -43.357  37.532  -18.934 0.0000000000
131929  -43.368  37.758  -19.952 0.0000000000
131928  -42.512  38.002  -20.232 0.0000000000
131051  -41.412  36.379  -20.767 0.0000000000
131939  -41.721  37.064  -20.543 0.0000000000
131938  -41.094  36.909  -20.103 0.0000000000
130214  -39.122  35.459  -19.388 0.0000000000
131926  -39.748  37.133  -19.417 0.0000000000
131925  -39.034  37.127  -19.165 0.0000000000
132732  -38.684  37.625  -19.040 0.0000000000
130999  -38.766  37.134  -16.252 0.0000000000
131014  -39.126  37.506  -16.867 0.0000000000
131865  -38.255  37.586  -16.314 0.0000000000
132687  -36.977  38.327  -16.144 0.0000000000
133472  -35.863  39.217  -17.037 0.0000000000
132686  -36.506  38.615  -16.050 0.0000000000
131862  -36.198  38.377  -15.661 0.0000000000
118128  -42.222  21.984  -11.062 0.0000000000
118143  -41.607  22.621  -11.802 0.0000000000
119236  -41.330  23.218  -12.218 0.0000000000
120372  -41.157  23.922  -12.791 0.0000000000
120371  -40.782  24.258  -12.511 0.0000000000
120387  -40.968  24.730  -12.979 0.0000000000
122355  -40.803  25.478  -13.017 0.0000000000
122356  -40.835  26.001  -13.415 0.0000000000
123286  -41.332  26.904  -13.189 0.0000000000
131752  -48.666  37.294  -3.963 0.0000000000
131737  -48.836  37.839  -3.884 0.0000000000
131753  -49.205  37.904  -4.372 0.0000000000
132601  -49.696  38.731  -4.743 0.0000000000
132607  -49.786  38.589  -5.556 0.0000000000
131772  -49.168  38.281  -6.841 0.0000000000
131778  -49.391  38.383  -8.121 0.0000000000
131784  -49.436  37.942  -9.174 0.0000000000
131795  -49.974  38.071  -10.069 0.0000000000
132654  -49.857  37.989  -11.498 0.0000000000
132623  -50.186  38.644  -9.988 0.0000000000
133392  -49.636  39.340  -8.744 0.0000000000
134123  -49.875  40.429  -6.606 0.0000000000
133387  -49.521  40.070  -7.855 0.0000000000
134865  -48.991  41.144  -6.228 0.0000000000
134849  -48.664  42.091  -5.849 0.0000000000
135646  -48.494  42.619  -5.597 0.0000000000
117107  -49.794  21.537  -21.923 0.0000000000
125885  -36.034  30.238  -4.291 0.0000000000
125878  -36.681  30.597  -3.385 0.0000000000
126739  -37.093  31.333  -3.104 0.0000000000
127652  -35.606  32.342  -3.559 0.0000000000
127653  -36.566  32.182  -3.450 0.0000000000
119199  -51.104  22.964  -8.033 0.0000000000
118106  -50.079  22.042  -8.020 0.0000000000
118098  -50.217  21.926  -7.351 0.0000000000
116935  -49.724  21.395  -7.311 0.0000000000
115766  -48.416  20.660  -6.794 0.0000000000
116926  -49.797  21.377  -6.316 0.0000000000
115756  -48.607  20.861  -6.285 0.0000000000
115765  -47.642  20.438  -6.739 0.0000000000
115764  -46.766  20.386  -6.688 0.0000000000
116924  -44.130  20.757  -6.146 0.0000000000
115734  -41.189  20.238  -1.443 0.0000000000
116884  -41.746  21.136  -1.750 0.0000000000
118040  -40.160  22.242  -1.821 0.0000000000
118041  -41.233  22.145  -1.930 0.0000000000
119133  -41.775  22.990  -2.045 0.0000000000
119145  -35.140  23.710  -3.435 0.0000000000
119329  -45.194  23.169  -18.014 0.0000000000
119342  -44.697  23.836  -18.463 0.0000000000
119358  -45.566  23.811  -19.575 0.0000000000
119375  -46.025  23.826  -20.240 0.0000000000
120461  -45.414  24.595  -20.426 0.0000000000
119410  -48.763  23.772  -22.499 0.0000000000
119411  -49.788  23.816  -22.496 0.0000000000
120486  -48.082  24.557  -22.973 0.0000000000
121480  -48.188  25.656  -23.453 0.0000000000
122439  -48.558  26.605  -23.632 0.0000000000
123351  -47.306  27.742  -21.601 0.0000000000
123359  -47.849  27.655  -22.416 0.0000000000
123368  -48.221  27.345  -23.224 0.0000000000
124277  -48.464  28.450  -22.280 0.0000000000
124270  -49.042  29.207  -21.657 0.0000000000
125169  -49.514  29.759  -21.173 0.0000000000
126792  -41.725  31.629  -8.165 0.0000000000
125924  -42.140  31.105  -8.789 0.0000000000
126793  -42.626  31.509  -8.070 0.0000000000
125934  -43.460  30.469  -9.042 0.0000000000
125034  -44.889  30.411  -7.935 0.0000000000
125045  -44.710  30.290  -8.377 0.0000000000
125057  -44.827  29.568  -9.201 0.0000000000
125936  -46.206  30.450  -9.770 0.0000000000
126802  -45.973  31.015  -10.076 0.0000000000
130937  -44.749  36.396  -11.059 0.0000000000
130135  -43.975  35.832  -11.351 0.0000000000
130145  -43.533  35.154  -12.688 0.0000000000
129356  -43.087  34.627  -14.084 0.0000000000
129363  -42.608  34.023  -14.491 0.0000000000
128576  -42.416  33.375  -14.943 0.0000000000
126877  -42.692  32.249  -16.363 0.0000000000
126892  -43.663  31.507  -17.142 0.0000000000
126893  -44.810  31.150  -17.255 0.0000000000
126908  -43.838  31.189  -18.275 0.0000000000
126922  -44.199  31.004  -19.443 0.0000000000
126921  -43.110  31.691  -19.509 0.0000000000
126016  -44.149  30.916  -20.170 0.0000000000
126937  -43.635  31.314  -20.781 0.0000000000
126976  -44.584  31.693  -24.113 0.0000000000
126963  -43.947  31.793  -23.412 0.0000000000
127795  -42.768  32.818  -23.015 0.0000000000
129422  -42.603  34.621  -23.143 0.0000000000
132689  -47.154  38.221  -15.292 0.0000000000
132703  -46.895  37.955  -16.007 0.0000000000
132702  -46.338  37.909  -15.862 0.0000000000
131884  -44.895  37.437  -16.670 0.0000000000
131900  -42.359  37.438  -18.001 0.0000000000
131899  -41.315  37.776  -18.084 0.0000000000
131881  -41.415  37.137  -17.225 0.0000000000
131017  -41.429  36.816  -16.349 0.0000000000
131016  -40.558  36.865  -16.599 0.0000000000
130987  -41.596  36.662  -14.746 0.0000000000
131000  -39.738  36.691  -15.939 0.0000000000
130985  -39.922  36.440  -14.965 0.0000000000
130968  -39.178  36.557  -14.141 0.0000000000
118195  -45.436  22.546  -14.064 0.0000000000
118179  -43.266  23.016  -13.434 0.0000000000
119269  -43.136  23.351  -13.903 0.0000000000
119283  -42.534  23.834  -14.410 0.0000000000
119284  -43.207  23.448  -14.658 0.0000000000
119327  -43.926  23.794  -17.082 0.0000000000
120436  -43.848  24.221  -17.531 0.0000000000
121442  -44.152  25.540  -18.475 0.0000000000
122389  -43.294  26.418  -17.074 0.0000000000
124243  -45.251  28.304  -17.859 0.0000000000
128501  -45.726  32.988  -3.714 0.0000000000
127664  -44.931  32.510  -4.579 0.0000000000
128509  -45.902  34.221  -4.028 0.0000000000
129310  -45.188  34.892  -5.113 0.0000000000
130115  -46.515  35.590  -4.327 0.0000000000
130114  -45.805  35.346  -4.865 0.0000000000
130123  -45.102  36.017  -6.288 0.0000000000
130926  -44.898  36.524  -7.940 0.0000000000
130929  -44.719  36.518  -8.961 0.0000000000
131758  -47.621  37.184  -5.689 0.0000000000
131763  -46.891  37.293  -6.374 0.0000000000
131770  -47.784  37.702  -7.401 0.0000000000
131769  -46.985  37.397  -7.555 0.0000000000
131762  -46.390  37.320  -6.994 0.0000000000
131774  -46.068  37.117  -8.143 0.0000000000
130930  -45.756  37.043  -8.730 0.0000000000
130933  -44.686  36.470  -10.014 0.0000000000
130948  -44.820  36.302  -12.095 0.0000000000
130957  -44.890  36.100  -13.046 0.0000000000
130958  -45.759  36.581  -12.956 0.0000000000
130179  -44.537  35.527  -16.341 0.0000000000
130188  -44.459  35.485  -17.375 0.0000000000
130189  -45.381  35.890  -17.092 0.0000000000
131019  -47.066  36.210  -17.208 0.0000000000
131020  -47.832  36.337  -16.799 0.0000000000
131007  -48.638  36.699  -15.527 0.0000000000
131022  -49.153  36.781  -16.176 0.0000000000
131031  -48.567  36.660  -17.308 0.0000000000
132653  -49.810  38.372  -11.979 0.0000000000
133452  -49.490  38.526  -12.704 0.0000000000
133451  -49.001  38.778  -12.857 0.0000000000
133440  -48.752  38.957  -12.130 0.0000000000
132664  -48.700  38.776  -13.611 0.0000000000
132676  -48.389  38.563  -14.409 0.0000000000
132662  -46.516  38.940  -13.376 0.0000000000
132652  -45.992  39.352  -12.609 0.0000000000
134171  -46.794  40.042  -10.538 0.0000000000
133437  -46.181  39.816  -12.204 0.0000000000
133436  -45.517  39.615  -12.202 0.0000000000
134913  -45.279  40.796  -10.883 0.0000000000
134168  -45.005  40.505  -11.278 0.0000000000
122306  -38.816  26.533  -9.145 0.0000000000
123236  -38.556  27.478  -8.987 0.0000000000
124145  -38.912  28.047  -9.190 0.0000000000
124141  -38.999  29.204  -8.927 0.0000000000
125922  -40.064  30.938  -8.758 0.0000000000
125893  -36.934  30.821  -5.415 0.0000000000
126769  -37.975  31.441  -6.435 0.0000000000
126750  -38.173  31.266  -4.327 0.0000000000
126780  -39.204  31.645  -7.242 0.0000000000
126781  -40.157  31.883  -7.589 0.0000000000
126791  -40.873  31.604  -8.197 0.0000000000
126782  -41.350  32.099  -7.361 0.0000000000
127673  -41.672  32.228  -6.429 0.0000000000
127667  -42.092  32.165  -5.723 0.0000000000
126763  -41.704  32.111  -4.964 0.0000000000
126764  -42.603  32.020  -4.991 0.0000000000
126755  -43.204  31.677  -4.157 0.0000000000
126756  -44.115  31.590  -4.442 0.0000000000
126747  -44.510  31.726  -3.602 0.0000000000
128499  -41.876  33.356  -3.023 0.0000000000
128481  -42.020  32.594  -2.673 0.0000000000
127644  -43.113  32.169  -2.211 0.0000000000
127645  -44.140  32.053  -2.378 0.0000000000
127646  -44.918  32.374  -2.693 0.0000000000
128485  -45.621  33.077  -2.795 0.0000000000
130087  -46.141  34.961  -2.514 0.0000000000
130086  -45.130  35.135  -2.541 0.0000000000
130890  -46.884  35.704  -2.590 0.0000000000
131735  -47.371  37.235  -3.402 0.0000000000
120375  -50.659  24.568  -12.737 0.0000000000
118170  -48.274  22.915  -12.200 0.0000000000
120349  -50.816  24.751  -11.218 0.0000000000
120337  -50.937  24.438  -10.577 0.0000000000
119227  -50.495  24.124  -10.952 0.0000000000
119239  -50.413  24.401  -11.497 0.0000000000
118147  -45.940  21.985  -11.705 0.0000000000
116947  -47.476  20.843  -8.728 0.0000000000
116963  -46.171  20.827  -9.395 0.0000000000
115787  -46.033  20.608  -8.337 0.0000000000
116981  -44.806  21.382  -10.200 0.0000000000
118129  -43.254  21.790  -11.078 0.0000000000
118113  -40.953  22.217  -10.385 0.0000000000
118112  -40.395  22.519  -10.015 0.0000000000
119211  -39.566  23.540  -9.508 0.0000000000
119166  -49.361  23.911  -3.886 0.0000000000
119089  -47.937  23.537  1.410 0.0000000000
119106  -48.564  23.990  0.484 0.0000000000
119105  -48.074  23.411  0.175 0.0000000000
116872  -44.072  20.648  -0.397 0.0000000000
116873  -44.803  20.920  -0.089 0.0000000000
116887  -45.105  21.644  -1.062 0.0000000000
118031  -46.349  22.275  -0.639 0.0000000000
118032  -47.022  22.862  -0.462 0.0000000000
120233  -48.165  24.259  -0.693 0.0000000000
120252  -47.725  24.474  -1.224 0.0000000000
120271  -47.435  24.767  -2.045 0.0000000000
119152  -46.448  24.017  -2.206 0.0000000000
119153  -47.134  24.275  -2.421 0.0000000000
119165  -48.655  23.596  -3.592 0.0000000000
118069  -48.496  22.519  -4.112 0.0000000000
118068  -47.416  22.211  -3.991 0.0000000000
116900  -46.019  21.516  -4.664 0.0000000000
116911  -45.682  21.033  -5.327 0.0000000000
116910  -44.594  21.062  -5.435 0.0000000000
116909  -43.699  21.238  -5.724 0.0000000000
120285  -42.181  24.221  -3.456 0.0000000000
120302  -41.737  23.987  -4.190 0.0000000000
119172  -42.242  23.175  -4.768 0.0000000000
119171  -41.151  23.448  -4.771 0.0000000000
118063  -42.387  22.644  -5.034 0.0000000000
118077  -42.280  22.167  -5.418 0.0000000000
116908  -42.881  21.437  -5.907 0.0000000000
116922  -42.542  21.016  -6.566 0.0000000000
120330  -38.807  24.490  -8.637 0.0000000000
121347  -38.401  25.482  -8.733 0.0000000000
122295  -36.889  26.745  -7.621 0.0000000000
124134  -36.056  28.611  -7.161 0.0000000000
125024  -35.330  29.151  -5.920 0.0000000000
120309  -35.857  24.886  -5.737 0.0000000000
121326  -35.795  25.458  -6.239 0.0000000000
124129  -34.816  28.365  -5.863 0.0000000000
125016  -35.100  29.223  -5.187 0.0000000000
125010  -35.411  29.738  -4.620 0.0000000000
125884  -35.469  29.876  -3.924 0.0000000000
125876  -35.063  29.820  -3.349 0.0000000000
126727  -34.121  31.082  -2.963 0.0000000000
125869  -33.822  30.249  -2.896 0.0000000000
126735  -33.594  31.882  -3.180 0.0000000000
114718  -49.974  20.064  -15.281 0.0000000000
114729  -50.003  20.137  -16.195 0.0000000000
114739  -50.125  20.147  -17.247 0.0000000000
119304  -47.806  23.236  -15.475 0.0000000000
118239  -45.908  22.830  -17.710 0.0000000000
118269  -47.685  22.695  -18.862 0.0000000000
119331  -48.659  23.371  -17.132 0.0000000000
120438  -50.480  24.050  -16.900 0.0000000000
119320  -50.955  23.474  -17.310 0.0000000000
118244  -51.093  22.793  -17.343 0.0000000000
115901  -50.791  20.867  -18.924 0.0000000000
115909  -50.533  21.092  -20.092 0.0000000000
117098  -51.853  22.306  -20.297 0.0000000000
117086  -51.196  21.846  -20.315 0.0000000000
117108  -50.383  21.752  -21.756 0.0000000000
118302  -50.606  22.458  -22.961 0.0000000000
120489  -50.863  24.195  -23.460 0.0000000000
121495  -50.611  25.693  -24.506 0.0000000000
120501  -51.178  24.866  -24.141 0.0000000000
120490  -51.312  24.180  -23.647 0.0000000000
118329  -51.327  23.386  -23.752 0.0000000000
118328  -50.846  23.249  -24.097 0.0000000000
118315  -50.241  22.593  -23.621 0.0000000000
118327  -50.087  23.219  -24.345 0.0000000000
119443  -49.861  24.453  -25.364 0.0000000000
119442  -49.395  24.625  -25.433 0.0000000000
121504  -49.442  25.786  -25.652 0.0000000000
120518  -48.918  24.940  -25.524 0.0000000000
121503  -48.577  25.753  -25.420 0.0000000000
122308  -40.186  26.320  -10.121 0.0000000000
123251  -40.678  26.766  -10.288 0.0000000000
122330  -41.128  26.505  -11.633 0.0000000000
123273  -41.450  27.053  -12.219 0.0000000000
123287  -41.905  27.555  -12.813 0.0000000000
124149  -42.446  28.965  -9.919 0.0000000000
123254  -42.885  28.231  -10.274 0.0000000000
124165  -44.261  28.279  -10.210 0.0000000000
124175  -43.501  28.099  -10.865 0.0000000000
123275  -42.863  27.772  -11.214 0.0000000000
124187  -42.449  27.831  -12.420 0.0000000000
124201  -42.535  27.999  -13.019 0.0000000000
123298  -42.651  28.053  -14.208 0.0000000000
125093  -44.928  29.348  -13.291 0.0000000000
124220  -44.554  28.940  -15.148 0.0000000000
124221  -45.238  29.063  -15.525 0.0000000000
124229  -45.516  29.016  -16.239 0.0000000000
124236  -45.861  28.965  -17.192 0.0000000000
127671  -44.137  32.784  -5.619 0.0000000000
127678  -44.775  32.811  -6.520 0.0000000000
126787  -45.505  31.770  -7.366 0.0000000000
128518  -43.854  33.848  -7.475 0.0000000000
127683  -44.442  33.057  -7.075 0.0000000000
127684  -44.935  32.344  -7.654 0.0000000000
127688  -44.964  32.139  -8.650 0.0000000000
126801  -45.303  31.675  -9.389 0.0000000000
126812  -45.435  31.415  -10.497 0.0000000000
130131  -43.275  35.221  -10.703 0.0000000000
129347  -42.749  33.878  -12.619 0.0000000000
129326  -42.739  33.717  -11.224 0.0000000000
128532  -42.919  33.452  -10.742 0.0000000000
127709  -43.330  32.555  -10.980 0.0000000000
126820  -44.650  31.722  -10.964 0.0000000000
126822  -46.135  31.007  -12.030 0.0000000000
125958  -46.495  30.701  -12.639 0.0000000000
125965  -47.018  30.846  -13.528 0.0000000000
126841  -46.815  31.399  -13.790 0.0000000000
125104  -46.775  30.274  -14.272 0.0000000000
125130  -46.631  29.584  -16.939 0.0000000000
124237  -46.509  29.187  -17.628 0.0000000000
124245  -46.829  29.097  -18.399 0.0000000000
125141  -48.313  29.693  -18.647 0.0000000000
125132  -48.404  30.261  -17.455 0.0000000000
125143  -49.633  30.202  -19.272 0.0000000000
125152  -49.784  30.109  -19.977 0.0000000000
126894  -45.988  31.138  -17.352 0.0000000000
126910  -46.189  31.005  -18.310 0.0000000000
126911  -47.239  31.145  -18.476 0.0000000000
126019  -46.524  30.654  -20.138 0.0000000000
126925  -47.344  30.970  -19.500 0.0000000000
126912  -48.368  31.101  -18.778 0.0000000000
126913  -49.330  31.100  -18.651 0.0000000000
126928  -49.937  30.997  -19.377 0.0000000000
126022  -50.264  30.656  -20.000 0.0000000000
126969  -50.049  30.769  -21.796 0.0000000000
126995  -49.841  30.464  -23.521 0.0000000000
126080  -49.635  30.232  -24.245 0.0000000000
126980  -48.666  31.068  -23.398 0.0000000000
126079  -48.913  30.627  -24.553 0.0000000000
125217  -48.929  29.247  -25.094 0.0000000000
126989  -44.760  31.800  -24.750 0.0000000000
127812  -43.537  32.827  -25.278 0.0000000000
127823  -44.051  32.289  -25.696 0.0000000000
130198  -44.323  35.378  -18.405 0.0000000000
130208  -44.068  35.305  -19.375 0.0000000000
130219  -45.687  35.909  -20.297 0.0000000000
130228  -43.951  35.406  -21.069 0.0000000000
130237  -43.862  35.956  -21.778 0.0000000000
130236  -42.729  35.517  -22.458 0.0000000000
131919  -46.612  37.458  -18.689 0.0000000000
131932  -46.186  37.190  -19.496 0.0000000000
131931  -45.259  37.277  -19.620 0.0000000000
131944  -45.915  37.015  -20.331 0.0000000000
131063  -44.947  36.836  -21.717 0.0000000000
131062  -44.106  36.673  -21.911 0.0000000000
129421  -40.835  34.901  -22.880 0.0000000000
128621  -40.370  34.316  -22.668 0.0000000000
130226  -40.863  35.505  -21.019 0.0000000000
129415  -40.473  34.788  -21.939 0.0000000000
128615  -39.979  34.013  -22.069 0.0000000000
129392  -38.102  34.513  -18.963 0.0000000000
131898  -40.289  38.225  -18.177 0.0000000000
132715  -39.207  38.733  -18.327 0.0000000000
132723  -38.227  38.119  -18.769 0.0000000000
131878  -38.512  37.999  -17.068 0.0000000000
132714  -38.159  38.775  -17.928 0.0000000000
131911  -37.746  37.294  -18.506 0.0000000000
132711  -35.320  38.434  -17.242 0.0000000000
136373  -47.963  43.676  -5.416 0.0000000000
135671  -46.240  42.972  -7.063 0.0000000000
135670  -45.711  42.515  -7.586 0.0000000000
134880  -44.956  42.092  -8.599 0.0000000000
134886  -44.774  42.041  -9.006 0.0000000000
134896  -44.370  42.005  -10.101 0.0000000000
136412  -44.018  43.536  -9.508 0.0000000000
134895  -43.886  42.120  -10.509 0.0000000000
134167  -44.077  40.594  -11.055 0.0000000000
132648  -41.762  38.185  -11.829 0.0000000000
134165  -41.812  40.513  -10.969 0.0000000000
132631  -41.286  38.894  -11.466 0.0000000000
115755  -48.070  20.735  -6.104 0.0000000000
115762  -44.871  20.426  -6.496 0.0000000000
115783  -42.822  20.764  -7.922 0.0000000000
115789  -47.611  20.630  -8.065 0.0000000000
115798  -43.378  20.749  -8.765 0.0000000000
115799  -43.859  20.738  -8.804 0.0000000000
115908  -49.946  20.520  -20.237 0.0000000000
116904  -49.538  22.194  -4.864 0.0000000000
116934  -48.871  20.900  -7.515 0.0000000000
116965  -47.989  21.273  -9.224 0.0000000000
116977  -41.262  21.932  -10.363 0.0000000000
117087  -51.675  22.245  -19.885 0.0000000000
117088  -52.007  22.499  -20.176 0.0000000000
117109  -51.293  22.191  -21.673 0.0000000000
117116  -48.651  21.494  -22.955 0.0000000000
117118  -50.778  22.225  -22.351 0.0000000000
118020  -47.073  22.328  0.492 0.0000000000
118033  -47.620  23.176  -0.147 0.0000000000
118046  -46.227  22.893  -1.165 0.0000000000
118056  -44.220  22.907  -3.957 0.0000000000
118080  -49.844  22.422  -4.885 0.0000000000
118090  -50.815  22.482  -6.010 0.0000000000
118095  -38.843  23.068  -7.331 0.0000000000
118111  -39.869  22.822  -9.534 0.0000000000
118163  -41.660  23.050  -12.320 0.0000000000
118210  -47.079  22.829  -16.063 0.0000000000
118228  -50.846  23.257  -16.991 0.0000000000
118242  -48.407  23.026  -17.634 0.0000000000
118254  -45.689  23.015  -18.244 0.0000000000
118267  -46.400  23.009  -19.056 0.0000000000
118279  -52.055  22.484  -20.957 0.0000000000
118280  -52.130  22.677  -20.573 0.0000000000
118291  -51.771  22.446  -21.255 0.0000000000
118292  -52.116  22.823  -21.086 0.0000000000
118303  -51.086  22.728  -22.677 0.0000000000
118305  -51.889  22.933  -21.501 0.0000000000
118314  -49.419  22.729  -23.921 0.0000000000
118325  -48.614  23.535  -24.528 0.0000000000
119088  -47.320  22.917  1.678 0.0000000000
119119  -47.654  23.686  -0.625 0.0000000000
119120  -48.366  23.883  -0.267 0.0000000000
119139  -47.161  24.011  -1.152 0.0000000000
119144  -34.913  23.790  -3.294 0.0000000000
119157  -34.713  23.960  -3.509 0.0000000000
119158  -34.952  23.799  -3.557 0.0000000000
119175  -49.012  22.996  -4.077 0.0000000000
119185  -42.111  22.670  -5.083 0.0000000000
119200  -51.793  23.590  -7.759 0.0000000000
119212  -39.995  23.228  -9.984 0.0000000000
119250  -41.077  23.621  -12.441 0.0000000000
119253  -42.857  23.237  -13.374 0.0000000000
119267  -41.861  23.734  -13.332 0.0000000000
119270  -43.710  23.190  -14.205 0.0000000000
119365  -52.209  23.123  -20.408 0.0000000000
119380  -50.853  23.627  -20.642 0.0000000000
119381  -52.088  23.318  -20.898 0.0000000000
119395  -51.221  23.489  -21.534 0.0000000000
119397  -52.038  23.180  -21.262 0.0000000000
119409  -48.103  23.930  -22.412 0.0000000000
119424  -51.609  23.795  -23.625 0.0000000000
119433  -49.921  23.832  -24.924 0.0000000000
119435  -51.260  23.898  -24.401 0.0000000000
119444  -50.514  24.338  -25.160 0.0000000000
119445  -50.966  24.278  -24.909 0.0000000000
120269  -42.880  23.986  -2.880 0.0000000000
120272  -48.134  25.101  -2.304 0.0000000000
120287  -47.491  24.420  -2.547 0.0000000000
120402  -41.954  24.212  -14.062 0.0000000000
120414  -41.820  25.094  -14.592 0.0000000000
120416  -42.711  24.348  -15.456 0.0000000000
120437  -50.114  24.047  -16.908 0.0000000000
120454  -51.565  23.535  -20.186 0.0000000000
120463  -51.496  23.551  -20.459 0.0000000000
120476  -51.745  23.426  -21.184 0.0000000000
120485  -47.215  24.751  -22.493 0.0000000000
120498  -48.775  24.994  -23.578 0.0000000000
120499  -49.558  24.916  -23.889 0.0000000000
120502  -51.457  24.507  -24.304 0.0000000000
120511  -50.966  25.293  -24.337 0.0000000000
120512  -51.194  25.355  -24.368 0.0000000000
120519  -49.747  25.076  -25.596 0.0000000000
121292  -48.159  24.887  -1.172 0.0000000000
121317  -34.308  25.704  -5.120 0.0000000000
121340  -37.741  25.142  -8.096 0.0000000000
121354  -39.113  25.786  -9.244 0.0000000000
121358  -52.310  25.825  -9.761 0.0000000000
121382  -51.483  25.772  -11.741 0.0000000000
121391  -40.801  25.072  -12.755 0.0000000000
121402  -41.026  25.160  -13.235 0.0000000000
121422  -42.070  25.492  -15.408 0.0000000000
121441  -43.750  25.455  -17.858 0.0000000000
121463  -45.888  25.803  -21.103 0.0000000000
121483  -51.352  25.233  -24.489 0.0000000000
121497  -51.339  25.170  -24.794 0.0000000000
121507  -51.256  25.125  -25.229 0.0000000000
122366  -41.450  26.045  -14.207 0.0000000000
122396  -43.554  25.958  -17.563 0.0000000000
122412  -46.090  27.121  -20.389 0.0000000000
123264  -42.908  27.932  -10.564 0.0000000000
123320  -43.434  27.165  -16.974 0.0000000000
123360  -48.491  27.959  -22.885 0.0000000000
123371  -50.373  27.888  -24.435 0.0000000000
124163  -42.885  28.547  -10.102 0.0000000000
124210  -42.684  28.184  -13.711 0.0000000000
124227  -43.907  28.353  -15.834 0.0000000000
124288  -49.544  28.344  -23.559 0.0000000000
124306  -50.528  28.439  -24.997 0.0000000000
124316  -49.617  28.434  -25.377 0.0000000000
125008  -34.247  29.233  -4.169 0.0000000000
125035  -45.128  30.310  -7.949 0.0000000000
125044  -44.308  30.368  -8.660 0.0000000000
125046  -45.457  29.944  -8.499 0.0000000000
125055  -43.001  29.845  -9.568 0.0000000000
125151  -49.212  29.814  -19.744 0.0000000000
125160  -49.255  29.742  -20.623 0.0000000000
125162  -50.204  30.170  -21.273 0.0000000000
125170  -49.830  29.722  -21.652 0.0000000000
125180  -50.185  29.806  -22.818 0.0000000000
125191  -50.128  29.321  -23.199 0.0000000000
125206  -48.310  28.978  -24.985 0.0000000000
125870  -34.635  30.337  -2.863 0.0000000000
125871  -35.246  30.432  -2.921 0.0000000000
125894  -44.705  31.338  -5.988 0.0000000000
125903  -45.890  30.941  -6.974 0.0000000000
125909  -38.697  31.064  -7.800 0.0000000000
125911  -44.333  30.991  -7.826 0.0000000000
125912  -44.731  30.802  -7.543 0.0000000000
125925  -43.074  30.994  -8.647 0.0000000000
125927  -44.539  30.596  -8.083 0.0000000000
125935  -43.871  30.426  -8.874 0.0000000000
125973  -47.605  30.707  -14.335 0.0000000000
125984  -47.960  30.661  -14.994 0.0000000000
126021  -50.059  30.561  -19.581 0.0000000000
126029  -44.281  30.855  -20.519 0.0000000000
126031  -45.800  30.508  -20.896 0.0000000000
126033  -47.565  30.814  -21.044 0.0000000000
126034  -50.123  30.420  -20.157 0.0000000000
126035  -50.306  30.546  -20.640 0.0000000000
126045  -47.882  30.834  -21.851 0.0000000000
126047  -50.249  30.475  -21.462 0.0000000000
126057  -46.348  30.487  -22.862 0.0000000000
126059  -48.086  31.011  -22.613 0.0000000000
126060  -48.536  31.083  -22.247 0.0000000000
126061  -50.165  30.291  -22.297 0.0000000000
126071  -47.070  30.863  -23.273 0.0000000000
126072  -47.553  31.044  -22.988 0.0000000000
126081  -50.203  29.839  -23.975 0.0000000000
126091  -49.325  29.843  -24.743 0.0000000000
126092  -50.049  29.581  -24.637 0.0000000000
126730  -42.092  31.754  -2.429 0.0000000000
126746  -43.887  31.410  -3.220 0.0000000000
126767  -44.893  31.818  -5.804 0.0000000000
126773  -43.215  31.872  -6.677 0.0000000000
126774  -43.578  31.827  -6.477 0.0000000000
126784  -43.065  31.741  -7.123 0.0000000000
126786  -44.396  31.109  -7.271 0.0000000000
126795  -43.865  31.097  -7.953 0.0000000000
126800  -44.924  31.903  -9.575 0.0000000000
126811  -44.836  31.814  -10.019 0.0000000000
126830  -44.262  31.814  -12.024 0.0000000000
126840  -45.626  31.266  -13.423 0.0000000000
126853  -47.837  31.637  -15.060 0.0000000000
126854  -48.277  31.614  -15.639 0.0000000000
126863  -44.588  31.278  -15.102 0.0000000000
126866  -47.738  31.542  -15.906 0.0000000000
126867  -48.264  31.534  -16.189 0.0000000000
126883  -48.458  31.316  -16.842 0.0000000000
126914  -49.697  30.880  -18.614 0.0000000000
126927  -49.190  31.182  -19.624 0.0000000000
126929  -50.233  30.808  -19.730 0.0000000000
126938  -44.259  30.897  -20.897 0.0000000000
126942  -50.282  30.919  -20.125 0.0000000000
126951  -48.378  31.008  -21.691 0.0000000000
126953  -49.667  31.088  -21.265 0.0000000000
126954  -50.258  30.943  -20.928 0.0000000000
126965  -45.615  30.736  -22.990 0.0000000000
126982  -49.905  30.573  -22.663 0.0000000000
126986  -42.432  32.837  -25.312 0.0000000000
126994  -49.217  30.872  -23.889 0.0000000000
127642  -41.865  32.334  -2.566 0.0000000000
127643  -42.129  32.143  -2.413 0.0000000000
127660  -44.596  31.816  -2.961 0.0000000000
127661  -45.078  32.262  -3.460 0.0000000000
127668  -42.801  32.106  -5.834 0.0000000000
127669  -43.237  32.028  -6.111 0.0000000000
127674  -42.367  32.138  -6.351 0.0000000000
127675  -43.001  31.999  -6.499 0.0000000000
127680  -42.031  32.104  -6.874 0.0000000000
127682  -42.875  31.924  -6.788 0.0000000000
127686  -43.791  33.186  -8.475 0.0000000000
127692  -44.526  32.266  -9.351 0.0000000000
127693  -44.987  32.024  -9.118 0.0000000000
127718  -43.279  32.369  -12.063 0.0000000000
127719  -43.768  32.052  -11.816 0.0000000000
127724  -42.878  32.754  -12.710 0.0000000000
127731  -42.694  32.773  -13.531 0.0000000000
127740  -42.974  32.186  -14.609 0.0000000000
127754  -42.278  32.616  -16.847 0.0000000000
127774  -39.186  33.091  -20.502 0.0000000000
127821  -43.050  32.569  -25.743 0.0000000000
128482  -42.696  32.959  -2.563 0.0000000000
128514  -44.541  33.688  -6.342 0.0000000000
128515  -44.711  33.385  -6.086 0.0000000000
128521  -43.784  33.413  -7.948 0.0000000000
128531  -42.791  33.511  -11.107 0.0000000000
128541  -42.784  33.426  -11.410 0.0000000000
128551  -42.959  32.789  -11.910 0.0000000000
128567  -42.544  33.354  -14.002 0.0000000000
128594  -37.847  33.558  -19.015 0.0000000000
128607  -39.213  33.899  -20.698 0.0000000000
128630  -42.843  33.396  -24.328 0.0000000000
129285  -46.370  34.324  -3.291 0.0000000000
129297  -43.099  34.424  -2.936 0.0000000000
129306  -45.657  34.617  -4.537 0.0000000000
129337  -42.742  33.832  -11.768 0.0000000000
129400  -39.197  34.640  -20.067 0.0000000000
129402  -43.019  34.616  -19.879 0.0000000000
129414  -39.956  34.444  -21.483 0.0000000000
129436  -42.074  34.789  -24.792 0.0000000000
129437  -42.409  34.899  -24.710 0.0000000000
130089  -47.331  35.648  -3.088 0.0000000000
130105  -44.505  35.319  -2.593 0.0000000000
130122  -44.553  35.974  -6.955 0.0000000000
130163  -45.345  36.154  -14.638 0.0000000000
130181  -46.051  36.156  -16.116 0.0000000000
130190  -46.201  36.072  -16.725 0.0000000000
130201  -47.221  36.115  -18.108 0.0000000000
130204  -37.296  35.738  -18.171 0.0000000000
130210  -46.114  35.938  -19.055 0.0000000000
130218  -44.601  35.459  -20.293 0.0000000000
130239  -45.542  36.535  -21.731 0.0000000000
130253  -41.692  35.202  -23.843 0.0000000000
130254  -42.105  35.200  -24.282 0.0000000000
130255  -42.422  35.135  -24.475 0.0000000000
130263  -42.471  35.133  -24.725 0.0000000000
130910  -48.245  36.914  -3.605 0.0000000000
130918  -46.697  36.486  -5.380 0.0000000000
130922  -45.112  36.615  -7.270 0.0000000000
130924  -46.337  36.763  -6.032 0.0000000000
130931  -46.469  37.225  -9.135 0.0000000000
130952  -48.764  37.205  -11.932 0.0000000000
130962  -49.477  37.417  -12.876 0.0000000000
130971  -41.730  36.713  -14.249 0.0000000000
130977  -49.468  37.218  -13.479 0.0000000000
130988  -45.941  36.251  -15.071 0.0000000000
130998  -38.171  37.384  -15.991 0.0000000000
131001  -40.689  36.634  -15.707 0.0000000000
131004  -45.883  36.151  -15.673 0.0000000000
131008  -49.352  36.855  -15.316 0.0000000000
131029  -47.179  36.152  -17.796 0.0000000000
131032  -48.976  36.734  -16.720 0.0000000000
131039  -48.080  36.632  -17.934 0.0000000000
131042  -39.467  36.326  -19.394 0.0000000000
131046  -47.066  36.455  -20.089 0.0000000000
131052  -42.273  36.431  -21.390 0.0000000000
131055  -46.502  36.638  -20.539 0.0000000000
131056  -46.998  36.764  -19.963 0.0000000000
131064  -45.630  36.923  -21.465 0.0000000000
131065  -46.008  36.850  -20.990 0.0000000000
131751  -46.265  37.793  -4.153 0.0000000000
131766  -49.170  38.155  -5.803 0.0000000000
131768  -46.217  37.203  -7.585 0.0000000000
131779  -49.887  38.637  -8.628 0.0000000000
131782  -47.828  37.410  -9.414 0.0000000000
131791  -47.044  37.295  -10.342 0.0000000000
131808  -49.374  37.590  -11.024 0.0000000000
131809  -49.803  37.888  -10.876 0.0000000000
131825  -49.038  37.302  -11.985 0.0000000000
131852  -42.166  36.783  -14.655 0.0000000000
131866  -42.000  36.772  -15.153 0.0000000000
131870  -45.868  37.877  -15.501 0.0000000000
131877  -37.822  38.273  -16.756 0.0000000000
131907  -49.188  36.996  -16.764 0.0000000000
131943  -45.112  37.388  -20.481 0.0000000000
131950  -43.049  36.806  -21.345 0.0000000000
131952  -44.223  37.182  -21.411 0.0000000000
131954  -45.626  37.180  -20.973 0.0000000000
132614  -49.770  39.009  -8.097 0.0000000000
132630  -40.891  38.935  -11.550 0.0000000000
132632  -42.209  38.875  -11.407 0.0000000000
132633  -43.264  38.941  -11.474 0.0000000000
132636  -49.995  38.439  -11.042 0.0000000000
132665  -49.340  38.479  -13.382 0.0000000000
132673  -45.574  38.162  -14.067 0.0000000000
132699  -36.190  38.953  -16.567 0.0000000000
132712  -36.032  38.256  -17.684 0.0000000000
132713  -37.392  38.976  -17.629 0.0000000000
132716  -39.738  38.555  -18.340 0.0000000000
132721  -36.618  38.142  -18.123 0.0000000000
132724  -39.075  38.618  -19.008 0.0000000000
132726  -40.977  38.427  -19.123 0.0000000000
132727  -41.465  38.190  -19.099 0.0000000000
132733  -39.117  37.828  -19.220 0.0000000000
132740  -40.682  37.302  -19.890 0.0000000000
133394  -47.877  39.834  -9.390 0.0000000000
133407  -49.914  38.886  -10.666 0.0000000000
133414  -41.558  39.594  -11.179 0.0000000000
133418  -45.584  40.147  -11.786 0.0000000000
133419  -46.408  40.139  -11.569 0.0000000000
133423  -49.904  38.731  -11.082 0.0000000000
133471  -35.575  39.190  -17.038 0.0000000000
133477  -35.552  39.043  -17.225 0.0000000000
133478  -35.923  39.089  -17.624 0.0000000000
133479  -36.820  39.266  -17.720 0.0000000000
133485  -36.965  38.742  -18.233 0.0000000000
133486  -37.594  38.626  -18.346 0.0000000000
134122  -49.413  40.657  -6.716 0.0000000000
134133  -48.658  40.539  -7.571 0.0000000000
134134  -49.322  40.322  -7.525 0.0000000000
134135  -49.748  40.392  -7.164 0.0000000000
134139  -47.609  40.281  -8.334 0.0000000000
134140  -48.454  40.202  -8.321 0.0000000000
134141  -48.942  40.246  -7.961 0.0000000000
134143  -45.738  40.627  -9.786 0.0000000000
134144  -46.487  40.215  -9.419 0.0000000000
134146  -47.993  40.061  -8.752 0.0000000000
134155  -47.025  39.934  -10.034 0.0000000000
134170  -46.401  40.176  -10.860 0.0000000000
134842  -49.923  41.697  -4.407 0.0000000000
134887  -45.120  41.319  -9.348 0.0000000000
134912  -44.592  41.202  -10.829 0.0000000000
135633  -49.712  42.731  -4.267 0.0000000000
135645  -48.104  43.051  -5.686 0.0000000000
135648  -49.512  42.177  -4.985 0.0000000000
135658  -46.891  42.580  -6.703 0.0000000000
135660  -48.203  42.414  -5.955 0.0000000000
135673  -44.772  42.488  -8.599 0.0000000000
135674  -45.101  42.914  -8.061 0.0000000000
