#!ascii label  , from subject 198451 vox2ras=TkReg
990
66816  -16.894  -17.003  41.832 0.0000000000
87026  -42.941  -2.753  30.968 0.0000000000
89776  -49.532  -1.299  24.388 0.0000000000
87272  -56.142  -2.986  16.177 0.0000000000
80164  -42.343  -7.621  32.543 0.0000000000
89812  -53.523  -1.890  20.629 0.0000000000
99001  -53.394  5.435  12.722 0.0000000000
103033  -55.615  8.708  9.436 0.0000000000
87059  -45.023  -3.625  28.633 0.0000000000
84405  -50.378  -4.061  27.377 0.0000000000
92489  -44.459  -0.181  27.694 0.0000000000
71939  -18.255  -14.914  44.938 0.0000000000
71959  -23.714  -14.922  43.455 0.0000000000
69419  -29.348  -15.556  40.517 0.0000000000
69472  -32.537  -15.001  37.233 0.0000000000
73399  -37.485  -12.440  36.004 0.0000000000
74752  -41.888  -11.228  35.530 0.0000000000
81460  -44.335  -7.048  32.871 0.0000000000
82975  -53.245  -5.251  23.405 0.0000000000
104260  -56.721  9.741  6.933 0.0000000000
89627  -44.097  -2.082  30.701 0.0000000000
91025  -45.686  -0.979  29.481 0.0000000000
91053  -43.346  -0.629  28.716 0.0000000000
70603  -18.521  -15.276  42.384 0.0000000000
71941  -20.802  -15.268  44.323 0.0000000000
80111  -37.728  -9.776  36.295 0.0000000000
73417  -39.975  -11.708  36.496 0.0000000000
78793  -40.817  -10.122  35.269 0.0000000000
84323  -42.276  -4.546  31.741 0.0000000000
81453  -43.284  -6.895  33.695 0.0000000000
85628  -43.349  -4.405  32.820 0.0000000000
84344  -43.874  -4.949  30.747 0.0000000000
89716  -49.923  -1.212  26.704 0.0000000000
82934  -51.819  -4.749  25.411 0.0000000000
88404  -51.727  -2.214  24.678 0.0000000000
87232  -55.277  -2.895  18.598 0.0000000000
84494  -55.372  -4.651  20.200 0.0000000000
83071  -56.503  -5.308  17.575 0.0000000000
85987  -56.674  -3.798  14.969 0.0000000000
98989  -54.638  5.945  14.288 0.0000000000
93966  -53.132  3.375  15.501 0.0000000000
77543  -41.122  -10.385  33.828 0.0000000000
87270  -54.467  -3.177  16.481 0.0000000000
100348  -54.627  6.883  11.352 0.0000000000
100342  -55.666  6.884  11.872 0.0000000000
101760  -57.113  8.121  7.645 0.0000000000
82883  -47.479  -5.722  28.313 0.0000000000
85731  -47.996  -3.422  28.483 0.0000000000
89684  -48.151  -1.101  28.335 0.0000000000
66766  -17.897  -17.052  44.928 0.0000000000
65481  -25.639  -17.498  41.593 0.0000000000
71979  -25.971  -14.847  42.013 0.0000000000
65499  -28.321  -17.158  40.542 0.0000000000
65519  -30.918  -17.530  39.644 0.0000000000
65563  -33.807  -18.041  38.617 0.0000000000
68249  -34.322  -17.269  36.142 0.0000000000
70754  -34.468  -14.165  34.286 0.0000000000
69490  -39.059  -14.801  35.876 0.0000000000
78810  -42.525  -9.311  34.273 0.0000000000
77518  -43.767  -9.558  34.076 0.0000000000
76192  -44.441  -10.367  32.919 0.0000000000
78881  -44.162  -8.439  30.654 0.0000000000
81503  -44.985  -6.853  28.024 0.0000000000
87153  -53.785  -3.545  21.987 0.0000000000
91277  -53.416  1.114  14.707 0.0000000000
88571  -55.607  -1.483  14.295 0.0000000000
68156  -15.932  -16.098  44.836 0.0000000000
89625  -43.476  -1.989  31.025 0.0000000000
89641  -43.922  -1.461  30.420 0.0000000000
89657  -43.176  -1.359  29.573 0.0000000000
78806  -37.728  -9.731  35.594 0.0000000000
78780  -39.350  -10.187  35.890 0.0000000000
77514  -39.408  -10.213  34.948 0.0000000000
85670  -42.633  -3.656  31.727 0.0000000000
84301  -42.880  -4.318  32.562 0.0000000000
86996  -42.976  -3.157  32.099 0.0000000000
86998  -43.785  -3.539  31.874 0.0000000000
88403  -51.376  -2.147  25.330 0.0000000000
91127  -51.246  -1.199  24.473 0.0000000000
87254  -56.008  -3.142  17.249 0.0000000000
85918  -56.293  -3.579  18.188 0.0000000000
85940  -56.866  -3.595  16.519 0.0000000000
84556  -56.610  -4.444  16.122 0.0000000000
87292  -56.791  -2.880  15.282 0.0000000000
96672  -54.959  5.227  13.947 0.0000000000
96656  -54.545  4.604  14.545 0.0000000000
96671  -54.471  4.687  13.651 0.0000000000
100365  -54.674  7.143  9.028 0.0000000000
101711  -55.206  8.158  10.185 0.0000000000
101695  -55.001  7.248  11.549 0.0000000000
103020  -55.736  7.958  10.968 0.0000000000
100349  -56.006  6.992  10.989 0.0000000000
103029  -56.274  8.766  9.773 0.0000000000
103068  -57.169  9.190  7.590 0.0000000000
85752  -45.808  -4.478  28.230 0.0000000000
84401  -47.748  -4.834  28.430 0.0000000000
87061  -46.529  -2.950  28.533 0.0000000000
92436  -45.047  -0.183  28.949 0.0000000000
91041  -46.414  -0.739  29.145 0.0000000000
92472  -46.242  -0.202  28.013 0.0000000000
92493  -47.643  -0.578  27.325 0.0000000000
91084  -45.659  -0.564  27.387 0.0000000000
65438  -19.101  -17.511  44.354 0.0000000000
68143  -19.208  -16.185  45.240 0.0000000000
71943  -22.372  -15.040  44.286 0.0000000000
74665  -27.880  -13.541  40.649 0.0000000000
70609  -27.604  -15.126  41.195 0.0000000000
66805  -27.466  -16.671  41.609 0.0000000000
66807  -28.970  -16.401  41.038 0.0000000000
65517  -29.171  -17.301  39.812 0.0000000000
68203  -29.974  -16.193  40.485 0.0000000000
68223  -33.420  -16.596  37.722 0.0000000000
66874  -34.045  -17.780  38.003 0.0000000000
68233  -33.556  -16.464  36.881 0.0000000000
74727  -36.640  -11.599  36.017 0.0000000000
74770  -34.978  -11.945  35.134 0.0000000000
73435  -36.126  -12.942  34.988 0.0000000000
70755  -35.346  -14.557  34.136 0.0000000000
72066  -36.999  -13.901  34.945 0.0000000000
69505  -38.090  -15.426  34.994 0.0000000000
70697  -38.545  -13.901  35.974 0.0000000000
74751  -41.357  -11.465  35.779 0.0000000000
72040  -40.600  -12.808  35.840 0.0000000000
72053  -41.454  -12.850  35.368 0.0000000000
73421  -42.557  -11.782  34.886 0.0000000000
78828  -42.217  -9.324  33.590 0.0000000000
80154  -42.526  -8.129  33.173 0.0000000000
81454  -44.085  -6.758  33.582 0.0000000000
80141  -43.658  -7.915  34.071 0.0000000000
80156  -44.293  -7.945  33.672 0.0000000000
76168  -44.187  -10.354  33.613 0.0000000000
78853  -44.551  -8.636  32.743 0.0000000000
80184  -44.321  -7.466  31.810 0.0000000000
85690  -43.898  -3.934  30.004 0.0000000000
84363  -43.798  -4.900  29.543 0.0000000000
84379  -44.299  -4.983  28.606 0.0000000000
81504  -46.029  -6.835  27.996 0.0000000000
71970  -17.184  -14.443  43.934 0.0000000000
71937  -16.422  -14.065  45.396 0.0000000000
71913  -15.912  -14.461  46.279 0.0000000000
82886  -49.767  -4.701  27.853 0.0000000000
82915  -50.297  -5.064  26.328 0.0000000000
82955  -52.551  -5.032  24.378 0.0000000000
91180  -52.750  -1.196  21.588 0.0000000000
89791  -52.730  -1.741  22.344 0.0000000000
88466  -53.739  -2.436  21.184 0.0000000000
81659  -55.391  -5.997  19.824 0.0000000000
83015  -55.261  -5.383  20.505 0.0000000000
92656  -54.054  1.703  14.447 0.0000000000
92645  -53.004  1.871  15.059 0.0000000000
91278  -53.995  1.124  14.701 0.0000000000
89911  -54.497  -0.516  14.281 0.0000000000
91297  -55.127  0.324  14.118 0.0000000000
89914  -56.108  -1.349  13.942 0.0000000000
103067  -55.861  9.076  7.264 0.0000000000
104225  -56.311  9.353  8.632 0.0000000000
104259  -56.263  9.559  6.839 0.0000000000
105418  -56.291  10.339  5.326 0.0000000000
88333  -44.449  -2.446  29.923 0.0000000000
88334  -45.022  -2.128  29.384 0.0000000000
89642  -44.410  -1.611  30.258 0.0000000000
91038  -44.364  -0.379  29.307 0.0000000000
92468  -43.527  -0.178  28.035 0.0000000000
71971  -18.083  -14.771  43.887 0.0000000000
71940  -19.447  -15.221  44.710 0.0000000000
71988  -22.394  -14.768  42.550 0.0000000000
76076  -37.647  -10.972  36.734 0.0000000000
73389  -38.813  -12.064  36.662 0.0000000000
76078  -39.056  -10.780  37.034 0.0000000000
76105  -40.502  -10.647  36.391 0.0000000000
77504  -41.445  -10.223  35.661 0.0000000000
81459  -42.168  -6.553  32.171 0.0000000000
81451  -42.621  -6.647  32.865 0.0000000000
82803  -42.743  -5.664  33.102 0.0000000000
84278  -43.344  -5.140  33.193 0.0000000000
84303  -44.018  -5.780  32.843 0.0000000000
82823  -43.941  -5.866  32.114 0.0000000000
85651  -43.610  -4.395  32.277 0.0000000000
87014  -43.866  -3.464  31.012 0.0000000000
70602  -17.597  -15.023  42.424 0.0000000000
87088  -50.281  -2.756  26.917 0.0000000000
84428  -51.201  -4.124  26.426 0.0000000000
85792  -51.374  -3.595  26.155 0.0000000000
85808  -52.231  -3.885  24.864 0.0000000000
85820  -52.950  -3.987  23.831 0.0000000000
88498  -54.907  -2.653  19.252 0.0000000000
87183  -54.935  -3.162  20.011 0.0000000000
85892  -55.852  -3.788  19.015 0.0000000000
84513  -56.267  -4.474  18.709 0.0000000000
98995  -54.030  5.999  13.952 0.0000000000
96654  -53.125  4.688  14.815 0.0000000000
96638  -53.809  4.782  15.384 0.0000000000
93968  -53.966  3.694  15.036 0.0000000000
87038  -42.726  -3.175  30.433 0.0000000000
84362  -42.128  -4.730  30.154 0.0000000000
91160  -50.496  -0.880  23.811 0.0000000000
88496  -53.331  -2.392  19.490 0.0000000000
88512  -54.231  -2.633  18.783 0.0000000000
87253  -54.914  -3.109  17.736 0.0000000000
87271  -55.338  -3.123  16.387 0.0000000000
100347  -54.235  6.298  12.087 0.0000000000
100340  -54.626  6.673  12.499 0.0000000000
100333  -55.380  6.628  12.823 0.0000000000
97866  -55.894  5.848  12.609 0.0000000000
104226  -56.681  9.338  8.376 0.0000000000
101734  -56.942  8.132  8.431 0.0000000000
81507  -48.729  -5.822  27.902 0.0000000000
84402  -48.563  -4.689  28.353 0.0000000000
85732  -48.705  -3.510  28.346 0.0000000000
87042  -46.576  -2.303  28.856 0.0000000000
87044  -47.597  -2.082  28.719 0.0000000000
87077  -49.075  -2.714  28.009 0.0000000000
89686  -49.314  -1.456  27.528 0.0000000000
91106  -48.872  -0.922  26.468 0.0000000000
89682  -42.576  -1.455  28.105 0.0000000000
91080  -42.335  -0.698  26.763 0.0000000000
91121  -43.778  -0.921  26.517 0.0000000000
65448  -17.253  -17.216  43.928 0.0000000000
65462  -18.628  -18.226  43.003 0.0000000000
65513  -25.961  -17.459  40.351 0.0000000000
70626  -22.624  -14.928  41.667 0.0000000000
71990  -24.232  -14.449  42.362 0.0000000000
71961  -25.034  -15.026  42.891 0.0000000000
65482  -26.619  -17.199  41.239 0.0000000000
65562  -31.508  -18.287  38.803 0.0000000000
64179  -33.108  -18.857  38.542 0.0000000000
72035  -32.384  -12.890  36.717 0.0000000000
72061  -33.265  -12.374  35.407 0.0000000000
69503  -33.074  -14.788  35.523 0.0000000000
69504  -33.697  -15.727  35.122 0.0000000000
68268  -35.125  -16.888  34.700 0.0000000000
70699  -39.825  -13.867  36.049 0.0000000000
77516  -40.792  -10.268  34.657 0.0000000000
78794  -41.737  -9.890  35.067 0.0000000000
77505  -42.118  -10.022  35.315 0.0000000000
80139  -42.953  -8.148  33.807 0.0000000000
78796  -42.957  -9.289  34.516 0.0000000000
76129  -42.916  -10.138  34.872 0.0000000000
74772  -43.323  -11.300  34.200 0.0000000000
74783  -43.868  -11.346  33.695 0.0000000000
77593  -44.558  -9.622  29.078 0.0000000000
81474  -43.942  -6.893  31.233 0.0000000000
81490  -43.786  -6.867  29.431 0.0000000000
78908  -45.074  -8.722  28.243 0.0000000000
80215  -45.526  -7.822  27.905 0.0000000000
68128  -16.545  -15.657  45.947 0.0000000000
89760  -52.109  -1.632  23.584 0.0000000000
87141  -52.953  -3.277  23.203 0.0000000000
84467  -53.797  -4.838  22.674 0.0000000000
85857  -54.545  -4.262  21.165 0.0000000000
84485  -54.494  -4.758  21.611 0.0000000000
81617  -53.819  -5.839  22.122 0.0000000000
87289  -54.603  -3.088  15.416 0.0000000000
87290  -55.618  -2.713  15.279 0.0000000000
95336  -52.647  3.542  15.065 0.0000000000
92644  -52.168  1.779  14.907 0.0000000000
89910  -53.743  -0.633  14.177 0.0000000000
88570  -54.997  -1.394  14.295 0.0000000000
88547  -56.013  -2.180  14.808 0.0000000000
88573  -56.560  -2.419  14.674 0.0000000000
68193  -16.396  -16.674  42.840 0.0000000000
88321  -43.071  -2.485  30.924 0.0000000000
88332  -43.004  -2.185  30.128 0.0000000000
78825  -37.053  -9.614  35.292 0.0000000000
78826  -38.449  -10.191  35.129 0.0000000000
77527  -39.369  -10.319  34.724 0.0000000000
87025  -42.771  -3.175  31.027 0.0000000000
85671  -42.801  -3.556  31.973 0.0000000000
87013  -42.922  -3.114  31.632 0.0000000000
88296  -42.743  -2.752  31.980 0.0000000000
91142  -49.604  -1.067  24.988 0.0000000000
91126  -50.553  -1.129  25.192 0.0000000000
91143  -50.217  -0.933  24.681 0.0000000000
87255  -56.536  -3.241  16.672 0.0000000000
87273  -56.752  -3.014  16.030 0.0000000000
101732  -55.373  8.380  8.629 0.0000000000
103027  -55.637  8.321  10.373 0.0000000000
103028  -55.973  8.703  10.020 0.0000000000
103034  -56.122  9.086  9.369 0.0000000000
85728  -45.708  -3.885  28.282 0.0000000000
85729  -46.551  -3.824  28.339 0.0000000000
87060  -45.650  -3.171  28.490 0.0000000000
92470  -44.718  -0.021  28.116 0.0000000000
92453  -45.614  -0.180  28.519 0.0000000000
92471  -45.410  -0.185  28.076 0.0000000000
92491  -45.961  -0.351  27.635 0.0000000000
91083  -44.838  -0.514  27.392 0.0000000000
70547  -17.700  -14.879  45.615 0.0000000000
71926  -18.235  -15.063  45.292 0.0000000000
70572  -23.130  -15.138  44.059 0.0000000000
70563  -23.279  -15.522  44.178 0.0000000000
71994  -28.801  -14.315  40.536 0.0000000000
71993  -27.946  -14.436  40.922 0.0000000000
69418  -28.459  -15.637  40.896 0.0000000000
68195  -28.498  -16.113  41.212 0.0000000000
68196  -29.170  -16.095  40.888 0.0000000000
66818  -29.526  -16.691  40.695 0.0000000000
69461  -32.478  -15.149  37.924 0.0000000000
69451  -32.919  -15.990  38.120 0.0000000000
69462  -32.995  -15.831  37.482 0.0000000000
69473  -32.985  -15.637  36.845 0.0000000000
74728  -37.242  -11.841  36.133 0.0000000000
73415  -36.519  -12.537  35.497 0.0000000000
73416  -37.086  -12.882  35.491 0.0000000000
72065  -36.485  -13.657  34.829 0.0000000000
72052  -37.309  -13.551  35.286 0.0000000000
72036  -38.042  -13.566  35.790 0.0000000000
73419  -41.544  -11.897  35.505 0.0000000000
73420  -42.092  -12.016  35.227 0.0000000000
74753  -42.482  -11.240  35.144 0.0000000000
78841  -42.314  -8.728  32.914 0.0000000000
81455  -44.262  -7.120  33.466 0.0000000000
81447  -44.187  -7.522  33.790 0.0000000000
80165  -44.484  -7.830  33.153 0.0000000000
78842  -44.342  -8.662  33.424 0.0000000000
80173  -44.494  -7.726  32.448 0.0000000000
85708  -44.307  -4.044  28.979 0.0000000000
85751  -45.398  -4.750  28.188 0.0000000000
71953  -17.285  -14.415  44.655 0.0000000000
71952  -16.439  -14.150  44.669 0.0000000000
71938  -17.314  -14.462  45.231 0.0000000000
71925  -17.270  -14.610  45.753 0.0000000000
84404  -50.005  -4.229  27.739 0.0000000000
82899  -50.203  -4.855  27.248 0.0000000000
84416  -50.439  -4.405  27.304 0.0000000000
81599  -52.687  -5.463  23.534 0.0000000000
81580  -52.390  -5.314  24.026 0.0000000000
81616  -53.165  -5.822  22.648 0.0000000000
89803  -53.429  -1.832  21.293 0.0000000000
97872  -52.943  4.963  12.625 0.0000000000
92646  -53.649  1.932  14.942 0.0000000000
91296  -54.562  0.518  14.406 0.0000000000
88322  -44.162  -2.431  30.538 0.0000000000
88323  -44.663  -1.888  29.877 0.0000000000
91037  -43.683  -0.820  29.481 0.0000000000
91022  -43.945  -0.954  29.923 0.0000000000
91054  -43.898  -0.339  28.941 0.0000000000
70585  -18.863  -15.074  43.114 0.0000000000
70606  -21.781  -15.039  42.370 0.0000000000
80136  -36.865  -9.033  35.653 0.0000000000
80110  -37.100  -9.229  36.394 0.0000000000
78768  -36.980  -9.974  36.776 0.0000000000
78769  -37.914  -10.752  37.102 0.0000000000
76077  -38.416  -10.986  36.998 0.0000000000
78770  -38.773  -10.572  36.994 0.0000000000
78792  -39.752  -10.094  35.528 0.0000000000
77496  -40.149  -10.156  36.398 0.0000000000
78781  -40.349  -10.064  35.838 0.0000000000
77497  -40.793  -10.302  36.023 0.0000000000
78782  -41.033  -10.113  35.597 0.0000000000
82814  -42.265  -5.445  32.354 0.0000000000
85627  -43.179  -4.127  32.611 0.0000000000
84277  -43.049  -4.639  32.778 0.0000000000
85629  -43.430  -4.661  32.989 0.0000000000
84279  -43.754  -5.448  33.145 0.0000000000
84302  -43.812  -5.278  32.612 0.0000000000
88310  -44.006  -2.614  30.858 0.0000000000
87027  -44.031  -3.151  30.354 0.0000000000
70584  -17.904  -14.755  43.148 0.0000000000
88375  -50.346  -2.154  26.533 0.0000000000
87100  -51.473  -2.987  25.514 0.0000000000
87115  -51.958  -3.103  24.608 0.0000000000
85809  -52.718  -4.130  24.403 0.0000000000
85819  -52.516  -3.688  24.319 0.0000000000
87204  -55.379  -3.117  19.291 0.0000000000
87205  -55.732  -3.263  18.636 0.0000000000
84526  -56.631  -4.415  17.877 0.0000000000
83055  -56.376  -5.083  18.340 0.0000000000
83070  -56.162  -5.683  18.319 0.0000000000
98988  -54.202  5.957  14.201 0.0000000000
98978  -53.963  5.751  14.653 0.0000000000
98980  -54.398  5.655  14.866 0.0000000000
93988  -53.763  3.049  14.878 0.0000000000
85707  -42.376  -3.849  30.259 0.0000000000
89833  -53.965  -2.392  19.240 0.0000000000
87252  -53.964  -3.121  17.319 0.0000000000
100356  -54.653  7.009  10.121 0.0000000000
100355  -54.219  6.349  10.986 0.0000000000
101696  -55.525  7.528  11.351 0.0000000000
100341  -55.180  6.906  12.256 0.0000000000
98997  -55.734  6.340  12.771 0.0000000000
99003  -56.129  6.267  11.845 0.0000000000
101703  -56.239  7.950  10.344 0.0000000000
104242  -56.486  9.520  7.790 0.0000000000
101735  -57.207  8.544  7.633 0.0000000000
103046  -57.183  8.805  7.840 0.0000000000
81506  -48.195  -6.538  27.931 0.0000000000
84382  -47.912  -4.117  28.439 0.0000000000
84383  -48.508  -4.018  28.377 0.0000000000
88324  -45.246  -1.669  29.489 0.0000000000
88335  -45.894  -1.828  29.206 0.0000000000
89644  -45.724  -1.353  29.452 0.0000000000
91042  -47.113  -0.947  28.855 0.0000000000
88337  -47.261  -1.754  28.902 0.0000000000
88348  -48.140  -1.702  28.424 0.0000000000
87076  -48.509  -2.313  28.271 0.0000000000
89672  -48.303  -1.466  28.356 0.0000000000
88362  -49.209  -2.034  27.724 0.0000000000
89685  -48.694  -1.407  28.027 0.0000000000
92506  -47.139  -0.694  27.078 0.0000000000
92494  -48.334  -0.757  27.137 0.0000000000
66765  -17.332  -16.984  44.674 0.0000000000
65461  -18.011  -17.774  43.251 0.0000000000
65436  -17.808  -17.273  44.619 0.0000000000
65451  -19.438  -17.912  43.857 0.0000000000
70560  -20.099  -15.417  44.659 0.0000000000
70551  -21.233  -15.631  44.693 0.0000000000
65494  -24.189  -17.785  41.182 0.0000000000
65495  -25.264  -17.533  41.064 0.0000000000
65512  -24.913  -17.439  40.297 0.0000000000
70644  -23.292  -14.775  40.978 0.0000000000
72001  -23.181  -14.653  41.910 0.0000000000
70590  -25.713  -15.323  42.370 0.0000000000
70575  -25.489  -15.575  42.709 0.0000000000
69409  -25.808  -15.850  42.403 0.0000000000
65483  -27.413  -16.975  41.186 0.0000000000
66804  -27.024  -16.909  41.660 0.0000000000
65498  -27.498  -17.060  40.623 0.0000000000
65497  -26.882  -17.039  40.639 0.0000000000
65515  -27.491  -17.009  40.122 0.0000000000
65538  -28.143  -17.256  39.532 0.0000000000
65518  -30.081  -17.408  39.694 0.0000000000
65541  -30.902  -17.817  39.134 0.0000000000
65561  -31.052  -18.019  38.484 0.0000000000
66835  -32.999  -17.231  39.123 0.0000000000
65522  -32.901  -17.581  39.228 0.0000000000
64178  -32.436  -18.389  38.782 0.0000000000
65545  -33.922  -18.432  38.741 0.0000000000
66896  -34.474  -17.903  37.097 0.0000000000
65578  -34.652  -18.613  37.693 0.0000000000
65593  -35.064  -18.793  36.772 0.0000000000
66917  -34.716  -17.714  35.934 0.0000000000
72082  -34.509  -13.278  34.477 0.0000000000
73433  -34.448  -12.298  34.882 0.0000000000
70753  -33.794  -13.622  34.591 0.0000000000
70736  -33.022  -13.720  35.065 0.0000000000
69518  -33.553  -14.634  34.584 0.0000000000
69520  -35.554  -15.575  33.989 0.0000000000
68288  -35.063  -16.250  34.385 0.0000000000
68289  -35.810  -16.698  34.237 0.0000000000
66930  -35.431  -17.720  34.866 0.0000000000
69489  -38.429  -15.310  35.634 0.0000000000
69506  -38.419  -15.817  35.304 0.0000000000
68250  -38.883  -15.606  35.774 0.0000000000
73401  -39.598  -11.926  36.536 0.0000000000
72038  -39.186  -12.878  36.405 0.0000000000
72039  -39.932  -12.775  36.117 0.0000000000
77528  -40.492  -10.417  34.464 0.0000000000
77529  -41.427  -10.104  34.099 0.0000000000
78809  -41.656  -9.923  34.470 0.0000000000
78795  -42.516  -9.508  34.752 0.0000000000
81452  -42.935  -7.005  33.256 0.0000000000
80155  -42.736  -7.721  33.403 0.0000000000
81444  -43.196  -7.383  33.826 0.0000000000
78813  -43.675  -8.693  34.164 0.0000000000
78812  -43.303  -8.679  34.310 0.0000000000
77517  -43.265  -9.473  34.555 0.0000000000
76149  -43.332  -10.378  34.455 0.0000000000
76150  -43.847  -10.068  34.025 0.0000000000
74784  -44.283  -10.995  33.255 0.0000000000
78868  -44.464  -8.565  31.674 0.0000000000
77580  -44.189  -9.464  30.082 0.0000000000
84324  -43.799  -5.131  31.893 0.0000000000
82836  -43.870  -5.853  31.411 0.0000000000
82865  -43.895  -5.884  29.012 0.0000000000
81502  -44.139  -6.842  28.513 0.0000000000
80213  -43.980  -7.787  28.943 0.0000000000
80214  -44.567  -7.809  28.215 0.0000000000
78909  -46.033  -8.765  28.136 0.0000000000
81505  -47.102  -6.760  28.167 0.0000000000
69369  -16.747  -15.284  46.114 0.0000000000
70537  -16.230  -14.845  46.268 0.0000000000
66751  -16.771  -16.437  44.908 0.0000000000
82917  -51.426  -4.435  26.027 0.0000000000
82916  -50.936  -4.605  26.364 0.0000000000
91167  -50.886  -1.067  23.023 0.0000000000
91161  -51.210  -0.940  23.428 0.0000000000
87166  -53.389  -2.932  21.816 0.0000000000
88436  -52.693  -2.464  22.915 0.0000000000
85844  -53.368  -3.717  22.770 0.0000000000
84478  -53.536  -4.299  22.728 0.0000000000
84479  -53.975  -4.555  22.194 0.0000000000
85891  -55.418  -3.847  19.770 0.0000000000
85870  -54.857  -3.929  20.552 0.0000000000
83014  -54.775  -5.416  21.263 0.0000000000
81636  -54.245  -5.928  21.270 0.0000000000
82997  -54.135  -5.324  22.133 0.0000000000
87305  -54.917  -2.296  14.586 0.0000000000
96637  -53.199  4.401  15.198 0.0000000000
96653  -52.387  3.824  14.394 0.0000000000
92643  -51.250  1.583  14.701 0.0000000000
91276  -52.610  1.052  14.593 0.0000000000
91294  -53.144  0.232  14.338 0.0000000000
89912  -55.117  -0.515  14.227 0.0000000000
87306  -55.489  -2.055  14.560 0.0000000000
88548  -56.430  -2.452  14.893 0.0000000000
88572  -56.241  -1.997  14.319 0.0000000000
89626  -44.017  -1.984  30.800 0.0000000000
89640  -43.428  -1.530  30.276 0.0000000000
80112  -37.934  -9.813  36.237 0.0000000000
78791  -38.411  -10.028  35.794 0.0000000000
78807  -39.145  -10.208  35.225 0.0000000000
78808  -40.338  -10.177  35.022 0.0000000000
84300  -42.605  -4.350  32.374 0.0000000000
85648  -42.712  -3.728  32.179 0.0000000000
85649  -42.972  -3.741  32.316 0.0000000000
85650  -43.337  -3.830  32.410 0.0000000000
86997  -43.265  -3.231  32.061 0.0000000000
88298  -43.487  -2.842  31.777 0.0000000000
91107  -49.839  -0.963  26.275 0.0000000000
88385  -50.902  -2.181  25.952 0.0000000000
89737  -50.836  -1.567  25.595 0.0000000000
89738  -51.264  -1.594  24.925 0.0000000000
89759  -51.769  -1.611  24.243 0.0000000000
87233  -55.675  -3.160  18.085 0.0000000000
85939  -56.631  -3.675  17.272 0.0000000000
84542  -56.776  -4.395  16.910 0.0000000000
84543  -56.811  -3.960  16.220 0.0000000000
85964  -56.947  -3.469  15.824 0.0000000000
85988  -56.899  -3.573  15.188 0.0000000000
97858  -54.974  5.648  14.199 0.0000000000
96640  -54.601  5.146  15.058 0.0000000000
96657  -54.749  5.149  14.721 0.0000000000
101710  -54.908  7.641  9.886 0.0000000000
101701  -54.870  7.381  10.716 0.0000000000
101702  -55.285  7.916  10.941 0.0000000000
103013  -55.684  7.808  11.138 0.0000000000
103014  -55.829  7.845  11.019 0.0000000000
101697  -55.874  7.596  11.049 0.0000000000
103021  -55.990  8.194  10.566 0.0000000000
103022  -56.153  8.463  10.180 0.0000000000
101713  -56.439  8.508  9.733 0.0000000000
104243  -56.896  9.432  7.691 0.0000000000
104261  -57.163  9.526  6.842 0.0000000000
103069  -57.393  9.019  7.065 0.0000000000
100400  -57.006  7.815  7.018 0.0000000000
84400  -46.699  -4.711  28.369 0.0000000000
84381  -47.205  -4.197  28.413 0.0000000000
85730  -47.278  -3.529  28.447 0.0000000000
91040  -45.680  -0.578  29.356 0.0000000000
91026  -46.055  -1.069  29.398 0.0000000000
92438  -46.078  -0.421  29.066 0.0000000000
92454  -46.456  -0.323  28.620 0.0000000000
92455  -47.305  -0.514  28.239 0.0000000000
92456  -47.803  -0.588  28.133 0.0000000000
92473  -47.083  -0.411  27.878 0.0000000000
92492  -46.875  -0.452  27.393 0.0000000000
91103  -46.223  -0.933  27.046 0.0000000000
66753  -18.016  -16.591  45.253 0.0000000000
65437  -18.306  -17.415  44.493 0.0000000000
68142  -18.150  -16.001  45.555 0.0000000000
66754  -18.861  -16.588  45.187 0.0000000000
66768  -19.626  -16.995  44.736 0.0000000000
65468  -24.982  -17.466  42.318 0.0000000000
68185  -27.077  -16.197  41.917 0.0000000000
69411  -27.244  -15.748  41.755 0.0000000000
68194  -27.808  -16.190  41.553 0.0000000000
65484  -28.321  -16.951  41.022 0.0000000000
65500  -29.206  -17.084  40.485 0.0000000000
65501  -30.235  -17.118  40.088 0.0000000000
65502  -30.894  -17.044  39.910 0.0000000000
66854  -33.738  -17.295  38.273 0.0000000000
66873  -33.932  -17.963  38.417 0.0000000000
68218  -33.750  -17.130  37.980 0.0000000000
68224  -33.933  -17.202  37.401 0.0000000000
68234  -34.157  -17.265  36.566 0.0000000000
76103  -35.958  -10.678  36.192 0.0000000000
76102  -35.101  -10.683  36.043 0.0000000000
74748  -36.178  -11.872  35.605 0.0000000000
73434  -35.515  -12.475  34.846 0.0000000000
72083  -35.413  -13.515  34.439 0.0000000000
70757  -36.828  -15.159  34.286 0.0000000000
70718  -38.054  -14.497  35.400 0.0000000000
70720  -38.821  -14.294  35.954 0.0000000000
73402  -40.258  -11.870  36.223 0.0000000000
73403  -41.008  -12.011  35.794 0.0000000000
73436  -42.421  -12.332  34.844 0.0000000000
73437  -42.884  -12.088  34.500 0.0000000000
77544  -41.826  -9.667  33.352 0.0000000000
80138  -42.618  -8.844  33.703 0.0000000000
82793  -43.648  -6.814  33.784 0.0000000000
81445  -43.569  -7.102  33.894 0.0000000000
81446  -44.041  -7.238  33.782 0.0000000000
80142  -43.994  -7.970  33.926 0.0000000000
78829  -44.041  -8.687  33.870 0.0000000000
77530  -44.103  -9.451  33.731 0.0000000000
77545  -44.382  -9.504  33.164 0.0000000000
77557  -44.508  -9.582  32.393 0.0000000000
80183  -44.215  -7.863  31.234 0.0000000000
82880  -44.531  -5.910  28.262 0.0000000000
84398  -45.043  -5.149  28.204 0.0000000000
84399  -45.802  -5.131  28.194 0.0000000000
71969  -16.292  -14.315  43.920 0.0000000000
71951  -15.572  -13.990  44.646 0.0000000000
73337  -15.766  -14.058  45.691 0.0000000000
70538  -17.250  -15.001  45.929 0.0000000000
82935  -52.224  -4.618  25.045 0.0000000000
81579  -52.179  -5.333  23.914 0.0000000000
91179  -52.230  -1.086  21.769 0.0000000000
91163  -52.305  -1.242  22.716 0.0000000000
91171  -52.906  -1.423  21.892 0.0000000000
88465  -53.466  -2.776  21.586 0.0000000000
87167  -53.832  -3.187  21.565 0.0000000000
83034  -55.632  -5.255  19.854 0.0000000000
93987  -53.362  2.726  15.285 0.0000000000
91295  -53.941  0.327  14.467 0.0000000000
103044  -55.663  9.002  8.346 0.0000000000
104224  -55.921  9.256  8.823 0.0000000000
104241  -56.024  9.286  7.934 0.0000000000
104274  -56.060  9.928  5.559 0.0000000000
104275  -56.498  9.994  6.051 0.0000000000
87040  -44.599  -2.982  29.238 0.0000000000
89643  -45.105  -1.376  29.691 0.0000000000
91023  -44.439  -0.951  29.840 0.0000000000
91024  -45.046  -0.977  29.649 0.0000000000
92451  -44.335  0.037  28.658 0.0000000000
92469  -44.103  -0.012  28.080 0.0000000000
71954  -18.189  -14.842  44.482 0.0000000000
71955  -19.315  -15.003  44.252 0.0000000000
71957  -21.636  -14.892  43.840 0.0000000000
71975  -22.502  -14.776  43.164 0.0000000000
71976  -23.462  -14.722  42.991 0.0000000000
70678  -32.092  -14.200  37.704 0.0000000000
76075  -36.810  -10.861  36.365 0.0000000000
74708  -36.998  -11.317  36.207 0.0000000000
73387  -37.743  -12.055  36.277 0.0000000000
73400  -38.030  -12.521  36.267 0.0000000000
74710  -38.255  -11.530  36.798 0.0000000000
74711  -39.047  -11.368  36.919 0.0000000000
74729  -39.647  -11.366  36.766 0.0000000000
78771  -39.095  -10.192  36.505 0.0000000000
76079  -39.702  -10.768  36.769 0.0000000000
74730  -40.130  -11.111  36.640 0.0000000000
74731  -40.848  -11.240  36.118 0.0000000000
74732  -41.428  -11.008  35.860 0.0000000000
76127  -41.784  -10.563  35.702 0.0000000000
82802  -42.738  -5.215  32.733 0.0000000000
82804  -43.435  -6.274  33.501 0.0000000000
82805  -43.847  -6.466  33.490 0.0000000000
84280  -44.160  -6.134  33.284 0.0000000000
82824  -44.073  -6.327  32.578 0.0000000000
84325  -43.945  -5.830  32.427 0.0000000000
85672  -43.797  -4.122  31.118 0.0000000000
70583  -16.982  -14.651  43.196 0.0000000000
85755  -50.009  -3.503  27.489 0.0000000000
84417  -50.737  -4.185  26.977 0.0000000000
85776  -50.706  -3.523  26.894 0.0000000000
84429  -51.708  -4.208  25.865 0.0000000000
85793  -51.840  -3.771  25.505 0.0000000000
84443  -52.122  -4.329  25.282 0.0000000000
84444  -52.527  -4.470  24.704 0.0000000000
84456  -52.945  -4.594  24.019 0.0000000000
88481  -54.400  -2.492  20.069 0.0000000000
88482  -54.995  -2.742  19.684 0.0000000000
84512  -55.817  -4.583  19.465 0.0000000000
83054  -56.047  -5.405  19.111 0.0000000000
98993  -53.507  5.651  13.504 0.0000000000
97864  -53.049  5.151  13.415 0.0000000000
97857  -53.624  5.445  14.639 0.0000000000
96655  -53.477  4.846  15.189 0.0000000000
95319  -53.473  4.016  15.460 0.0000000000
96639  -54.348  4.785  15.148 0.0000000000
95320  -53.999  4.125  15.397 0.0000000000
93967  -53.709  3.475  15.433 0.0000000000
87058  -42.912  -2.719  30.021 0.0000000000
87057  -42.735  -2.923  29.474 0.0000000000
80172  -41.990  -7.491  31.767 0.0000000000
82822  -41.942  -5.706  31.555 0.0000000000
84343  -42.118  -4.644  30.972 0.0000000000
85689  -42.438  -3.790  31.088 0.0000000000
89788  -49.238  -1.729  24.117 0.0000000000
91159  -49.998  -1.046  24.344 0.0000000000
89790  -50.299  -1.229  23.261 0.0000000000
89801  -50.633  -1.412  22.484 0.0000000000
89810  -52.164  -1.626  20.852 0.0000000000
89811  -52.819  -1.636  20.621 0.0000000000
89822  -53.898  -2.196  19.771 0.0000000000
88497  -54.394  -2.434  19.282 0.0000000000
88513  -54.725  -2.745  18.674 0.0000000000
88527  -54.513  -2.911  18.394 0.0000000000
99017  -53.860  5.742  10.487 0.0000000000
99002  -53.835  5.907  12.807 0.0000000000
100339  -54.178  6.255  13.033 0.0000000000
100331  -54.318  6.232  13.582 0.0000000000
100332  -54.871  6.532  13.368 0.0000000000
98996  -55.309  6.264  13.618 0.0000000000
97865  -55.467  5.787  13.404 0.0000000000
96687  -55.411  5.302  12.831 0.0000000000
103035  -56.621  9.086  9.175 0.0000000000
101720  -56.689  8.458  9.164 0.0000000000
103045  -56.963  8.870  8.381 0.0000000000
82884  -48.411  -5.523  28.291 0.0000000000
82885  -49.265  -5.221  27.878 0.0000000000
84403  -49.234  -4.303  28.187 0.0000000000
85754  -49.335  -3.576  28.020 0.0000000000
87041  -45.691  -2.463  28.885 0.0000000000
87062  -47.302  -2.795  28.548 0.0000000000
89658  -46.304  -1.330  29.298 0.0000000000
87043  -47.259  -2.202  28.783 0.0000000000
87063  -48.129  -2.593  28.454 0.0000000000
87064  -48.833  -3.101  28.238 0.0000000000
87078  -49.767  -2.704  27.412 0.0000000000
88374  -49.781  -2.006  27.114 0.0000000000
89699  -49.665  -1.373  27.080 0.0000000000
92475  -48.567  -0.740  27.365 0.0000000000
91087  -49.009  -0.837  26.976 0.0000000000
89758  -49.064  -1.269  25.149 0.0000000000
88346  -42.952  -2.133  29.604 0.0000000000
89670  -43.026  -1.376  28.849 0.0000000000
89698  -42.006  -1.240  27.022 0.0000000000
89683  -42.895  -0.902  28.233 0.0000000000
91068  -43.040  -0.478  27.885 0.0000000000
92504  -43.067  -0.491  27.102 0.0000000000
92505  -43.297  -0.476  27.146 0.0000000000
91082  -44.207  -0.467  27.319 0.0000000000
91101  -44.356  -0.873  26.865 0.0000000000
89775  -48.978  -1.584  24.730 0.0000000000
65475  -17.383  -17.409  42.605 0.0000000000
65476  -18.257  -18.139  42.406 0.0000000000
70549  -19.400  -15.420  45.063 0.0000000000
68144  -20.095  -16.395  44.788 0.0000000000
72000  -22.670  -14.806  42.113 0.0000000000
71989  -23.341  -14.667  42.439 0.0000000000
71960  -24.597  -14.953  43.150 0.0000000000
65469  -25.985  -17.254  42.007 0.0000000000
66795  -26.866  -16.495  41.972 0.0000000000
65496  -26.203  -17.360  40.879 0.0000000000
68204  -30.656  -16.229  39.965 0.0000000000
66832  -31.130  -17.317  39.757 0.0000000000
65542  -31.746  -18.083  39.236 0.0000000000
65564  -34.110  -18.461  38.379 0.0000000000
64195  -34.565  -19.240  38.017 0.0000000000
72026  -32.057  -13.113  37.551 0.0000000000
70695  -32.220  -14.026  36.913 0.0000000000
74768  -33.926  -11.394  35.545 0.0000000000
72050  -32.883  -12.609  35.727 0.0000000000
70717  -32.549  -13.839  35.999 0.0000000000
69486  -32.721  -14.881  36.436 0.0000000000
69487  -33.328  -15.741  36.119 0.0000000000
68248  -34.059  -16.771  35.879 0.0000000000
69519  -34.485  -15.408  34.288 0.0000000000
68267  -34.438  -16.566  34.886 0.0000000000
66916  -34.503  -17.089  35.451 0.0000000000
66929  -34.836  -17.216  35.149 0.0000000000
72037  -38.392  -12.954  36.275 0.0000000000
70698  -39.057  -13.959  36.147 0.0000000000
69475  -39.414  -14.407  36.000 0.0000000000
70700  -40.283  -13.371  35.960 0.0000000000
69491  -39.742  -14.901  35.804 0.0000000000
77515  -39.922  -10.194  34.841 0.0000000000
76128  -42.425  -10.494  35.287 0.0000000000
80140  -43.275  -7.980  34.068 0.0000000000
78811  -42.905  -8.833  34.069 0.0000000000
77506  -42.744  -9.756  35.023 0.0000000000
76148  -42.810  -10.684  34.908 0.0000000000
74771  -42.904  -11.243  34.697 0.0000000000
73438  -43.414  -12.096  34.009 0.0000000000
76167  -43.711  -10.685  34.005 0.0000000000
82837  -44.022  -6.451  31.963 0.0000000000
81475  -44.150  -6.930  31.861 0.0000000000
80194  -43.944  -7.589  30.683 0.0000000000
82850  -43.767  -6.020  30.241 0.0000000000
81481  -43.812  -7.007  30.294 0.0000000000
80204  -43.872  -7.733  29.895 0.0000000000
78910  -47.024  -8.687  28.045 0.0000000000
80216  -46.590  -7.781  28.047 0.0000000000
68127  -15.818  -15.648  45.924 0.0000000000
66764  -16.763  -16.570  44.441 0.0000000000
82900  -50.604  -4.528  26.986 0.0000000000
91144  -50.908  -0.934  24.223 0.0000000000
91145  -51.630  -1.129  23.762 0.0000000000
88421  -52.205  -2.396  23.814 0.0000000000
89778  -52.369  -1.704  23.016 0.0000000000
88422  -52.312  -2.037  23.316 0.0000000000
87127  -52.621  -3.267  23.797 0.0000000000
87128  -52.941  -3.625  23.536 0.0000000000
84466  -53.396  -4.615  23.290 0.0000000000
82976  -53.678  -5.168  22.850 0.0000000000
87182  -54.352  -3.124  20.731 0.0000000000
85869  -54.320  -3.704  21.116 0.0000000000
85856  -54.110  -3.992  21.705 0.0000000000
82996  -53.674  -5.553  22.675 0.0000000000
85963  -54.220  -3.165  15.863 0.0000000000
96670  -52.783  4.602  13.995 0.0000000000
95347  -51.744  3.218  13.985 0.0000000000
93986  -52.697  2.638  15.244 0.0000000000
93985  -51.861  2.481  14.970 0.0000000000
95334  -51.300  2.595  14.510 0.0000000000
89909  -52.827  -0.720  13.807 0.0000000000
88569  -54.335  -1.518  14.211 0.0000000000
87291  -56.342  -2.665  15.426 0.0000000000
88549  -56.660  -2.586  14.909 0.0000000000
87308  -56.668  -2.802  14.587 0.0000000000
87307  -56.406  -2.480  14.262 0.0000000000
87319  -56.469  -3.236  14.395 0.0000000000
62915  -34.354  -19.612  38.109 0.0000000000
64180  -33.724  -18.976  38.568 0.0000000000
64192  -31.645  -18.386  38.471 0.0000000000
65449  -17.712  -17.470  44.118 0.0000000000
65460  -17.329  -17.325  43.494 0.0000000000
65477  -18.673  -18.349  42.618 0.0000000000
65485  -28.814  -16.924  40.927 0.0000000000
65520  -31.376  -17.662  39.632 0.0000000000
65521  -32.716  -17.758  39.224 0.0000000000
65544  -33.396  -18.156  38.886 0.0000000000
66752  -17.242  -16.625  44.956 0.0000000000
66755  -19.459  -16.557  45.041 0.0000000000
66767  -18.642  -17.066  44.896 0.0000000000
66777  -16.870  -16.826  43.801 0.0000000000
66778  -17.188  -17.050  44.233 0.0000000000
66793  -25.195  -16.851  42.681 0.0000000000
66794  -26.452  -16.778  42.100 0.0000000000
66803  -16.610  -16.853  42.479 0.0000000000
66806  -28.577  -16.623  41.140 0.0000000000
66817  -29.063  -16.878  40.868 0.0000000000
66819  -30.699  -16.781  39.997 0.0000000000
66833  -31.662  -17.446  39.623 0.0000000000
66853  -33.647  -17.467  38.678 0.0000000000
68129  -17.222  -15.730  45.757 0.0000000000
68140  -16.422  -16.047  45.448 0.0000000000
68141  -17.277  -16.048  45.489 0.0000000000
68182  -16.254  -16.546  43.276 0.0000000000
68184  -26.379  -16.248  42.113 0.0000000000
68269  -38.366  -16.068  35.068 0.0000000000
69370  -17.452  -15.398  45.925 0.0000000000
69382  -19.718  -15.862  44.979 0.0000000000
69404  -25.330  -15.852  42.907 0.0000000000
69410  -26.476  -15.773  42.016 0.0000000000
69417  -27.797  -15.738  41.319 0.0000000000
69474  -39.177  -14.408  36.044 0.0000000000
69488  -38.224  -15.075  35.355 0.0000000000
70561  -21.099  -15.337  44.617 0.0000000000
70571  -22.630  -15.069  44.228 0.0000000000
70574  -25.112  -15.322  43.115 0.0000000000
70589  -25.246  -15.110  42.728 0.0000000000
70607  -22.384  -14.851  42.198 0.0000000000
70610  -28.554  -14.990  40.669 0.0000000000
70627  -23.218  -14.671  41.489 0.0000000000
70696  -38.326  -14.109  35.736 0.0000000000
70719  -38.555  -14.490  35.777 0.0000000000
70738  -37.153  -14.519  34.724 0.0000000000
71914  -16.673  -14.719  46.106 0.0000000000
71927  -18.858  -15.156  45.239 0.0000000000
71936  -15.795  -14.029  45.029 0.0000000000
71958  -22.674  -14.890  43.832 0.0000000000
72027  -38.395  -12.549  36.430 0.0000000000
72028  -38.630  -12.517  36.500 0.0000000000
72051  -36.866  -13.149  35.290 0.0000000000
72062  -33.570  -12.790  34.917 0.0000000000
72063  -34.239  -12.851  34.696 0.0000000000
72064  -35.897  -13.141  34.775 0.0000000000
72081  -33.996  -13.141  34.645 0.0000000000
73353  -28.291  -13.811  40.742 0.0000000000
73388  -38.141  -12.235  36.456 0.0000000000
73398  -36.914  -12.166  35.858 0.0000000000
73414  -35.956  -12.043  35.351 0.0000000000
73418  -40.102  -11.507  36.496 0.0000000000
73431  -33.274  -12.127  35.595 0.0000000000
73432  -33.706  -12.003  35.300 0.0000000000
73450  -34.752  -12.757  34.648 0.0000000000
73451  -35.055  -12.982  34.545 0.0000000000
74709  -37.479  -11.605  36.341 0.0000000000
74712  -39.506  -11.012  36.882 0.0000000000
74726  -35.837  -11.021  35.943 0.0000000000
74745  -33.842  -10.923  35.976 0.0000000000
74747  -35.442  -11.461  35.550 0.0000000000
74749  -39.917  -11.487  36.650 0.0000000000
74750  -40.111  -11.334  36.617 0.0000000000
76080  -40.102  -10.470  36.646 0.0000000000
76104  -40.125  -10.719  36.655 0.0000000000
76106  -41.156  -10.643  36.003 0.0000000000
77477  -36.883  -10.317  36.700 0.0000000000
77478  -37.873  -10.786  36.861 0.0000000000
77479  -38.597  -10.738  37.074 0.0000000000
77480  -39.231  -10.405  36.833 0.0000000000
77481  -39.787  -10.349  36.690 0.0000000000
77495  -39.564  -10.156  36.527 0.0000000000
78778  -38.107  -10.403  36.871 0.0000000000
78779  -38.489  -10.117  36.276 0.0000000000
78790  -38.076  -9.510  35.856 0.0000000000
78827  -39.117  -10.257  34.981 0.0000000000
78867  -44.327  -8.278  31.201 0.0000000000
80099  -37.340  -9.756  36.648 0.0000000000
80100  -37.765  -10.047  36.622 0.0000000000
80123  -36.942  -8.945  35.945 0.0000000000
80124  -37.598  -9.571  35.933 0.0000000000
80125  -37.908  -9.775  35.868 0.0000000000
80137  -37.243  -9.289  35.790 0.0000000000
81467  -44.277  -6.962  32.286 0.0000000000
82794  -44.004  -6.857  33.740 0.0000000000
82806  -44.031  -6.439  33.322 0.0000000000
82815  -44.162  -6.524  33.077 0.0000000000
82881  -45.452  -5.937  28.053 0.0000000000
82882  -46.446  -5.852  28.210 0.0000000000
84276  -42.828  -4.662  32.651 0.0000000000
84380  -46.852  -4.228  28.361 0.0000000000
85727  -45.018  -4.352  28.323 0.0000000000
85753  -46.213  -4.198  28.264 0.0000000000
85756  -50.489  -3.850  27.210 0.0000000000
85775  -50.201  -3.150  27.185 0.0000000000
85833  -53.184  -3.942  23.235 0.0000000000
85845  -53.689  -3.892  22.279 0.0000000000
85986  -54.288  -3.132  15.618 0.0000000000
85998  -56.757  -3.524  14.650 0.0000000000
86009  -56.177  -3.510  14.305 0.0000000000
86010  -56.484  -3.600  14.485 0.0000000000
87012  -42.839  -3.159  31.364 0.0000000000
87039  -42.940  -2.665  30.421 0.0000000000
87089  -50.837  -2.892  26.322 0.0000000000
87101  -51.852  -3.474  25.124 0.0000000000
87114  -51.602  -2.616  25.027 0.0000000000
87140  -52.743  -3.145  23.497 0.0000000000
87152  -53.335  -3.195  22.297 0.0000000000
88297  -43.162  -2.809  31.805 0.0000000000
88308  -43.200  -2.629  31.598 0.0000000000
88309  -43.517  -2.415  31.482 0.0000000000
88336  -46.700  -1.778  29.059 0.0000000000
88347  -47.781  -1.823  28.627 0.0000000000
88360  -48.211  -2.062  28.367 0.0000000000
88361  -48.586  -1.947  28.167 0.0000000000
88420  -48.586  -1.773  24.926 0.0000000000
88435  -52.629  -2.911  23.447 0.0000000000
88449  -53.136  -2.476  21.889 0.0000000000
88450  -53.387  -2.135  21.562 0.0000000000
89659  -46.867  -1.304  29.067 0.0000000000
89660  -47.403  -1.346  28.879 0.0000000000
89671  -47.848  -1.294  28.589 0.0000000000
89700  -50.028  -1.607  26.744 0.0000000000
89717  -50.365  -1.494  26.259 0.0000000000
89777  -50.017  -1.145  23.866 0.0000000000
89792  -53.128  -1.838  21.755 0.0000000000
89832  -53.623  -2.330  19.488 0.0000000000
91039  -45.046  -0.489  29.396 0.0000000000
91043  -47.493  -1.059  28.739 0.0000000000
91055  -46.606  -0.477  28.850 0.0000000000
91056  -46.930  -0.575  28.714 0.0000000000
91057  -47.614  -0.793  28.476 0.0000000000
91067  -42.564  -0.794  27.558 0.0000000000
91069  -48.249  -0.772  28.102 0.0000000000
91070  -48.862  -0.959  27.535 0.0000000000
91071  -49.371  -1.154  27.323 0.0000000000
91081  -42.850  -0.514  27.218 0.0000000000
91085  -46.494  -0.587  27.219 0.0000000000
91086  -46.904  -0.629  27.128 0.0000000000
91088  -49.474  -1.032  27.003 0.0000000000
91100  -43.601  -0.668  26.928 0.0000000000
91108  -50.455  -1.180  25.860 0.0000000000
91120  -43.169  -0.861  26.172 0.0000000000
91146  -52.092  -1.258  23.243 0.0000000000
91170  -52.555  -1.154  22.149 0.0000000000
91177  -51.149  -1.151  22.423 0.0000000000
91181  -53.155  -1.456  21.469 0.0000000000
91192  -52.481  -1.258  21.177 0.0000000000
91193  -53.059  -1.340  21.055 0.0000000000
91194  -53.361  -1.533  21.108 0.0000000000
92435  -44.667  -0.083  28.871 0.0000000000
92437  -45.661  -0.297  29.001 0.0000000000
92450  -43.845  -0.180  28.481 0.0000000000
92452  -44.948  -0.058  28.524 0.0000000000
92474  -47.991  -0.587  27.718 0.0000000000
92487  -43.270  -0.358  27.478 0.0000000000
92488  -43.792  -0.293  27.536 0.0000000000
92490  -45.153  -0.293  27.731 0.0000000000
92507  -47.525  -0.787  27.021 0.0000000000
92508  -48.089  -0.846  26.909 0.0000000000
95318  -52.939  3.851  15.224 0.0000000000
95335  -51.709  2.955  14.601 0.0000000000
95346  -51.247  2.637  14.251 0.0000000000
96669  -52.218  3.921  13.631 0.0000000000
96685  -52.627  4.512  13.165 0.0000000000
97832  -53.960  5.261  15.315 0.0000000000
97833  -54.213  5.192  15.276 0.0000000000
97834  -54.438  5.169  15.193 0.0000000000
97845  -53.496  5.236  14.736 0.0000000000
97846  -53.745  5.352  14.992 0.0000000000
97847  -54.177  5.495  15.132 0.0000000000
97848  -54.563  5.461  14.930 0.0000000000
97856  -53.366  5.331  14.243 0.0000000000
98979  -54.187  5.707  14.757 0.0000000000
98986  -53.611  5.754  13.985 0.0000000000
98987  -53.775  5.769  14.352 0.0000000000
98994  -53.921  6.000  13.612 0.0000000000
99009  -53.267  5.191  12.112 0.0000000000
99010  -53.733  5.633  11.709 0.0000000000
100324  -54.280  6.086  13.902 0.0000000000
100325  -54.502  6.150  13.882 0.0000000000
100330  -54.146  6.182  13.432 0.0000000000
100401  -57.184  8.368  6.755 0.0000000000
101704  -56.293  8.469  10.005 0.0000000000
101717  -54.895  7.588  9.490 0.0000000000
