#!ascii label  , from subject  vox2ras=TkReg coords=orig
359
85270  -17.268  -5.240  -41.394 0.5555555820
85287  -17.381  -5.001  -42.035 0.6666666865
85299  -17.768  -4.717  -42.797 0.7777777910
85311  -18.104  -4.529  -43.484 0.7777777910
88020  -17.777  -3.042  -43.829 0.8888888955
86756  -19.584  -3.463  -45.580 0.8888888955
83857  -17.199  -5.694  -40.271 0.5555555820
85269  -17.344  -4.698  -41.299 0.5555555820
86698  -17.355  -3.959  -42.192 0.6666666865
86713  -17.591  -3.755  -42.639 0.8888888955
86726  -18.121  -3.671  -43.979 0.8888888955
88034  -18.104  -2.683  -44.373 0.8888888955
88052  -19.041  -2.418  -45.540 1.0000000000
88066  -20.051  -2.176  -46.872 1.0000000000
88006  -17.205  -2.668  -42.262 0.7777777910
89297  -17.553  -1.674  -43.144 1.0000000000
90679  -17.671  -0.625  -43.508 1.0000000000
89308  -17.747  -1.656  -43.799 1.0000000000
90691  -17.799  -0.736  -44.660 1.0000000000
90709  -18.550  -0.571  -45.765 1.0000000000
90708  -18.113  -0.019  -45.209 1.0000000000
89367  -20.020  -1.021  -46.955 1.0000000000
92059  -18.020  0.508  -45.685 1.0000000000
90724  -18.748  -0.072  -46.502 1.0000000000
90738  -20.238  -0.446  -47.349 1.0000000000
92086  -19.737  0.393  -47.726 1.0000000000
92094  -20.028  0.838  -48.327 0.7777777910
92033  -17.617  0.283  -43.171 0.8888888955
92044  -17.443  0.596  -44.092 1.0000000000
93430  -17.640  1.189  -45.511 1.0000000000
93443  -17.833  1.435  -46.336 1.0000000000
93444  -18.533  1.109  -46.754 1.0000000000
93456  -18.991  1.372  -47.434 1.0000000000
93461  -19.661  1.376  -48.166 1.0000000000
93462  -20.101  1.270  -48.762 0.8888888955
93469  -20.623  1.356  -49.182 0.7777777910
93471  -22.082  1.256  -50.077 0.7777777910
94770  -17.629  2.703  -44.705 0.7777777910
93418  -17.282  1.823  -44.153 0.8888888955
93442  -17.621  1.884  -45.626 1.0000000000
94787  -17.528  2.630  -45.365 0.8888888955
94804  -17.733  2.540  -46.076 1.0000000000
94805  -18.122  2.462  -46.761 1.0000000000
94817  -19.245  2.253  -48.010 1.0000000000
94822  -19.827  2.148  -48.773 0.8888888955
96132  -19.458  3.296  -48.525 1.0000000000
94834  -20.557  2.418  -49.392 0.8888888955
94847  -22.005  2.811  -50.494 0.7777777910
93485  -23.138  2.179  -50.444 0.6666666865
94848  -22.631  2.890  -50.696 0.6666666865
97313  -16.889  4.106  -44.862 0.6666666865
97339  -17.160  4.579  -45.409 0.7777777910
96105  -17.476  3.506  -45.858 0.8888888955
96106  -18.000  3.382  -46.500 0.8888888955
94816  -18.689  2.364  -47.346 1.0000000000
97358  -18.118  3.920  -46.919 1.0000000000
96131  -18.764  3.690  -47.904 1.0000000000
96142  -20.189  3.514  -49.294 0.8888888955
96143  -20.780  3.542  -50.159 0.7777777910
96144  -21.467  3.312  -50.670 0.7777777910
94849  -23.302  2.969  -50.584 0.5555555820
96154  -22.098  3.670  -51.369 0.7777777910
96165  -23.303  3.893  -51.314 0.6666666865
98488  -16.801  5.560  -44.835 0.6666666865
97312  -16.891  4.791  -44.587 0.6666666865
98489  -17.118  5.580  -45.257 0.7777777910
98513  -17.416  5.593  -46.005 0.8888888955
97372  -17.945  5.052  -47.108 0.8888888955
98532  -17.738  5.634  -46.855 1.0000000000
98533  -18.163  5.625  -47.470 1.0000000000
98552  -18.543  5.492  -48.204 1.0000000000
97388  -18.903  4.459  -48.426 0.8888888955
98565  -20.359  5.032  -50.260 0.8888888955
97401  -20.698  4.582  -50.527 0.8888888955
96153  -21.297  4.121  -50.883 0.7777777910
98564  -19.915  5.559  -49.861 0.8888888955
97412  -21.048  4.884  -51.074 0.7777777910
97413  -21.580  4.703  -51.511 0.7777777910
97424  -23.324  4.457  -51.482 0.7777777910
97425  -23.640  4.468  -51.169 0.6666666865
99768  -16.595  6.299  -44.806 0.6666666865
98461  -16.553  5.647  -44.302 0.5555555820
99790  -16.912  6.508  -45.588 0.7777777910
99810  -17.484  6.704  -46.640 0.8888888955
99811  -17.879  6.360  -47.289 0.8888888955
99835  -18.254  6.717  -48.020 1.0000000000
99836  -18.761  6.271  -48.665 1.0000000000
98553  -19.072  5.453  -49.024 0.8888888955
98587  -21.754  5.483  -52.048 0.7777777910
99872  -22.145  6.437  -51.975 0.7777777910
99874  -23.667  5.711  -51.193 0.6666666865
98579  -24.110  5.341  -50.635 0.5555555820
99789  -16.571  6.887  -45.116 0.7777777910
101110  -16.550  7.448  -45.518 0.6666666865
99834  -17.740  7.130  -47.427 1.0000000000
99849  -18.667  7.064  -48.743 1.0000000000
99860  -19.775  6.710  -50.204 0.8888888955
98576  -20.175  6.130  -50.422 0.8888888955
99861  -20.289  6.661  -50.950 0.8888888955
98577  -20.599  5.580  -50.730 0.8888888955
101193  -23.150  7.314  -51.882 0.7777777910
99873  -23.141  6.473  -51.553 0.7777777910
99864  -24.040  6.592  -50.826 0.5555555820
101191  -21.709  7.387  -52.543 0.7777777910
101185  -23.482  7.411  -51.381 0.5555555820
102466  -23.553  8.303  -51.210 0.6666666865
102384  -16.854  8.296  -46.002 0.5555555820
102428  -17.747  8.839  -47.595 0.7777777910
101152  -17.794  7.897  -47.905 1.0000000000
101130  -17.362  7.964  -47.193 0.8888888955
101173  -18.747  7.818  -49.195 1.0000000000
101174  -19.283  7.699  -49.904 0.8888888955
101183  -19.895  7.645  -50.587 0.8888888955
101184  -20.464  7.638  -51.283 0.8888888955
102472  -22.950  8.128  -51.777 0.6666666865
102451  -24.144  8.571  -50.475 0.5555555820
103695  -18.751  9.877  -48.953 0.6666666865
102450  -18.949  8.796  -49.502 0.8888888955
103709  -19.638  9.328  -50.461 0.7777777910
102463  -19.691  8.646  -50.027 0.7777777910
102469  -20.690  8.576  -51.525 0.7777777910
102470  -21.379  8.471  -52.102 0.7777777910
102471  -22.172  8.371  -52.240 0.6666666865
103731  -21.915  10.198  -52.626 0.6666666865
103724  -22.705  9.606  -52.101 0.6666666865
103725  -23.285  8.734  -51.668 0.5555555820
104891  -23.233  10.610  -52.153 0.6666666865
106025  -23.716  10.704  -51.296 0.5555555820
103696  -24.065  9.549  -50.533 0.4444444478
103720  -19.284  10.032  -50.490 0.7777777910
104889  -20.244  10.648  -51.318 0.6666666865
103721  -19.936  9.614  -51.149 0.6666666865
103730  -21.323  10.168  -52.379 0.6666666865
104899  -21.980  10.934  -52.809 0.6666666865
106057  -23.024  11.746  -52.480 0.6666666865
106042  -23.736  11.218  -51.757 0.5555555820
107263  -24.059  12.672  -51.299 0.5555555820
107262  -23.535  12.260  -51.885 0.6666666865
106039  -19.807  11.540  -50.796 0.6666666865
104888  -19.518  10.729  -50.701 0.6666666865
106040  -20.416  11.581  -51.343 0.6666666865
104890  -20.992  10.764  -51.800 0.6666666865
104898  -21.355  10.904  -52.491 0.6666666865
106056  -22.196  11.715  -52.878 0.6666666865
108462  -23.648  13.137  -51.989 0.6666666865
108463  -24.326  13.750  -51.656 0.5555555820
107261  -20.901  12.483  -52.223 0.6666666865
106041  -21.101  11.664  -51.811 0.6666666865
107277  -23.055  12.956  -52.456 0.6666666865
88008  -17.357  -2.654  -43.175 1.0000000000
88033  -17.725  -2.385  -43.968 1.0000000000
89319  -17.898  -1.841  -44.306 1.0000000000
89337  -19.184  -1.531  -45.826 1.0000000000
96047  -17.246  4.184  -43.884 0.5555555820
97389  -19.697  4.474  -49.107 0.8888888955
101089  -16.226  7.276  -44.702 0.5555555820
101111  -16.949  7.594  -46.322 0.7777777910
101153  -18.347  7.880  -48.467 1.0000000000
99871  -21.316  6.490  -51.914 0.8888888955
104879  -23.874  10.220  -50.983 0.4444444478
107259  -19.970  12.228  -50.855 0.6666666865
96046  -17.060  4.659  -43.942 0.4444444478
98446  -16.417  5.845  -43.765 0.4444444478
82497  -17.220  -6.709  -40.752 0.5555555820
85271  -17.276  -5.499  -41.470 0.6666666865
83893  -17.697  -5.758  -42.242 0.5555555820
83905  -18.088  -5.608  -43.193 0.5555555820
85330  -18.801  -4.621  -44.724 0.7777777910
86739  -19.018  -4.095  -45.120 0.8888888955
83926  -18.317  -5.053  -43.706 0.6666666865
85312  -18.456  -4.494  -44.102 0.8888888955
89353  -19.959  -1.496  -47.001 1.0000000000
89296  -17.438  -1.652  -42.689 0.6666666865
90739  -20.588  -0.540  -48.021 0.8888888955
92096  -21.240  -0.292  -49.051 0.6666666865
92110  -21.103  0.938  -49.185 0.7777777910
92112  -22.521  0.420  -49.913 0.6666666865
93472  -22.912  1.282  -50.251 0.6666666865
93379  -17.803  0.674  -43.093 0.4444444478
94850  -23.874  3.154  -50.139 0.5555555820
96157  -24.042  3.877  -50.157 0.5555555820
97415  -23.915  4.418  -50.732 0.5555555820
103617  -16.099  8.575  -44.853 0.4444444478
107275  -21.583  12.548  -52.753 0.6666666865
107276  -22.363  12.733  -52.867 0.6666666865
108469  -22.447  13.860  -52.657 0.6666666865
108470  -23.416  14.060  -52.568 0.6666666865
108471  -24.200  14.671  -52.319 0.6666666865
85286  -17.346  -4.696  -41.909 0.6666666865
83875  -17.139  -5.730  -40.763 0.5555555820
83876  -17.118  -5.879  -41.075 0.6666666865
86699  -17.416  -4.345  -42.178 0.6666666865
86725  -17.920  -3.690  -43.285 0.8888888955
88019  -17.438  -2.721  -43.468 1.0000000000
86755  -18.815  -3.024  -45.369 1.0000000000
86738  -18.516  -3.617  -44.899 0.8888888955
86681  -17.395  -3.707  -41.446 0.6666666865
85285  -17.361  -4.328  -42.010 0.6666666865
86712  -17.344  -3.229  -42.491 0.8888888955
86697  -17.199  -3.534  -42.019 0.5555555820
88051  -18.574  -2.517  -44.999 1.0000000000
88065  -19.578  -2.308  -46.107 1.0000000000
89320  -18.090  -1.794  -44.854 1.0000000000
89336  -18.601  -1.662  -45.336 1.0000000000
86777  -19.931  -2.842  -46.347 1.0000000000
89352  -19.702  -1.406  -46.470 1.0000000000
90665  -17.605  -1.622  -42.196 0.6666666865
88007  -17.259  -2.556  -42.558 0.8888888955
90692  -18.147  -1.212  -45.217 1.0000000000
90710  -19.191  -1.006  -46.215 1.0000000000
92058  -17.814  0.566  -44.963 1.0000000000
90725  -19.402  -0.459  -46.729 1.0000000000
89368  -20.256  -1.378  -47.616 0.8888888955
92073  -18.374  0.457  -46.359 1.0000000000
92074  -18.937  0.453  -46.933 1.0000000000
92087  -20.351  -0.041  -47.896 0.8888888955
92095  -20.681  0.379  -48.585 0.7777777910
93429  -17.407  1.625  -44.913 1.0000000000
93455  -18.420  1.748  -46.917 1.0000000000
94823  -20.144  1.747  -49.177 0.8888888955
93470  -21.296  1.555  -49.703 0.7777777910
93484  -22.384  2.013  -50.617 0.6666666865
96069  -17.197  3.785  -44.443 0.6666666865
96088  -17.300  3.540  -45.092 0.8888888955
96118  -19.008  3.007  -47.726 1.0000000000
94835  -21.352  2.622  -50.084 0.8888888955
93483  -21.789  2.021  -50.293 0.7777777910
96155  -22.967  3.445  -51.147 0.6666666865
93486  -23.743  2.448  -50.276 0.5555555820
96156  -23.591  3.677  -50.776 0.6666666865
97338  -16.993  5.134  -45.026 0.6666666865
97357  -17.762  4.511  -46.511 0.8888888955
96117  -18.539  3.355  -47.142 1.0000000000
97373  -18.245  4.482  -47.516 1.0000000000
97400  -20.347  4.472  -49.815 0.7777777910
96163  -22.488  4.109  -51.956 0.7777777910
98588  -22.481  5.476  -51.725 0.7777777910
97423  -22.801  4.646  -51.870 0.7777777910
98590  -23.653  4.929  -51.156 0.6666666865
97277  -17.046  5.245  -43.417 0.4444444478
99850  -19.210  6.655  -49.352 0.8888888955
99862  -20.850  6.234  -51.344 0.7777777910
101088  -15.749  7.568  -44.443 0.5555555820
102385  -17.210  8.621  -46.711 0.6666666865
101192  -22.570  7.333  -52.117 0.8888888955
99863  -23.644  6.800  -51.369 0.6666666865
101190  -20.888  7.560  -52.097 0.8888888955
101186  -23.849  7.658  -50.708 0.5555555820
104801  -16.772  9.196  -45.649 0.5555555820
102429  -18.113  8.876  -48.125 1.0000000000
103674  -17.705  9.440  -47.362 0.7777777910
102449  -18.417  8.873  -48.840 0.7777777910
103694  -18.365  9.843  -48.313 0.5555555820
103708  -19.167  9.806  -49.765 0.7777777910
102464  -20.097  8.574  -50.834 0.7777777910
103722  -20.846  9.645  -51.927 0.6666666865
103723  -21.700  9.357  -52.538 0.6666666865
104900  -22.616  10.818  -52.555 0.6666666865
103732  -22.344  10.360  -52.645 0.6666666865
103710  -23.366  9.984  -51.879 0.5555555820
103711  -23.651  9.412  -51.361 0.5555555820
106043  -23.781  11.849  -51.185 0.5555555820
106055  -21.486  11.682  -52.551 0.6666666865
82496  -17.032  -6.245  -40.648 0.5555555820
89369  -20.976  -1.634  -47.947 0.7777777910
92111  -21.591  0.385  -49.481 0.6666666865
81165  -17.683  -7.502  -40.838 0.4444444478
82498  -17.584  -6.720  -41.606 0.4444444478
81181  -18.309  -7.293  -42.263 0.4444444478
82535  -18.411  -6.257  -43.014 0.4444444478
83906  -18.556  -6.039  -43.319 0.4444444478
86798  -21.593  -3.012  -47.466 0.6666666865
86797  -21.111  -2.688  -47.407 0.6666666865
88084  -21.485  -2.178  -48.043 0.6666666865
89390  -22.762  -1.321  -48.536 0.5555555820
89389  -22.059  -1.267  -48.781 0.5555555820
89413  -21.642  -1.091  -49.127 0.5555555820
108468  -21.727  13.569  -52.444 0.5555555820
109675  -23.508  15.233  -52.803 0.5555555820
79863  -18.843  -8.696  -41.917 0.4444444478
83877  -17.267  -5.931  -41.541 0.4444444478
109674  -22.614  15.111  -52.962 0.5555555820
109673  -21.652  14.761  -52.685 0.5555555820
108467  -21.205  13.772  -52.040 0.5555555820
109672  -21.390  14.286  -52.119 0.5555555820
109681  -23.348  15.711  -53.079 0.5555555820
110796  -23.611  16.123  -52.706 0.5555555820
82476  -17.110  -7.155  -40.175 0.4444444478
90776  -21.650  -0.576  -49.349 0.5555555820
90777  -22.210  -0.371  -49.614 0.5555555820
81182  -18.713  -7.729  -42.305 0.4444444478
81144  -17.273  -7.610  -40.257 0.4444444478
79846  -17.437  -8.178  -40.429 0.4444444478
81166  -18.110  -7.634  -41.690 0.4444444478
79847  -17.817  -8.475  -40.903 0.4444444478
81167  -18.479  -8.161  -41.832 0.4444444478
82514  -18.135  -6.657  -42.480 0.4444444478
82515  -18.468  -7.123  -42.567 0.4444444478
88102  -21.818  -1.637  -48.424 0.5555555820
88103  -22.235  -1.854  -48.367 0.5555555820
90754  -22.550  -0.838  -49.131 0.5555555820
79848  -18.333  -8.605  -41.459 0.4444444478
108461  -21.187  13.178  -52.301 0.4444444478
110801  -22.829  15.969  -53.134 0.4444444478
110795  -22.401  15.915  -52.946 0.4444444478
110802  -23.260  16.079  -53.306 0.4444444478
111872  -23.692  16.774  -53.466 0.4444444478
109665  -21.093  14.340  -51.564 0.4444444478
109666  -21.341  15.034  -51.796 0.4444444478
88083  -20.738  -2.248  -47.456 0.6666666865
86711  -17.243  -2.993  -42.351 0.8888888955
87993  -17.213  -2.812  -41.993 0.6666666865
89276  -17.390  -2.129  -42.216 0.6666666865
89295  -17.421  -2.087  -42.287 0.6666666865
94833  -19.995  2.839  -49.011 0.8888888955
96164  -22.872  3.941  -51.681 0.7777777910
97422  -22.157  4.627  -51.978 0.7777777910
97414  -23.622  4.138  -51.175 0.6666666865
99769  -16.859  5.983  -45.091 0.6666666865
96068  -17.021  4.504  -44.121 0.6666666865
97289  -16.942  5.095  -43.826 0.5555555820
98578  -21.133  5.524  -51.538 0.7777777910
98589  -23.157  5.269  -51.487 0.7777777910
99746  -16.344  6.478  -44.178 0.4444444478
102361  -16.389  8.117  -45.305 0.5555555820
99870  -20.712  6.886  -51.609 0.8888888955
102465  -23.275  8.030  -51.442 0.6666666865
102473  -23.244  8.298  -51.508 0.6666666865
103633  -16.842  8.791  -45.785 0.5555555820
103634  -17.203  9.158  -46.403 0.5555555820
102407  -17.538  8.913  -47.188 0.5555555820
104878  -23.650  10.359  -51.622 0.5555555820
102360  -15.791  8.160  -44.652 0.5555555820
104802  -17.058  9.550  -46.109 0.5555555820
105959  -16.789  9.842  -45.854 0.5555555820
105944  -16.946  10.245  -45.938 0.5555555820
98430  -16.634  5.595  -43.218 0.4444444478
89387  -20.865  -1.104  -48.144 0.8888888955
90752  -20.995  -0.642  -48.598 0.6666666865
90753  -21.343  -0.825  -49.000 0.6666666865
103618  -16.432  8.694  -45.139 0.4444444478
163738  -16.238  8.799  -44.869 0.4444444478
97276  -16.827  5.263  -43.394 0.4444444478
104786  -16.604  9.212  -45.293 0.5555555820
105958  -16.636  9.472  -45.562 0.5555555820
89388  -21.446  -1.264  -48.481 0.5555555820
89414  -22.016  -0.925  -49.324 0.5555555820
109680  -23.081  15.598  -53.152 0.5555555820
109686  -23.236  15.729  -53.299 0.5555555820
110811  -23.056  15.845  -53.332 0.4444444478
110812  -23.234  15.921  -53.469 0.4444444478
105920  -16.806  9.885  -45.619 0.5555555820
105943  -16.512  9.769  -45.389 0.5555555820
163733  -15.527  8.220  -44.482 0.5555555820
163735  -15.351  8.392  -44.407 0.4444444478
163736  -15.711  8.294  -44.583 0.4444444478
163740  -17.140  10.350  -46.079 0.5555555820
163734  -15.715  8.061  -44.391 0.5555555820
109685  -23.115  15.707  -53.531 0.4444444478
