#!ascii label  , from subject 198451 vox2ras=TkReg
581
9464  -36.568  -69.731  -19.533 0.0000000000
17532  -40.352  -60.731  -26.972 0.0000000000
16407  -34.152  -61.694  -18.645 0.0000000000
15458  -39.920  -62.373  -21.752 0.0000000000
21393  -36.204  -56.125  -24.002 0.0000000000
11000  -38.414  -67.633  -15.025 0.0000000000
20320  -37.783  -58.117  -17.777 0.0000000000
21321  -43.845  -57.229  -18.185 0.0000000000
21330  -33.493  -56.322  -19.473 0.0000000000
19392  -33.980  -58.924  -21.336 0.0000000000
23374  -35.023  -53.916  -22.109 0.0000000000
15376  -38.370  -62.664  -16.403 0.0000000000
16397  -41.143  -61.443  -17.450 0.0000000000
23338  -45.341  -55.062  -17.120 0.0000000000
23334  -41.443  -54.263  -17.518 0.0000000000
11080  -40.916  -67.534  -20.761 0.0000000000
16465  -39.946  -61.231  -23.933 0.0000000000
13601  -40.527  -64.554  -23.317 0.0000000000
14545  -39.445  -63.414  -24.426 0.0000000000
11835  -34.760  -66.251  -18.989 0.0000000000
12673  -38.351  -65.401  -20.632 0.0000000000
17455  -36.227  -59.905  -22.756 0.0000000000
19475  -37.886  -58.361  -25.727 0.0000000000
12614  -35.412  -65.397  -17.118 0.0000000000
17374  -35.332  -60.542  -17.180 0.0000000000
22310  -35.457  -55.383  -18.397 0.0000000000
17392  -43.248  -60.601  -18.167 0.0000000000
20341  -40.506  -57.558  -18.462 0.0000000000
24385  -38.189  -53.791  -17.782 0.0000000000
29217  -38.054  -49.545  -18.140 0.0000000000
13572  -43.173  -64.793  -21.985 0.0000000000
19477  -45.724  -58.417  -25.482 0.0000000000
18550  -42.168  -59.867  -28.479 0.0000000000
14607  -40.273  -63.569  -28.815 0.0000000000
24415  -34.289  -53.165  -20.227 0.0000000000
23360  -33.581  -54.909  -20.930 0.0000000000
10263  -38.304  -68.947  -20.148 0.0000000000
16510  -39.866  -60.793  -25.690 0.0000000000
15528  -41.532  -62.276  -24.887 0.0000000000
15527  -41.175  -62.253  -25.627 0.0000000000
14561  -38.862  -63.093  -24.996 0.0000000000
15546  -41.003  -62.382  -26.770 0.0000000000
13521  -34.536  -64.003  -18.937 0.0000000000
15433  -34.650  -62.692  -19.707 0.0000000000
20423  -35.006  -57.179  -23.381 0.0000000000
17454  -35.548  -59.707  -22.266 0.0000000000
19430  -35.881  -58.385  -23.939 0.0000000000
18501  -37.018  -59.257  -24.672 0.0000000000
20452  -36.614  -57.292  -24.986 0.0000000000
11022  -35.571  -67.745  -16.443 0.0000000000
11800  -37.113  -66.583  -15.828 0.0000000000
17364  -37.896  -61.042  -16.712 0.0000000000
16371  -36.923  -61.946  -16.583 0.0000000000
19347  -36.369  -58.714  -17.189 0.0000000000
20336  -35.287  -57.268  -17.853 0.0000000000
20337  -36.340  -57.262  -17.851 0.0000000000
19369  -44.188  -58.773  -18.672 0.0000000000
18407  -41.638  -59.265  -18.285 0.0000000000
20343  -42.517  -57.740  -18.534 0.0000000000
25481  -41.228  -52.456  -17.254 0.0000000000
23333  -40.429  -54.316  -17.639 0.0000000000
26660  -39.724  -51.628  -17.570 0.0000000000
25497  -38.344  -52.163  -17.885 0.0000000000
13550  -39.094  -64.560  -20.788 0.0000000000
13552  -40.824  -65.037  -21.024 0.0000000000
14498  -40.962  -63.620  -21.375 0.0000000000
12732  -40.766  -65.505  -23.056 0.0000000000
19479  -47.691  -58.884  -25.555 0.0000000000
19515  -44.075  -58.361  -27.581 0.0000000000
17595  -43.705  -61.752  -29.160 0.0000000000
18403  -33.544  -59.347  -18.928 0.0000000000
17423  -33.661  -59.924  -19.925 0.0000000000
20379  -33.357  -57.339  -21.086 0.0000000000
21357  -33.916  -56.407  -22.294 0.0000000000
22365  -35.056  -55.242  -22.968 0.0000000000
13456  -38.232  -65.245  -15.767 0.0000000000
15377  -39.481  -62.511  -16.656 0.0000000000
17378  -39.491  -60.405  -17.453 0.0000000000
21301  -44.670  -56.266  -17.686 0.0000000000
21299  -42.632  -56.154  -17.894 0.0000000000
23336  -43.813  -54.417  -17.259 0.0000000000
24390  -42.646  -53.056  -17.051 0.0000000000
26663  -42.602  -51.489  -17.180 0.0000000000
16453  -39.709  -61.288  -22.861 0.0000000000
15473  -42.325  -62.430  -22.655 0.0000000000
16467  -41.824  -62.009  -23.367 0.0000000000
14526  -40.037  -63.764  -23.747 0.0000000000
13597  -36.592  -64.599  -23.738 0.0000000000
14542  -36.573  -63.187  -24.221 0.0000000000
15504  -35.983  -62.277  -24.736 0.0000000000
16509  -36.046  -61.665  -25.704 0.0000000000
11063  -35.063  -68.269  -19.205 0.0000000000
10278  -37.322  -67.577  -20.378 0.0000000000
13548  -36.923  -64.470  -20.606 0.0000000000
15443  -37.871  -62.514  -21.056 0.0000000000
17425  -35.132  -60.834  -20.922 0.0000000000
16440  -36.154  -61.185  -21.338 0.0000000000
17443  -38.006  -60.890  -22.201 0.0000000000
17457  -38.657  -60.863  -23.013 0.0000000000
17493  -38.350  -60.141  -24.906 0.0000000000
18531  -39.009  -59.137  -26.271 0.0000000000
10248  -34.953  -68.749  -18.122 0.0000000000
11821  -34.867  -66.346  -17.935 0.0000000000
14431  -34.920  -63.438  -17.596 0.0000000000
13478  -37.176  -64.679  -16.090 0.0000000000
15373  -35.694  -62.693  -16.830 0.0000000000
17373  -34.499  -60.643  -17.674 0.0000000000
19362  -34.042  -58.706  -18.215 0.0000000000
22309  -34.659  -55.068  -18.703 0.0000000000
24403  -34.972  -53.365  -18.819 0.0000000000
17381  -42.469  -60.951  -17.912 0.0000000000
18394  -40.277  -59.648  -18.036 0.0000000000
19363  -38.706  -58.346  -17.828 0.0000000000
22315  -40.426  -55.869  -18.083 0.0000000000
22314  -39.286  -55.560  -18.062 0.0000000000
21315  -37.856  -56.673  -18.219 0.0000000000
24405  -37.228  -53.597  -17.944 0.0000000000
25495  -36.532  -52.382  -18.205 0.0000000000
11855  -39.664  -66.506  -20.583 0.0000000000
12677  -41.982  -65.963  -21.155 0.0000000000
14529  -43.181  -63.924  -23.187 0.0000000000
12734  -42.519  -65.474  -23.101 0.0000000000
21443  -38.341  -56.611  -25.466 0.0000000000
21464  -40.041  -57.113  -26.263 0.0000000000
19512  -40.516  -58.645  -27.253 0.0000000000
20518  -43.060  -57.998  -27.212 0.0000000000
17551  -40.855  -60.851  -27.638 0.0000000000
15563  -41.163  -62.177  -28.000 0.0000000000
14592  -39.436  -63.253  -27.767 0.0000000000
25505  -34.733  -52.310  -19.820 0.0000000000
9465  -37.774  -69.746  -19.912 0.0000000000
17514  -40.023  -60.721  -26.293 0.0000000000
16511  -40.598  -61.439  -25.920 0.0000000000
14563  -40.798  -62.891  -25.742 0.0000000000
16537  -40.876  -61.496  -27.241 0.0000000000
14451  -34.477  -63.408  -18.617 0.0000000000
14466  -34.605  -63.428  -19.203 0.0000000000
16415  -34.216  -61.738  -19.506 0.0000000000
19412  -35.371  -58.362  -23.338 0.0000000000
20424  -35.509  -57.598  -23.844 0.0000000000
19455  -35.934  -57.902  -24.211 0.0000000000
21416  -36.111  -56.798  -24.397 0.0000000000
10207  -37.790  -68.966  -14.713 0.0000000000
10999  -37.244  -67.814  -15.210 0.0000000000
11023  -36.340  -67.960  -15.736 0.0000000000
18391  -37.902  -59.571  -17.179 0.0000000000
17376  -37.462  -60.413  -16.814 0.0000000000
19348  -37.371  -58.736  -17.305 0.0000000000
20319  -36.857  -58.026  -17.642 0.0000000000
20345  -44.502  -57.834  -18.379 0.0000000000
19371  -46.438  -58.637  -18.594 0.0000000000
19370  -45.313  -58.691  -18.628 0.0000000000
20344  -43.511  -57.884  -18.455 0.0000000000
19368  -43.102  -58.675  -18.585 0.0000000000
26661  -40.695  -51.611  -17.384 0.0000000000
25480  -40.223  -52.525  -17.352 0.0000000000
27905  -39.266  -50.775  -17.756 0.0000000000
29196  -40.602  -49.933  -17.649 0.0000000000
14497  -39.968  -63.052  -21.367 0.0000000000
14480  -39.895  -63.923  -21.119 0.0000000000
19517  -45.931  -59.097  -27.393 0.0000000000
17572  -44.088  -60.894  -28.828 0.0000000000
17573  -44.834  -60.565  -28.798 0.0000000000
20355  -33.453  -57.544  -19.239 0.0000000000
19381  -33.426  -58.591  -19.679 0.0000000000
20367  -33.173  -57.464  -20.132 0.0000000000
23373  -34.179  -54.382  -21.869 0.0000000000
22349  -33.814  -55.584  -21.799 0.0000000000
22364  -34.365  -55.532  -22.556 0.0000000000
23398  -34.671  -54.895  -22.532 0.0000000000
16395  -39.221  -61.413  -16.997 0.0000000000
16396  -40.132  -61.297  -17.321 0.0000000000
21302  -45.523  -56.375  -17.676 0.0000000000
22297  -45.046  -55.569  -17.366 0.0000000000
22296  -44.192  -55.423  -17.525 0.0000000000
23337  -44.795  -54.695  -17.120 0.0000000000
11081  -41.700  -67.429  -21.156 0.0000000000
16466  -40.832  -61.554  -23.597 0.0000000000
14546  -40.503  -63.184  -24.575 0.0000000000
14525  -38.922  -63.928  -23.801 0.0000000000
14524  -37.948  -63.826  -23.709 0.0000000000
14522  -36.215  -64.004  -23.982 0.0000000000
15524  -38.034  -62.693  -25.515 0.0000000000
15505  -37.123  -62.631  -24.815 0.0000000000
15522  -36.051  -61.830  -25.356 0.0000000000
15523  -36.749  -61.933  -25.670 0.0000000000
11064  -35.562  -67.311  -19.754 0.0000000000
14478  -37.473  -63.530  -20.820 0.0000000000
15442  -36.870  -62.762  -20.832 0.0000000000
18443  -34.060  -59.439  -20.898 0.0000000000
17424  -34.320  -60.552  -20.336 0.0000000000
17440  -34.568  -59.891  -21.064 0.0000000000
17442  -36.771  -60.744  -22.040 0.0000000000
16441  -37.498  -61.519  -21.410 0.0000000000
17444  -38.645  -60.993  -22.370 0.0000000000
18516  -37.507  -59.022  -25.368 0.0000000000
18502  -37.730  -59.560  -25.044 0.0000000000
18517  -38.303  -59.348  -25.741 0.0000000000
17512  -38.849  -60.010  -25.644 0.0000000000
19493  -38.640  -58.532  -26.213 0.0000000000
11798  -35.582  -66.583  -16.947 0.0000000000
11039  -35.100  -67.656  -17.567 0.0000000000
12637  -34.900  -65.126  -17.858 0.0000000000
13476  -35.316  -64.218  -17.266 0.0000000000
13479  -38.402  -64.586  -15.843 0.0000000000
13455  -37.779  -65.182  -15.760 0.0000000000
14410  -37.833  -63.584  -16.128 0.0000000000
17375  -36.336  -60.687  -16.647 0.0000000000
15374  -36.457  -62.713  -16.623 0.0000000000
16393  -35.671  -61.171  -16.955 0.0000000000
16392  -35.026  -61.641  -17.240 0.0000000000
18388  -34.790  -59.512  -17.607 0.0000000000
21312  -34.374  -56.364  -18.536 0.0000000000
23345  -34.550  -54.128  -19.062 0.0000000000
23346  -35.222  -54.292  -18.477 0.0000000000
19366  -41.060  -58.437  -18.479 0.0000000000
19365  -40.145  -58.353  -18.370 0.0000000000
18405  -39.968  -58.846  -18.129 0.0000000000
20340  -39.556  -57.541  -18.236 0.0000000000
22294  -42.019  -55.299  -17.718 0.0000000000
21298  -41.989  -56.075  -17.924 0.0000000000
22293  -40.960  -55.141  -17.816 0.0000000000
24386  -38.912  -53.618  -17.707 0.0000000000
23332  -39.447  -54.480  -17.765 0.0000000000
23350  -38.941  -54.869  -17.859 0.0000000000
22313  -38.194  -55.821  -18.132 0.0000000000
23349  -38.399  -55.025  -17.872 0.0000000000
23348  -37.403  -55.005  -17.984 0.0000000000
23330  -37.964  -54.365  -17.825 0.0000000000
26687  -37.964  -51.415  -17.967 0.0000000000
25496  -37.542  -52.310  -17.963 0.0000000000
26686  -37.046  -51.374  -18.131 0.0000000000
26685  -36.249  -51.397  -18.764 0.0000000000
11077  -37.961  -67.065  -20.525 0.0000000000
11078  -38.941  -67.329  -20.402 0.0000000000
11854  -38.664  -66.341  -20.542 0.0000000000
13570  -41.540  -64.612  -21.287 0.0000000000
12676  -41.318  -65.671  -20.882 0.0000000000
12696  -42.699  -65.636  -21.440 0.0000000000
11875  -42.920  -66.588  -21.677 0.0000000000
13573  -43.266  -65.263  -22.001 0.0000000000
15487  -42.557  -62.790  -23.458 0.0000000000
15474  -43.101  -63.034  -22.722 0.0000000000
14528  -42.591  -63.730  -23.431 0.0000000000
11914  -39.985  -66.346  -23.304 0.0000000000
12733  -41.689  -65.621  -23.058 0.0000000000
21418  -38.099  -56.116  -24.809 0.0000000000
21419  -39.133  -56.042  -24.729 0.0000000000
21465  -41.014  -57.035  -26.244 0.0000000000
20498  -40.516  -57.795  -26.867 0.0000000000
20499  -41.544  -57.518  -26.764 0.0000000000
18551  -43.474  -59.291  -28.334 0.0000000000
19514  -42.715  -58.684  -27.842 0.0000000000
19513  -41.494  -58.814  -27.742 0.0000000000
16562  -41.053  -61.393  -28.006 0.0000000000
16563  -41.482  -61.627  -28.559 0.0000000000
14609  -41.904  -63.071  -28.884 0.0000000000
14593  -40.529  -63.386  -27.754 0.0000000000
23356  -33.591  -54.854  -20.076 0.0000000000
22334  -33.295  -55.577  -20.305 0.0000000000
23361  -33.914  -54.065  -20.667 0.0000000000
24421  -34.423  -53.258  -21.094 0.0000000000
24422  -35.082  -53.220  -21.699 0.0000000000
23315  -45.042  -54.121  -16.791 0.0000000000
24366  -45.241  -53.452  -16.458 0.0000000000
10280  -39.226  -68.528  -20.281 0.0000000000
16484  -39.932  -61.028  -24.924 0.0000000000
16486  -41.440  -61.877  -24.297 0.0000000000
16512  -41.198  -61.839  -25.084 0.0000000000
14564  -41.264  -62.566  -25.221 0.0000000000
14544  -38.491  -63.377  -24.275 0.0000000000
14562  -39.816  -63.270  -25.446 0.0000000000
15526  -39.622  -63.164  -26.018 0.0000000000
11841  -34.740  -65.429  -19.210 0.0000000000
12660  -34.828  -64.941  -19.526 0.0000000000
14467  -34.887  -63.615  -19.752 0.0000000000
15434  -35.142  -63.075  -20.112 0.0000000000
19402  -34.099  -58.331  -21.881 0.0000000000
18452  -34.542  -59.341  -21.576 0.0000000000
19411  -34.789  -58.334  -22.735 0.0000000000
18462  -35.415  -59.153  -22.776 0.0000000000
18463  -35.935  -59.349  -23.290 0.0000000000
17471  -37.009  -59.873  -23.757 0.0000000000
19431  -36.193  -58.643  -24.206 0.0000000000
19457  -36.687  -58.673  -24.736 0.0000000000
20477  -37.458  -57.387  -25.468 0.0000000000
11799  -36.362  -66.749  -16.040 0.0000000000
12615  -36.275  -65.616  -16.419 0.0000000000
16372  -37.852  -61.821  -16.537 0.0000000000
15375  -37.386  -62.723  -16.482 0.0000000000
17363  -37.187  -61.217  -16.657 0.0000000000
18389  -35.818  -59.602  -17.067 0.0000000000
19346  -35.423  -58.717  -17.429 0.0000000000
20318  -35.889  -57.986  -17.571 0.0000000000
21313  -35.768  -56.365  -17.970 0.0000000000
18410  -45.050  -59.925  -18.811 0.0000000000
18409  -43.762  -59.691  -18.572 0.0000000000
18408  -42.661  -59.458  -18.381 0.0000000000
19367  -42.063  -58.534  -18.565 0.0000000000
20342  -41.501  -57.627  -18.491 0.0000000000
24389  -41.815  -53.284  -17.230 0.0000000000
24388  -40.823  -53.396  -17.394 0.0000000000
24387  -39.828  -53.489  -17.559 0.0000000000
25479  -39.150  -52.564  -17.649 0.0000000000
25478  -38.221  -53.002  -17.804 0.0000000000
26659  -38.819  -51.540  -17.815 0.0000000000
27904  -38.435  -50.722  -17.899 0.0000000000
29194  -38.747  -50.050  -17.818 0.0000000000
12674  -39.382  -65.535  -20.629 0.0000000000
13551  -40.120  -64.753  -20.898 0.0000000000
13569  -40.785  -64.436  -21.148 0.0000000000
14499  -42.165  -63.689  -21.682 0.0000000000
13602  -41.820  -64.582  -23.084 0.0000000000
19478  -46.784  -58.945  -25.636 0.0000000000
19497  -44.934  -58.060  -26.468 0.0000000000
19498  -46.052  -58.807  -26.607 0.0000000000
19535  -44.588  -59.017  -28.058 0.0000000000
18567  -43.359  -60.263  -28.832 0.0000000000
17570  -42.164  -61.126  -28.915 0.0000000000
14610  -42.515  -62.904  -29.133 0.0000000000
14608  -41.204  -63.611  -28.707 0.0000000000
17388  -33.767  -60.209  -18.814 0.0000000000
17405  -33.918  -60.875  -19.177 0.0000000000
18426  -33.503  -59.492  -19.627 0.0000000000
18442  -33.662  -59.430  -20.226 0.0000000000
19391  -33.531  -58.463  -20.866 0.0000000000
21342  -33.253  -56.462  -20.600 0.0000000000
21356  -33.454  -56.448  -21.498 0.0000000000
20380  -33.665  -57.302  -21.897 0.0000000000
20399  -34.365  -57.308  -22.768 0.0000000000
21391  -34.762  -56.688  -23.259 0.0000000000
22391  -35.640  -55.762  -23.436 0.0000000000
11774  -37.840  -66.583  -15.505 0.0000000000
14411  -38.929  -63.489  -16.152 0.0000000000
14412  -39.971  -63.507  -16.426 0.0000000000
16373  -38.696  -61.926  -16.589 0.0000000000
17377  -38.485  -60.507  -17.007 0.0000000000
19349  -38.297  -58.726  -17.538 0.0000000000
21323  -45.093  -56.785  -17.853 0.0000000000
21322  -44.567  -56.993  -18.013 0.0000000000
21320  -43.015  -57.039  -18.177 0.0000000000
21300  -43.714  -56.344  -17.884 0.0000000000
22295  -43.159  -55.292  -17.616 0.0000000000
23335  -42.640  -54.115  -17.337 0.0000000000
24392  -44.500  -53.821  -16.881 0.0000000000
25482  -42.167  -52.355  -17.145 0.0000000000
26662  -41.655  -51.552  -17.235 0.0000000000
27908  -42.095  -50.691  -17.332 0.0000000000
16443  -39.838  -61.813  -22.127 0.0000000000
15459  -40.821  -62.543  -21.877 0.0000000000
16454  -40.912  -61.835  -22.562 0.0000000000
14527  -41.462  -63.430  -23.767 0.0000000000
12728  -36.881  -65.285  -23.678 0.0000000000
14543  -37.589  -63.162  -24.246 0.0000000000
15503  -35.003  -62.578  -24.604 0.0000000000
16482  -34.667  -61.935  -24.939 0.0000000000
16508  -35.382  -61.618  -25.432 0.0000000000
10261  -35.732  -68.748  -19.403 0.0000000000
10262  -36.931  -68.481  -20.117 0.0000000000
11065  -36.602  -67.415  -20.246 0.0000000000
11076  -37.082  -66.869  -20.486 0.0000000000
11853  -37.680  -66.191  -20.561 0.0000000000
12671  -36.368  -65.314  -20.549 0.0000000000
12672  -37.335  -65.324  -20.542 0.0000000000
13549  -37.984  -64.452  -20.788 0.0000000000
14479  -38.806  -63.369  -20.984 0.0000000000
15444  -38.725  -62.511  -21.294 0.0000000000
16424  -34.647  -61.820  -20.149 0.0000000000
17441  -35.375  -60.273  -21.548 0.0000000000
16439  -35.514  -60.954  -21.116 0.0000000000
16427  -37.182  -62.182  -21.059 0.0000000000
15456  -38.429  -61.986  -21.465 0.0000000000
15457  -39.173  -62.116  -21.679 0.0000000000
16442  -38.820  -61.405  -22.015 0.0000000000
16452  -38.997  -61.076  -22.517 0.0000000000
17458  -39.333  -61.089  -23.476 0.0000000000
17472  -37.960  -60.468  -23.891 0.0000000000
17473  -39.051  -60.795  -24.185 0.0000000000
17494  -39.235  -60.528  -25.243 0.0000000000
17513  -39.473  -60.254  -26.101 0.0000000000
17531  -39.924  -60.283  -26.650 0.0000000000
9462  -34.936  -69.460  -19.079 0.0000000000
11052  -34.705  -68.466  -19.070 0.0000000000
11053  -34.712  -67.739  -18.746 0.0000000000
11820  -34.682  -65.612  -18.425 0.0000000000
13502  -34.563  -64.156  -18.498 0.0000000000
15399  -34.549  -62.578  -18.021 0.0000000000
12591  -37.960  -65.670  -15.685 0.0000000000
12616  -37.198  -65.850  -15.865 0.0000000000
13477  -36.110  -64.494  -16.621 0.0000000000
14409  -36.829  -63.616  -16.492 0.0000000000
14408  -35.933  -63.504  -16.751 0.0000000000
14407  -35.401  -63.302  -17.143 0.0000000000
16391  -34.334  -61.488  -17.914 0.0000000000
18404  -34.059  -59.872  -18.245 0.0000000000
19361  -33.495  -58.356  -18.846 0.0000000000
21311  -33.741  -56.955  -18.934 0.0000000000
20335  -34.499  -57.739  -18.042 0.0000000000
21331  -33.904  -55.976  -19.076 0.0000000000
22325  -33.939  -55.260  -19.248 0.0000000000
24411  -34.546  -53.306  -19.407 0.0000000000
17391  -42.174  -60.106  -18.029 0.0000000000
17390  -41.309  -59.913  -18.063 0.0000000000
17379  -40.531  -60.268  -17.841 0.0000000000
18393  -39.751  -59.405  -17.904 0.0000000000
19350  -38.980  -58.889  -17.812 0.0000000000
20321  -38.324  -58.186  -17.803 0.0000000000
21319  -41.986  -56.765  -18.234 0.0000000000
21318  -40.944  -56.744  -18.319 0.0000000000
22292  -40.110  -55.064  -17.935 0.0000000000
21317  -39.925  -56.660  -18.272 0.0000000000
21316  -38.875  -56.654  -18.347 0.0000000000
20339  -38.483  -57.655  -18.058 0.0000000000
20338  -37.369  -57.382  -17.984 0.0000000000
21314  -36.889  -56.529  -17.969 0.0000000000
22311  -36.516  -55.633  -18.158 0.0000000000
23347  -36.257  -54.548  -18.170 0.0000000000
24404  -35.924  -53.413  -18.344 0.0000000000
25494  -35.569  -52.381  -18.766 0.0000000000
26684  -35.640  -51.647  -19.199 0.0000000000
10279  -38.114  -68.007  -20.360 0.0000000000
11079  -39.967  -67.512  -20.535 0.0000000000
12675  -40.329  -65.692  -20.812 0.0000000000
11856  -40.638  -66.598  -20.715 0.0000000000
11857  -41.500  -66.636  -20.938 0.0000000000
11082  -42.297  -67.144  -21.474 0.0000000000
15460  -41.799  -62.874  -21.988 0.0000000000
15461  -42.597  -63.069  -22.195 0.0000000000
14513  -43.461  -63.909  -22.722 0.0000000000
12714  -42.568  -64.906  -23.131 0.0000000000
13604  -43.033  -64.535  -23.000 0.0000000000
25520  -35.441  -52.121  -21.243 0.0000000000
23400  -36.288  -54.277  -22.723 0.0000000000
22366  -35.890  -55.008  -23.109 0.0000000000
22392  -36.417  -55.491  -23.627 0.0000000000
21394  -36.725  -55.818  -24.037 0.0000000000
21417  -37.059  -56.304  -24.540 0.0000000000
21442  -37.530  -56.525  -25.274 0.0000000000
21420  -40.067  -56.169  -24.913 0.0000000000
21444  -39.413  -56.598  -25.743 0.0000000000
20478  -38.628  -57.520  -26.103 0.0000000000
20497  -39.509  -57.792  -26.546 0.0000000000
19511  -39.855  -58.870  -27.020 0.0000000000
18548  -40.137  -59.226  -27.211 0.0000000000
20501  -43.816  -57.703  -26.561 0.0000000000
20500  -42.590  -57.386  -26.649 0.0000000000
20517  -42.066  -57.934  -27.447 0.0000000000
18549  -40.668  -59.845  -27.578 0.0000000000
14580  -40.722  -63.014  -26.952 0.0000000000
14579  -39.914  -63.214  -26.603 0.0000000000
14578  -39.478  -63.145  -26.989 0.0000000000
15544  -38.956  -62.903  -26.654 0.0000000000
15543  -37.527  -62.218  -26.826 0.0000000000
9412  -37.766  -69.919  -14.571 0.0000000000
9451  -34.766  -69.228  -18.990 0.0000000000
9463  -35.472  -69.776  -19.224 0.0000000000
10247  -34.661  -68.832  -18.837 0.0000000000
10260  -34.905  -68.982  -19.219 0.0000000000
10264  -38.921  -69.139  -20.124 0.0000000000
10283  -41.686  -67.976  -21.257 0.0000000000
11098  -42.006  -67.670  -21.452 0.0000000000
11773  -36.993  -67.140  -15.709 0.0000000000
11834  -34.539  -65.407  -18.829 0.0000000000
11858  -42.216  -66.570  -21.284 0.0000000000
12636  -34.623  -64.893  -18.427 0.0000000000
12651  -34.578  -64.736  -18.984 0.0000000000
12695  -42.050  -65.286  -21.243 0.0000000000
12697  -43.311  -65.744  -21.955 0.0000000000
12698  -43.535  -65.554  -22.251 0.0000000000
12713  -42.236  -65.046  -23.023 0.0000000000
12716  -43.557  -65.528  -22.669 0.0000000000
13503  -34.750  -64.245  -17.927 0.0000000000
13535  -34.705  -64.202  -19.378 0.0000000000
13536  -35.046  -64.381  -19.827 0.0000000000
13571  -42.525  -64.590  -21.563 0.0000000000
13583  -42.408  -64.735  -23.150 0.0000000000
13584  -42.625  -64.695  -23.242 0.0000000000
13585  -43.510  -64.599  -22.528 0.0000000000
13586  -43.517  -65.127  -22.330 0.0000000000
13596  -35.917  -64.693  -23.956 0.0000000000
13603  -42.693  -64.464  -23.211 0.0000000000
13605  -43.413  -65.190  -22.764 0.0000000000
14430  -34.610  -63.578  -18.109 0.0000000000
14481  -40.445  -64.177  -21.133 0.0000000000
14496  -39.315  -62.678  -21.414 0.0000000000
14500  -43.102  -63.766  -22.154 0.0000000000
14501  -43.438  -64.201  -22.305 0.0000000000
14512  -43.411  -63.452  -22.578 0.0000000000
14521  -35.714  -64.200  -24.050 0.0000000000
14523  -37.051  -63.886  -23.907 0.0000000000
14541  -35.472  -63.544  -24.287 0.0000000000
14547  -41.276  -62.743  -24.702 0.0000000000
14560  -38.161  -62.946  -24.699 0.0000000000
15400  -35.163  -62.645  -17.302 0.0000000000
15421  -34.261  -62.634  -18.950 0.0000000000
15440  -34.996  -62.443  -20.363 0.0000000000
15472  -41.576  -62.273  -22.333 0.0000000000
15475  -43.405  -63.398  -22.865 0.0000000000
15488  -43.153  -63.346  -23.193 0.0000000000
15489  -43.453  -63.599  -23.064 0.0000000000
15506  -37.737  -62.807  -24.774 0.0000000000
15525  -39.163  -62.969  -25.794 0.0000000000
15542  -36.758  -61.750  -26.465 0.0000000000
15545  -39.444  -63.081  -26.255 0.0000000000
15562  -38.425  -62.708  -27.607 0.0000000000
15582  -42.886  -62.584  -29.238 0.0000000000
16369  -35.469  -62.200  -17.031 0.0000000000
16370  -36.030  -61.808  -16.826 0.0000000000
16394  -38.459  -61.303  -16.646 0.0000000000
16444  -40.390  -62.113  -22.059 0.0000000000
16455  -41.714  -62.092  -22.724 0.0000000000
16483  -35.262  -62.073  -24.895 0.0000000000
16485  -40.783  -61.365  -24.636 0.0000000000
16587  -42.017  -61.920  -28.902 0.0000000000
16589  -44.215  -61.323  -29.119 0.0000000000
16590  -44.429  -61.023  -29.016 0.0000000000
16605  -43.383  -62.078  -29.212 0.0000000000
17362  -36.621  -61.413  -16.639 0.0000000000
17380  -41.635  -60.708  -17.826 0.0000000000
17389  -34.081  -60.798  -18.410 0.0000000000
17404  -33.535  -60.135  -19.466 0.0000000000
17470  -36.291  -59.645  -23.605 0.0000000000
17492  -37.604  -59.876  -24.449 0.0000000000
17552  -41.324  -60.773  -28.282 0.0000000000
17574  -45.282  -60.125  -28.645 0.0000000000
17596  -43.906  -61.476  -29.113 0.0000000000
18390  -36.884  -59.608  -17.028 0.0000000000
18392  -38.836  -59.558  -17.461 0.0000000000
18406  -40.567  -59.281  -18.244 0.0000000000
18453  -35.132  -59.487  -22.063 0.0000000000
18461  -34.747  -58.966  -22.236 0.0000000000
18477  -35.740  -58.885  -23.444 0.0000000000
18478  -36.111  -59.060  -23.876 0.0000000000
18479  -36.549  -59.388  -24.084 0.0000000000
18500  -36.482  -58.876  -24.360 0.0000000000
18518  -39.024  -59.670  -26.140 0.0000000000
18532  -39.661  -59.579  -26.803 0.0000000000
18533  -40.167  -60.099  -26.986 0.0000000000
18552  -44.143  -59.098  -28.148 0.0000000000
18566  -42.709  -60.617  -28.954 0.0000000000
19345  -34.738  -58.541  -17.782 0.0000000000
19364  -39.383  -58.411  -18.020 0.0000000000
19401  -33.555  -57.885  -21.471 0.0000000000
19456  -36.338  -58.178  -24.615 0.0000000000
19473  -36.678  -57.883  -25.054 0.0000000000
19474  -36.981  -58.335  -25.214 0.0000000000
19476  -45.221  -58.055  -25.786 0.0000000000
19494  -39.362  -58.635  -26.572 0.0000000000
19495  -39.924  -58.351  -26.877 0.0000000000
19496  -44.312  -57.966  -26.906 0.0000000000
19516  -45.229  -58.783  -27.531 0.0000000000
20317  -35.128  -58.040  -17.692 0.0000000000
20334  -33.849  -57.600  -18.580 0.0000000000
20400  -35.008  -57.749  -23.212 0.0000000000
20451  -35.984  -57.477  -24.430 0.0000000000
20453  -37.122  -56.861  -25.118 0.0000000000
20476  -36.895  -57.720  -25.241 0.0000000000
20479  -39.364  -57.202  -26.243 0.0000000000
20496  -39.004  -58.120  -26.402 0.0000000000
20502  -44.392  -57.730  -25.997 0.0000000000
20515  -40.696  -58.204  -27.116 0.0000000000
20516  -41.115  -58.094  -27.294 0.0000000000
21374  -34.420  -56.375  -22.852 0.0000000000
21392  -35.390  -56.627  -23.823 0.0000000000
21415  -35.711  -57.118  -24.173 0.0000000000
22312  -37.371  -55.941  -18.134 0.0000000000
22316  -41.368  -56.014  -17.947 0.0000000000
22324  -33.542  -55.495  -19.761 0.0000000000
22348  -33.377  -55.654  -21.121 0.0000000000
22390  -34.886  -56.012  -23.208 0.0000000000
22420  -39.124  -55.836  -24.260 0.0000000000
23331  -38.643  -54.363  -17.804 0.0000000000
23357  -34.013  -54.078  -19.734 0.0000000000
23372  -33.716  -55.128  -21.428 0.0000000000
23399  -35.222  -54.452  -22.563 0.0000000000
24402  -34.662  -53.581  -19.083 0.0000000000
24412  -34.952  -52.660  -19.210 0.0000000000
26702  -35.933  -51.084  -19.351 0.0000000000
27906  -40.183  -50.772  -17.568 0.0000000000
27931  -37.656  -50.458  -18.192 0.0000000000
29193  -38.199  -50.170  -17.948 0.0000000000
