#!ascii label  , from subject 198451 vox2ras=TkReg
937
71766  -18.906  -14.312  -38.628 0.4285714328
73193  -19.109  -12.953  -39.767 0.2857142985
73174  -18.795  -13.523  -39.243 0.4285714328
73194  -19.787  -13.307  -39.710 0.4285714328
74506  -20.520  -12.885  -39.911 0.4285714328
74505  -19.499  -12.458  -40.201 0.2857142985
74528  -20.941  -12.467  -40.012 0.4285714328
75829  -20.199  -11.705  -41.043 0.4285714328
75847  -20.763  -11.556  -41.472 0.4285714328
77237  -19.970  -10.166  -41.610 0.4285714328
77254  -20.982  -10.213  -42.248 0.4285714328
79879  -19.809  -8.754  -42.665 0.5714285970
78552  -20.441  -9.667  -42.318 0.5714285970
78553  -21.136  -9.897  -42.786 0.4285714328
78569  -22.365  -9.471  -43.130 0.2857142985
79895  -20.703  -8.596  -43.438 0.7142857313
79896  -21.549  -8.864  -43.664 0.7142857313
81219  -22.482  -8.063  -44.132 0.7142857313
81236  -22.895  -7.898  -44.722 0.4285714328
81218  -21.841  -8.063  -43.985 0.7142857313
79897  -22.546  -8.770  -43.776 0.5714285970
81254  -23.340  -7.561  -45.162 0.5714285970
81235  -22.083  -7.497  -44.424 0.5714285970
82581  -22.994  -7.344  -45.033 0.5714285970
82598  -23.303  -6.833  -45.299 0.5714285970
83979  -23.635  -6.408  -45.820 0.5714285970
82580  -22.548  -7.025  -44.791 0.5714285970
82599  -24.187  -6.730  -45.925 0.4285714328
83991  -24.080  -5.829  -46.108 0.5714285970
85382  -25.690  -5.123  -47.075 0.5714285970
83989  -22.108  -5.058  -46.080 0.7142857313
85381  -24.750  -4.823  -46.809 0.7142857313
85391  -25.100  -4.252  -47.163 0.7142857313
85392  -25.615  -4.510  -47.450 0.5714285970
83990  -22.960  -5.466  -46.221 0.5714285970
83976  -21.164  -5.289  -45.526 0.5714285970
86781  -23.522  -4.231  -46.818 0.8571428657
86802  -25.422  -3.873  -47.548 0.7142857313
86803  -26.477  -3.788  -47.618 0.5714285970
86780  -22.637  -4.024  -46.939 0.7142857313
85378  -21.974  -4.538  -46.597 0.5714285970
88107  -26.150  -2.771  -47.994 0.7142857313
86813  -26.935  -3.211  -48.123 0.5714285970
86801  -24.524  -3.806  -46.957 0.7142857313
88088  -25.177  -3.232  -47.680 0.7142857313
89394  -26.426  -2.066  -48.691 0.5714285970
88087  -24.211  -2.998  -47.606 0.7142857313
88105  -23.957  -2.168  -47.931 0.7142857313
89393  -25.677  -1.722  -48.235 0.7142857313
90781  -26.060  -0.647  -48.938 0.7142857313
89415  -26.244  -1.405  -48.601 0.7142857313
89392  -24.656  -1.491  -48.011 0.7142857313
90757  -25.311  -0.859  -48.218 0.7142857313
92116  -26.623  0.371  -49.088 0.7142857313
90756  -24.274  -0.713  -48.391 0.7142857313
88104  -23.029  -2.054  -48.218 0.5714285970
93476  -27.166  1.377  -49.243 0.5714285970
94839  -27.066  1.937  -49.078 0.5714285970
90779  -23.901  -0.142  -49.123 0.8571428657
94838  -26.584  2.067  -49.031 0.7142857313
93475  -26.041  1.399  -49.136 0.7142857313
92114  -24.405  0.665  -49.309 0.8571428657
92115  -25.492  0.524  -49.088 0.7142857313
96146  -25.477  3.776  -49.340 0.8571428657
94825  -26.339  2.878  -48.878 0.5714285970
94837  -25.519  2.580  -49.285 0.8571428657
94836  -24.470  2.428  -49.899 0.8571428657
93474  -24.902  1.548  -49.308 0.8571428657
97403  -25.381  4.566  -49.292 0.8571428657
98567  -25.467  5.378  -49.247 0.8571428657
99852  -25.153  6.674  -49.199 0.8571428657
98579  -24.110  5.341  -50.635 1.0000000000
98566  -24.646  5.863  -49.941 1.0000000000
96145  -24.634  3.403  -49.733 0.8571428657
99851  -24.596  6.642  -50.004 1.0000000000
97415  -23.915  4.418  -50.732 1.0000000000
101175  -24.515  7.454  -50.040 1.0000000000
102466  -23.553  8.303  -51.210 0.7142857313
99864  -24.040  6.592  -50.826 1.0000000000
101186  -23.849  7.658  -50.708 1.0000000000
106043  -23.781  11.849  -51.185 1.0000000000
106042  -23.736  11.218  -51.757 0.8571428657
108463  -24.326  13.750  -51.656 0.8571428657
112960  -25.292  17.444  -52.937 0.8571428657
109676  -24.109  15.560  -52.110 0.8571428657
108471  -24.200  14.671  -52.319 1.0000000000
115149  -25.645  19.164  -53.954 0.8571428657
114061  -25.350  18.350  -53.765 0.8571428657
115148  -25.165  18.995  -54.050 0.7142857313
112973  -24.048  17.720  -53.514 0.5714285970
115161  -24.940  19.552  -54.527 0.7142857313
116302  -25.406  20.682  -55.113 0.5714285970
115159  -23.381  19.686  -54.275 0.5714285970
114059  -23.658  18.750  -53.752 0.5714285970
115147  -22.933  19.471  -53.525 0.4285714328
117482  -24.076  21.645  -54.838 0.4285714328
117491  -24.327  21.696  -55.500 0.4285714328
116285  -22.748  20.935  -52.742 0.2857142985
117443  -22.952  21.814  -52.195 0.2857142985
117426  -23.294  21.586  -51.466 0.2857142985
88089  -25.819  -3.414  -47.721 0.5714285970
94824  -25.820  3.195  -49.059 0.8571428657
97390  -25.968  4.528  -48.758 0.8571428657
98556  -25.814  5.253  -48.721 0.8571428657
99853  -25.731  5.971  -48.837 0.8571428657
103696  -24.065  9.549  -50.533 0.8571428657
117428  -24.877  21.413  -50.843 0.1428571492
74504  -18.594  -12.270  -39.578 0.2857142985
75803  -18.867  -11.656  -40.004 0.2857142985
74526  -19.809  -12.096  -40.695 0.2857142985
75848  -21.549  -11.532  -41.769 0.4285714328
75828  -19.340  -11.414  -40.570 0.2857142985
78538  -20.056  -9.884  -41.900 0.4285714328
77255  -21.508  -10.783  -42.301 0.4285714328
78537  -19.437  -9.583  -41.665 0.5714285970
79880  -20.561  -9.073  -42.910 0.5714285970
81216  -20.133  -7.945  -43.610 0.2857142985
81217  -21.031  -7.710  -43.590 0.7142857313
82579  -21.322  -6.607  -44.804 0.5714285970
82618  -25.544  -6.151  -46.150 0.4285714328
82596  -21.784  -5.948  -45.249 0.7142857313
83977  -22.222  -5.740  -45.702 0.7142857313
82616  -24.305  -6.327  -46.139 0.7142857313
83992  -25.109  -5.684  -46.590 0.5714285970
83993  -25.937  -5.464  -46.661 0.4285714328
86782  -24.113  -4.449  -46.774 0.7142857313
83988  -21.548  -4.992  -46.322 0.5714285970
89416  -27.037  -1.503  -48.884 0.5714285970
88108  -27.365  -2.561  -48.677 0.5714285970
88106  -24.980  -2.390  -47.898 0.7142857313
90782  -27.234  -0.617  -49.253 0.5714285970
88086  -23.229  -2.755  -47.712 0.8571428657
90780  -24.915  -0.126  -48.733 0.7142857313
96133  -26.056  3.588  -48.885 0.5714285970
101176  -25.017  7.713  -49.322 1.0000000000
97425  -23.640  4.468  -51.169 1.0000000000
101185  -23.482  7.411  -51.381 0.8571428657
103711  -23.651  9.412  -51.361 0.7142857313
104879  -23.874  10.220  -50.983 1.0000000000
104864  -24.121  10.232  -50.162 1.0000000000
106025  -23.716  10.704  -51.296 0.7142857313
106026  -23.804  11.033  -50.760 1.0000000000
103710  -23.366  9.984  -51.879 0.7142857313
107263  -24.059  12.672  -51.299 0.8571428657
110797  -24.306  16.247  -52.345 0.8571428657
109667  -24.707  14.871  -51.383 1.0000000000
116300  -23.708  20.667  -54.753 0.7142857313
114060  -24.478  18.384  -53.803 0.5714285970
114071  -23.780  19.267  -54.305 0.7142857313
116301  -24.428  20.367  -55.195 0.7142857313
114058  -23.041  18.574  -53.074 0.4285714328
117458  -23.001  21.904  -53.294 0.2857142985
117474  -23.535  21.654  -54.220 0.4285714328
116313  -24.650  21.035  -55.618 0.4285714328
118624  -23.883  22.355  -55.148 0.4285714328
117459  -23.423  22.331  -52.517 0.2857142985
118615  -23.937  22.330  -54.389 0.4285714328
82563  -20.954  -7.128  -44.147 0.4285714328
82578  -20.505  -6.180  -44.625 0.4285714328
116294  -22.956  20.642  -53.816 0.4285714328
71767  -19.734  -14.315  -38.677 0.4285714328
73175  -20.160  -14.032  -39.191 0.4285714328
74483  -17.987  -12.346  -38.893 0.2857142985
73195  -20.695  -13.269  -39.165 0.4285714328
74527  -20.403  -12.459  -40.556 0.4285714328
77223  -19.754  -10.549  -41.145 0.2857142985
77224  -20.372  -11.088  -41.313 0.4285714328
77238  -20.709  -10.593  -41.731 0.4285714328
78551  -19.798  -9.392  -42.160 0.4285714328
79894  -20.084  -8.611  -43.316 0.2857142985
79881  -21.103  -9.183  -43.166 0.4285714328
81234  -21.424  -7.417  -44.213 0.5714285970
82597  -22.447  -6.229  -45.064 0.5714285970
83978  -23.106  -6.086  -45.691 0.5714285970
82617  -24.706  -6.285  -46.184 0.4285714328
85380  -23.692  -4.924  -46.548 0.7142857313
85383  -26.137  -5.305  -47.214 0.5714285970
85379  -22.801  -4.689  -46.504 0.7142857313
86800  -23.428  -3.480  -47.173 0.5714285970
90758  -25.815  -1.165  -48.515 0.7142857313
86799  -22.474  -3.312  -47.427 0.7142857313
89391  -23.667  -1.417  -48.333 0.8571428657
93473  -23.903  1.544  -50.012 0.8571428657
97402  -24.692  4.579  -49.878 1.0000000000
99863  -23.644  6.800  -51.369 1.0000000000
103725  -23.285  8.734  -51.668 0.8571428657
112975  -25.431  17.812  -53.159 0.8571428657
114073  -24.816  18.876  -54.058 0.7142857313
114072  -24.247  19.044  -54.250 0.5714285970
115160  -23.947  19.608  -54.843 0.5714285970
115146  -22.988  19.393  -52.623 0.4285714328
116276  -22.710  20.984  -51.756 0.2857142985
116293  -22.767  20.095  -53.012 0.2857142985
117444  -23.946  22.013  -51.916 0.2857142985
117445  -24.819  21.863  -51.550 0.1428571492
116312  -24.174  21.090  -55.287 0.5714285970
120799  -24.378  24.130  -56.811 0.2857142985
120800  -25.675  24.457  -56.694 0.1428571492
120798  -23.664  23.889  -56.633 0.2857142985
120809  -25.293  24.176  -57.620 0.2857142985
120785  -24.810  24.563  -55.626 0.1428571492
120801  -26.539  24.904  -56.449 0.1428571492
119719  -23.854  22.989  -54.004 0.1428571492
119734  -23.727  23.323  -55.397 0.2857142985
120774  -24.486  24.208  -54.948 0.1428571492
119752  -24.257  23.578  -57.707 0.2857142985
119746  -23.813  23.444  -57.014 0.2857142985
118648  -27.928  22.688  -57.561 0.2857142985
118647  -26.456  22.926  -57.379 0.2857142985
120786  -26.049  24.486  -55.815 0.1428571492
118625  -24.265  22.512  -56.077 0.2857142985
118627  -26.143  22.079  -56.052 0.2857142985
118636  -24.455  22.771  -57.096 0.2857142985
119745  -23.884  23.392  -56.339 0.2857142985
116316  -28.398  20.773  -55.459 0.1428571492
118637  -25.714  22.538  -56.792 0.2857142985
118626  -25.094  22.047  -56.345 0.2857142985
118635  -24.029  23.026  -56.678 0.2857142985
114080  -29.666  18.778  -55.431 0.1428571492
116317  -28.996  20.271  -55.663 0.1428571492
117503  -27.837  21.940  -56.393 0.4285714328
117493  -25.582  21.575  -55.569 0.2857142985
112963  -27.790  17.853  -52.052 0.2857142985
115163  -26.929  20.042  -54.155 0.4285714328
117483  -26.192  21.224  -55.108 0.2857142985
111853  -28.246  16.798  -51.168 0.1428571492
115152  -28.209  19.321  -53.614 0.2857142985
116303  -26.477  20.638  -54.722 0.4285714328
114047  -26.435  18.352  -52.666 0.5714285970
115162  -25.979  19.895  -54.395 0.7142857313
109656  -26.430  15.123  -49.990 0.1428571492
111852  -27.185  16.877  -51.381 0.1428571492
115150  -26.489  19.372  -53.745 0.7142857313
111863  -26.369  17.187  -51.887 0.4285714328
109639  -26.636  14.285  -49.380 0.2857142985
109638  -25.756  13.900  -49.579 0.7142857313
112961  -25.903  17.522  -52.602 0.7142857313
109654  -24.906  14.027  -50.807 0.8571428657
110774  -25.989  15.509  -50.491 0.8571428657
111850  -25.667  16.376  -51.959 0.5714285970
108420  -26.765  12.912  -48.457 0.2857142985
109630  -26.907  13.597  -48.730 0.2857142985
111851  -26.248  16.631  -51.616 0.7142857313
109675  -23.508  15.233  -52.803 0.5714285970
110787  -25.042  15.840  -51.873 0.8571428657
107216  -27.482  12.284  -47.983 0.1428571492
108434  -25.369  13.117  -49.406 0.7142857313
105992  -27.278  11.297  -47.449 0.1428571492
96153  -21.297  4.121  -50.883 0.5714285970
99874  -23.667  5.711  -51.193 0.8571428657
99873  -23.141  6.473  -51.553 0.8571428657
98588  -22.481  5.476  -51.725 0.4285714328
104865  -24.560  10.216  -49.340 0.8571428657
107249  -24.453  11.949  -50.489 0.8571428657
104844  -26.667  10.449  -47.338 0.2857142985
107232  -24.742  11.729  -49.551 0.8571428657
108433  -24.826  12.430  -49.688 0.8571428657
104821  -27.880  10.297  -47.149 0.4285714328
105990  -25.644  11.067  -48.443 0.7142857313
96143  -20.780  3.542  -50.159 0.2857142985
97424  -23.324  4.457  -51.482 0.5714285970
96163  -22.488  4.109  -51.956 0.5714285970
103697  -24.318  9.248  -49.624 0.8571428657
106009  -24.395  11.059  -49.873 0.8571428657
103682  -26.397  9.317  -47.586 0.4285714328
103680  -24.651  9.306  -48.922 0.8571428657
106010  -25.010  11.059  -49.120 0.8571428657
103657  -27.254  9.776  -47.121 0.4285714328
89413  -21.642  -1.091  -49.127 0.7142857313
92095  -20.681  0.379  -48.585 0.4285714328
89389  -22.059  -1.267  -48.781 0.7142857313
92112  -22.521  0.420  -49.913 0.8571428657
93471  -22.082  1.256  -50.077 0.5714285970
94835  -21.352  2.622  -50.084 0.5714285970
94834  -20.557  2.418  -49.392 0.4285714328
93472  -22.912  1.282  -50.251 0.8571428657
93483  -21.789  2.021  -50.293 0.5714285970
96144  -21.467  3.312  -50.670 0.5714285970
94850  -23.874  3.154  -50.139 0.8571428657
96156  -23.591  3.677  -50.776 0.7142857313
96155  -22.967  3.445  -51.147 0.5714285970
99842  -26.057  6.693  -48.677 0.7142857313
99841  -25.565  6.962  -48.852 0.7142857313
102434  -24.991  8.536  -48.875 0.8571428657
101135  -27.745  7.333  -47.193 0.2857142985
101160  -26.979  7.645  -47.576 0.4285714328
102436  -26.518  8.274  -47.612 0.5714285970
88084  -21.485  -2.178  -48.043 0.4285714328
90739  -20.588  -0.540  -48.021 0.4285714328
90778  -22.935  -0.132  -49.314 0.7142857313
92113  -23.411  0.607  -49.667 0.7142857313
93486  -23.743  2.448  -50.276 0.8571428657
98557  -26.350  5.577  -48.534 0.7142857313
99818  -27.654  6.477  -47.294 0.2857142985
99843  -26.874  6.495  -47.668 0.5714285970
86779  -21.709  -3.828  -47.010 0.4285714328
86778  -20.599  -3.360  -46.738 0.5714285970
88103  -22.235  -1.854  -48.367 0.5714285970
88102  -21.818  -1.637  -48.424 0.5714285970
96134  -26.797  3.612  -48.615 0.4285714328
97391  -26.926  4.590  -48.172 0.4285714328
98539  -27.761  5.665  -47.429 0.4285714328
98558  -27.200  5.450  -48.040 0.4285714328
83955  -20.702  -5.896  -44.955 0.5714285970
86814  -27.495  -3.730  -48.437 0.4285714328
88117  -27.751  -1.845  -48.886 0.4285714328
93464  -28.246  1.589  -48.768 0.4285714328
94827  -28.502  2.356  -48.235 0.4285714328
94826  -27.406  2.354  -48.810 0.4285714328
77256  -22.491  -10.929  -42.282 0.1428571492
92117  -27.641  0.264  -49.291 0.4285714328
92097  -28.031  0.971  -49.120 0.4285714328
79898  -23.444  -8.943  -43.824 0.1428571492
81256  -24.791  -7.326  -45.551 0.2857142985
86805  -28.557  -3.432  -48.011 0.2857142985
88119  -29.447  -2.183  -49.816 0.2857142985
88109  -28.599  -3.104  -48.970 0.2857142985
84005  -27.023  -5.182  -47.448 0.4285714328
89436  -29.471  -1.385  -50.268 0.2857142985
88118  -28.339  -2.077  -49.208 0.2857142985
89418  -28.674  -1.458  -49.843 0.4285714328
78555  -23.214  -10.072  -42.278 0.1428571492
78570  -23.269  -9.567  -43.372 0.1428571492
78554  -22.076  -10.238  -42.821 0.1428571492
79914  -24.425  -8.328  -44.327 0.2857142985
82603  -27.277  -5.872  -45.723 0.2857142985
83996  -28.096  -4.789  -46.360 0.2857142985
83995  -27.597  -5.166  -46.740 0.2857142985
82619  -26.360  -5.780  -46.473 0.2857142985
85395  -28.116  -4.269  -47.548 0.2857142985
78556  -23.907  -9.266  -42.643 0.1428571492
81221  -26.280  -7.254  -44.055 0.2857142985
79899  -24.284  -8.667  -43.338 0.2857142985
79915  -25.033  -8.007  -44.414 0.2857142985
79913  -23.625  -8.450  -44.240 0.2857142985
81240  -26.195  -6.925  -45.028 0.2857142985
75849  -22.302  -11.217  -41.786 0.1428571492
77257  -22.982  -10.639  -41.864 0.1428571492
71742  -19.570  -14.903  -38.284 0.2857142985
75830  -21.375  -12.035  -40.441 0.2857142985
71743  -20.588  -14.396  -37.767 0.1428571492
71741  -18.469  -14.593  -38.021 0.2857142985
70412  -19.381  -15.459  -37.730 0.1428571492
81203  -25.827  -7.643  -43.270 0.2857142985
82564  -26.984  -6.643  -44.493 0.2857142985
86783  -28.420  -3.558  -47.162 0.2857142985
82620  -27.072  -5.638  -46.461 0.2857142985
88090  -29.003  -2.882  -48.324 0.2857142985
86804  -27.042  -4.246  -47.906 0.4285714328
90798  -29.759  -0.477  -50.318 0.2857142985
92111  -21.591  0.385  -49.481 0.7142857313
92118  -28.518  0.236  -49.456 0.4285714328
94848  -22.631  2.890  -50.696 0.5714285970
97392  -27.623  4.803  -47.807 0.2857142985
99819  -28.309  6.461  -47.121 0.2857142985
102435  -25.751  8.300  -48.036 0.7142857313
108451  -24.765  13.091  -50.524 0.8571428657
111873  -24.418  17.017  -53.377 0.4285714328
111861  -25.082  16.765  -52.702 0.7142857313
102414  -27.239  8.492  -47.050 0.2857142985
107234  -26.032  12.735  -48.734 0.5714285970
117492  -24.792  21.589  -55.903 0.2857142985
114048  -27.396  18.282  -52.609 0.4285714328
119735  -25.688  24.233  -55.141 0.1428571492
117495  -27.659  21.547  -55.702 0.2857142985
116306  -28.804  20.175  -55.009 0.1428571492
118645  -24.509  23.036  -57.747 0.2857142985
71768  -20.325  -14.061  -38.454 0.1428571492
73173  -17.909  -13.070  -38.572 0.2857142985
74507  -21.586  -12.629  -39.207 0.1428571492
75831  -22.596  -11.375  -40.760 0.1428571492
78540  -24.443  -9.496  -41.466 0.1428571492
79882  -24.793  -8.983  -42.242 0.1428571492
81237  -23.780  -8.025  -44.899 0.2857142985
81239  -25.470  -7.573  -44.882 0.2857142985
81258  -26.162  -6.574  -45.678 0.2857142985
85359  -28.452  -4.039  -45.896 0.2857142985
82600  -25.036  -6.750  -45.970 0.2857142985
86806  -28.592  -3.031  -47.386 0.2857142985
86798  -21.593  -3.012  -47.466 0.5714285970
82633  -26.816  -5.511  -46.946 0.2857142985
89368  -20.256  -1.378  -47.616 0.2857142985
92119  -29.344  0.560  -49.754 0.2857142985
90776  -21.650  -0.576  -49.349 0.7142857313
90754  -22.550  -0.838  -49.131 0.5714285970
93462  -20.101  1.270  -48.762 0.4285714328
92110  -21.103  0.938  -49.185 0.5714285970
97400  -20.347  4.472  -49.815 0.2857142985
92098  -28.756  0.964  -49.119 0.2857142985
93484  -22.384  2.013  -50.617 0.7142857313
97401  -20.698  4.582  -50.527 0.2857142985
94828  -29.451  2.414  -48.697 0.1428571492
96123  -28.704  4.014  -47.592 0.4285714328
96135  -27.890  3.666  -47.839 0.4285714328
102452  -24.599  8.313  -49.650 0.8571428657
98540  -28.741  5.572  -47.306 0.1428571492
105974  -28.141  10.929  -47.248 0.2857142985
105993  -28.301  11.688  -47.534 0.1428571492
118603  -23.751  22.360  -53.706 0.2857142985
107215  -26.383  12.083  -48.058 0.4285714328
104820  -27.350  10.552  -47.173 0.4285714328
108421  -27.656  13.114  -48.529 0.1428571492
109631  -27.408  13.841  -48.890 0.1428571492
110760  -27.159  14.986  -49.740 0.1428571492
111838  -27.820  16.315  -50.831 0.1428571492
110776  -28.188  15.728  -50.400 0.1428571492
112964  -28.548  17.779  -52.016 0.1428571492
117484  -26.994  21.207  -55.052 0.2857142985
116305  -28.208  20.332  -54.790 0.2857142985
114049  -28.255  18.249  -52.536 0.2857142985
114065  -28.934  18.563  -53.214 0.1428571492
114074  -29.604  18.778  -54.355 0.1428571492
115172  -29.412  19.658  -55.036 0.1428571492
118639  -27.857  22.095  -56.805 0.2857142985
117511  -28.581  21.845  -57.574 0.1428571492
117505  -29.139  20.961  -57.067 0.1428571492
73178  -22.250  -12.851  -37.996 0.1428571492
77241  -23.196  -10.376  -41.313 0.1428571492
101136  -28.776  7.357  -46.759 0.2857142985
116331  -29.368  20.344  -57.439 0.1428571492
73149  -18.267  -13.799  -38.478 0.2857142985
73176  -20.951  -13.644  -38.329 0.1428571492
73196  -21.232  -13.095  -38.705 0.1428571492
75804  -21.823  -12.296  -39.686 0.1428571492
79912  -23.019  -8.306  -44.010 0.2857142985
81255  -23.963  -7.433  -45.372 0.2857142985
85393  -26.456  -4.878  -47.726 0.4285714328
89390  -22.762  -1.321  -48.536 0.5714285970
88085  -22.327  -2.573  -47.951 0.4285714328
93463  -27.747  1.561  -48.993 0.4285714328
90755  -23.254  -0.632  -48.610 0.7142857313
101158  -25.575  7.502  -48.731 0.7142857313
98590  -23.653  4.929  -51.156 0.8571428657
96157  -24.042  3.877  -50.157 0.8571428657
102451  -24.144  8.571  -50.475 0.8571428657
111860  -24.229  16.489  -53.002 0.5714285970
114046  -25.810  18.167  -53.096 0.7142857313
116314  -25.102  21.222  -55.554 0.2857142985
81271  -25.739  -6.525  -45.869 0.2857142985
89417  -27.843  -1.417  -49.360 0.4285714328
96165  -23.303  3.893  -51.314 0.5714285970
119733  -23.596  22.968  -54.605 0.2857142985
120784  -23.924  24.026  -56.015 0.2857142985
120773  -24.112  24.082  -55.261 0.1428571492
118638  -27.064  22.184  -56.585 0.2857142985
118646  -25.254  23.217  -57.403 0.2857142985
117494  -26.589  21.707  -55.468 0.2857142985
116304  -27.399  20.569  -54.759 0.2857142985
117504  -28.506  21.557  -56.691 0.1428571492
116323  -28.709  20.884  -56.043 0.1428571492
115176  -29.544  19.640  -55.978 0.1428571492
115165  -28.778  19.599  -54.255 0.1428571492
116324  -29.126  20.467  -56.539 0.1428571492
114063  -26.980  18.762  -53.250 0.5714285970
115151  -27.404  19.425  -53.616 0.4285714328
112965  -29.312  17.357  -52.434 0.1428571492
110775  -27.006  15.849  -50.491 0.1428571492
115164  -27.861  19.967  -54.120 0.2857142985
114064  -27.901  18.930  -52.973 0.4285714328
112962  -26.915  17.717  -52.049 0.5714285970
111862  -25.891  16.849  -52.210 0.7142857313
110789  -26.586  16.360  -51.167 0.5714285970
108435  -26.138  13.537  -48.860 0.5714285970
108452  -25.278  13.749  -50.143 0.7142857313
109655  -25.605  14.623  -50.332 0.7142857313
109668  -25.436  15.381  -51.055 0.7142857313
105991  -26.270  11.170  -47.840 0.4285714328
96154  -22.098  3.670  -51.369 0.5714285970
97423  -22.801  4.646  -51.870 0.5714285970
99872  -22.145  6.437  -51.975 0.4285714328
97413  -21.580  4.703  -51.511 0.4285714328
104842  -25.115  10.261  -48.571 0.8571428657
104843  -25.881  10.369  -47.852 0.4285714328
107233  -25.498  11.982  -48.911 0.8571428657
103681  -25.449  9.370  -48.268 0.7142857313
89369  -20.976  -1.634  -47.947 0.5714285970
92096  -21.240  -0.292  -49.051 0.4285714328
90777  -22.210  -0.371  -49.614 0.7142857313
93469  -20.623  1.356  -49.182 0.4285714328
93470  -21.296  1.555  -49.703 0.5714285970
94847  -22.005  2.811  -50.494 0.5714285970
94823  -20.144  1.747  -49.177 0.4285714328
94822  -19.827  2.148  -48.773 0.2857142985
93485  -23.138  2.179  -50.444 0.7142857313
94849  -23.302  2.969  -50.584 0.8571428657
101159  -26.310  7.502  -48.058 0.5714285970
86797  -21.111  -2.688  -47.407 0.5714285970
93465  -28.951  1.641  -48.873 0.4285714328
90783  -28.182  -0.627  -49.530 0.4285714328
81238  -24.542  -7.684  -44.836 0.2857142985
81257  -25.552  -6.963  -45.615 0.2857142985
86815  -28.207  -3.773  -48.532 0.2857142985
85404  -28.195  -4.161  -48.226 0.2857142985
85394  -27.509  -4.523  -47.981 0.2857142985
84006  -27.645  -4.994  -47.388 0.2857142985
90784  -29.126  -0.610  -49.676 0.4285714328
79900  -25.039  -8.056  -43.658 0.2857142985
83980  -27.618  -5.295  -46.056 0.2857142985
81220  -25.587  -7.849  -44.095 0.2857142985
70413  -20.085  -15.043  -37.539 0.1428571492
71744  -21.503  -14.102  -37.155 0.1428571492
96122  -28.284  4.100  -47.614 0.2857142985
119721  -25.065  24.015  -54.626 0.1428571492
73150  -21.106  -13.844  -37.627 0.1428571492
74484  -21.911  -12.620  -38.536 0.1428571492
119708  -24.321  23.255  -53.658 0.1428571492
108470  -23.416  14.060  -52.568 0.5714285970
106057  -23.024  11.746  -52.480 0.4285714328
107277  -23.055  12.956  -52.456 0.4285714328
108462  -23.648  13.137  -51.989 0.5714285970
103724  -22.705  9.606  -52.101 0.4285714328
104891  -23.233  10.610  -52.153 0.4285714328
103732  -22.344  10.360  -52.645 0.4285714328
107262  -23.535  12.260  -51.885 0.5714285970
101193  -23.150  7.314  -51.882 0.5714285970
88121  -31.061  -1.800  -50.026 0.1428571492
88135  -29.752  -1.937  -50.656 0.1428571492
90799  -30.564  -0.391  -50.316 0.1428571492
79864  -19.401  -8.967  -42.158 0.2857142985
88110  -29.733  -2.322  -48.686 0.1428571492
89398  -32.536  -1.286  -49.037 0.1428571492
89419  -30.981  -1.706  -49.043 0.1428571492
90759  -32.963  -0.589  -49.194 0.1428571492
89421  -32.293  -1.058  -49.925 0.1428571492
92101  -32.891  -0.060  -48.496 0.1428571492
88067  -29.514  -2.460  -46.303 0.1428571492
89371  -30.618  -1.675  -47.107 0.1428571492
88091  -29.076  -2.452  -47.519 0.1428571492
89397  -31.700  -1.403  -48.584 0.1428571492
90741  -33.768  -0.748  -47.878 0.1428571492
89372  -31.618  -1.315  -47.492 0.1428571492
93437  -32.581  1.458  -45.401 0.1428571492
92080  -33.071  0.661  -47.238 0.1428571492
78536  -18.791  -9.188  -41.377 0.2857142985
78521  -18.328  -9.354  -40.925 0.2857142985
82584  -28.093  -5.639  -44.157 0.1428571492
83957  -28.275  -4.943  -44.657 0.1428571492
85336  -28.509  -4.263  -45.168 0.1428571492
83956  -27.719  -5.373  -45.375 0.1428571492
86759  -29.143  -3.112  -45.802 0.1428571492
89356  -31.435  -1.758  -46.447 0.1428571492
88054  -29.968  -2.485  -45.467 0.1428571492
89357  -32.593  -1.566  -46.827 0.1428571492
89355  -30.350  -1.826  -46.106 0.1428571492
90729  -34.417  -1.154  -47.017 0.1428571492
92053  -33.438  -0.285  -45.229 0.1428571492
93424  -32.376  1.456  -44.195 0.1428571492
92067  -33.127  0.562  -46.194 0.1428571492
78522  -19.023  -9.770  -41.083 0.2857142985
78509  -18.103  -9.733  -40.411 0.2857142985
77204  -18.111  -10.333  -40.037 0.2857142985
81222  -27.321  -6.894  -43.600 0.1428571492
82566  -28.402  -5.895  -43.552 0.1428571492
83934  -28.731  -5.282  -43.852 0.1428571492
85337  -29.170  -3.958  -44.571 0.1428571492
88069  -31.566  -2.181  -45.832 0.1428571492
86746  -30.024  -3.180  -44.918 0.1428571492
88072  -33.885  -2.042  -46.340 0.1428571492
92068  -33.707  -0.404  -45.955 0.1428571492
90730  -34.579  -1.497  -46.515 0.1428571492
94751  -32.208  2.447  -43.476 0.1428571492
81205  -27.830  -6.776  -42.495 0.1428571492
83935  -29.567  -4.947  -43.469 0.1428571492
82541  -28.814  -6.168  -42.768 0.1428571492
86762  -32.322  -3.446  -44.971 0.1428571492
83958  -29.096  -4.722  -44.112 0.1428571492
88057  -32.970  -2.784  -45.696 0.1428571492
85338  -30.258  -3.770  -44.159 0.1428571492
88071  -33.332  -2.064  -46.228 0.1428571492
90685  -33.231  -0.163  -44.301 0.1428571492
89345  -34.351  -1.884  -45.892 0.1428571492
92038  -32.656  0.621  -43.596 0.1428571492
81183  -27.282  -7.619  -42.006 0.1428571492
79883  -25.451  -8.296  -42.567 0.1428571492
82542  -29.901  -6.367  -42.283 0.1428571492
81206  -29.034  -6.888  -42.091 0.1428571492
83936  -30.479  -5.135  -43.179 0.1428571492
83913  -29.683  -5.503  -42.737 0.1428571492
82540  -27.996  -6.398  -43.273 0.1428571492
86763  -33.352  -3.629  -45.332 0.1428571492
85340  -32.276  -4.681  -44.340 0.1428571492
88058  -34.059  -2.736  -45.671 0.1428571492
89330  -34.393  -2.175  -45.260 0.1428571492
90702  -33.619  -0.869  -45.075 0.1428571492
82518  -30.441  -6.820  -41.847 0.1428571492
81184  -28.375  -7.412  -41.608 0.1428571492
83938  -32.042  -5.883  -43.539 0.1428571492
83915  -31.445  -6.099  -42.736 0.1428571492
85361  -32.897  -4.113  -44.978 0.1428571492
86764  -33.979  -3.935  -45.158 0.1428571492
83914  -30.623  -5.816  -42.688 0.1428571492
83912  -28.996  -5.504  -43.212 0.1428571492
85339  -31.212  -4.097  -44.089 0.1428571492
88055  -31.057  -2.446  -45.287 0.1428571492
83981  -28.076  -4.786  -45.588 0.1428571492
93408  -32.389  1.577  -43.070 0.1428571492
96051  -32.458  3.249  -42.909 0.1428571492
92052  -33.006  0.351  -44.979 0.1428571492
89374  -33.829  -1.444  -47.877 0.1428571492
89438  -31.237  -1.329  -50.400 0.1428571492
75827  -18.676  -10.961  -40.130 0.2857142985
89329  -33.921  -1.766  -44.535 0.1428571492
92039  -32.945  -0.169  -43.431 0.1428571492
94730  -32.464  2.503  -42.334 0.1428571492
97280  -32.829  3.619  -42.476 0.1428571492
96076  -32.184  3.426  -43.862 0.1428571492
94778  -32.231  2.461  -44.634 0.1428571492
94797  -32.443  2.511  -45.809 0.1428571492
90800  -31.295  -0.115  -50.192 0.1428571492
110796  -23.611  16.123  -52.706 0.4285714328
117517  -28.775  21.914  -58.353 0.1428571492
77222  -18.779  -10.282  -40.572 0.2857142985
88120  -30.640  -2.178  -49.648 0.1428571492
82583  -27.624  -5.966  -44.864 0.1428571492
81204  -26.797  -7.329  -42.979 0.1428571492
79884  -26.363  -7.833  -42.451 0.1428571492
86784  -28.789  -2.953  -46.743 0.1428571492
92099  -29.133  1.168  -49.300 0.1428571492
89395  -29.938  -1.921  -47.672 0.1428571492
88111  -30.514  -1.998  -48.948 0.1428571492
90740  -33.291  -1.063  -48.464 0.1428571492
89373  -32.816  -1.432  -47.944 0.1428571492
89396  -30.752  -1.825  -48.212 0.1428571492
90760  -33.332  -0.527  -48.461 0.1428571492
92100  -32.568  0.532  -49.083 0.1428571492
92089  -33.327  -0.027  -47.912 0.1428571492
88053  -29.544  -2.677  -45.845 0.1428571492
89354  -29.887  -2.056  -46.294 0.1428571492
89370  -29.814  -1.914  -46.806 0.1428571492
92081  -33.581  -0.212  -47.047 0.1428571492
82565  -27.648  -6.176  -43.947 0.1428571492
85360  -28.797  -3.660  -45.243 0.1428571492
89343  -30.989  -1.962  -45.796 0.1428571492
88043  -30.465  -2.775  -45.017 0.1428571492
89358  -33.683  -1.764  -47.056 0.1428571492
90717  -34.247  -1.308  -46.055 0.1428571492
85318  -29.712  -4.383  -43.991 0.1428571492
88070  -32.364  -2.048  -46.010 0.1428571492
86761  -31.647  -2.933  -45.101 0.1428571492
89344  -34.115  -1.622  -45.407 0.1428571492
86747  -31.135  -3.189  -44.591 0.1428571492
86748  -31.778  -3.828  -44.454 0.1428571492
85319  -30.415  -4.448  -43.639 0.1428571492
82543  -30.891  -6.444  -42.195 0.1428571492
85320  -31.236  -4.849  -43.686 0.1428571492
88045  -34.260  -2.785  -44.546 0.1428571492
83937  -31.247  -5.517  -43.267 0.1428571492
73138  -17.024  -13.835  -37.197 0.1428571492
74455  -16.039  -12.936  -37.114 0.1428571492
73148  -17.429  -13.318  -37.783 0.1428571492
75781  -17.340  -11.384  -38.710 0.1428571492
75801  -17.571  -11.055  -39.227 0.1428571492
75782  -17.881  -11.664  -39.239 0.1428571492
75802  -18.161  -11.180  -39.654 0.1428571492
75780  -16.705  -11.388  -38.166 0.1428571492
77189  -17.198  -10.648  -38.981 0.1428571492
77203  -17.403  -10.374  -39.578 0.1428571492
78507  -17.045  -9.494  -39.438 0.1428571492
78520  -17.785  -9.202  -40.540 0.1428571492
79847  -17.817  -8.475  -40.903 0.2857142985
79848  -18.333  -8.605  -41.459 0.1428571492
79863  -18.843  -8.696  -41.917 0.1428571492
79878  -19.166  -8.433  -42.410 0.1428571492
81167  -18.479  -8.161  -41.832 0.2857142985
82537  -19.582  -7.540  -43.404 0.2857142985
85357  -19.831  -4.623  -45.717 0.4285714328
85377  -21.203  -4.450  -46.434 0.4285714328
101191  -21.709  7.387  -52.543 0.2857142985
102472  -22.950  8.128  -51.777 0.2857142985
106055  -21.486  11.682  -52.551 0.2857142985
107276  -22.363  12.733  -52.867 0.2857142985
108469  -22.447  13.860  -52.657 0.4285714328
81165  -17.683  -7.502  -40.838 0.1428571492
81166  -18.110  -7.634  -41.690 0.2857142985
81202  -19.604  -8.266  -43.378 0.1428571492
74481  -16.565  -12.053  -38.042 0.1428571492
78498  -16.518  -9.588  -39.041 0.1428571492
79831  -17.092  -8.560  -39.884 0.1428571492
79832  -17.529  -8.765  -40.315 0.1428571492
79846  -17.437  -8.178  -40.429 0.1428571492
81181  -18.309  -7.293  -42.263 0.2857142985
81201  -19.290  -7.912  -42.891 0.2857142985
82515  -18.468  -7.123  -42.567 0.2857142985
82536  -18.867  -6.811  -43.231 0.2857142985
82562  -20.152  -6.712  -43.917 0.2857142985
83954  -19.858  -5.622  -44.956 0.4285714328
86739  -19.018  -4.095  -45.120 0.2857142985
98587  -21.754  5.483  -52.048 0.2857142985
99871  -21.316  6.490  -51.914 0.2857142985
101192  -22.570  7.333  -52.117 0.2857142985
101190  -20.888  7.560  -52.097 0.2857142985
102471  -22.172  8.371  -52.240 0.2857142985
104899  -21.980  10.934  -52.809 0.2857142985
104890  -20.992  10.764  -51.800 0.2857142985
106056  -22.196  11.715  -52.878 0.2857142985
82561  -19.388  -6.226  -43.740 0.2857142985
99862  -20.850  6.234  -51.344 0.2857142985
102470  -21.379  8.471  -52.102 0.2857142985
103722  -20.846  9.645  -51.927 0.2857142985
103723  -21.700  9.357  -52.538 0.2857142985
103730  -21.323  10.168  -52.379 0.2857142985
104900  -22.616  10.818  -52.555 0.2857142985
101184  -20.464  7.638  -51.283 0.2857142985
102464  -20.097  8.574  -50.834 0.2857142985
102469  -20.690  8.576  -51.525 0.2857142985
83975  -20.266  -5.103  -45.692 0.4285714328
85358  -20.461  -4.538  -46.135 0.4285714328
74463  -16.872  -12.518  -37.930 0.1428571492
103731  -21.915  10.198  -52.626 0.2857142985
81182  -18.713  -7.729  -42.305 0.1428571492
78508  -17.658  -9.449  -39.924 0.1428571492
74482  -17.249  -12.289  -38.292 0.1428571492
77202  -16.955  -10.108  -39.086 0.1428571492
85331  -19.292  -4.641  -45.222 0.4285714328
104898  -21.355  10.904  -52.491 0.2857142985
83928  -19.600  -5.972  -44.079 0.4285714328
103709  -19.638  9.328  -50.461 0.2857142985
86777  -19.931  -2.842  -46.347 0.2857142985
120827  -26.311  24.459  -60.155 0.1428571492
119769  -25.726  23.903  -59.248 0.1428571492
119755  -26.805  23.374  -58.041 0.1428571492
120834  -26.590  24.900  -60.766 0.1428571492
119763  -26.206  23.681  -58.761 0.1428571492
119761  -24.743  23.884  -58.267 0.1428571492
121779  -26.178  25.694  -57.901 0.1428571492
88066  -20.051  -2.176  -46.872 0.2857142985
89353  -19.959  -1.496  -47.001 0.2857142985
119764  -27.349  23.489  -58.759 0.1428571492
119776  -27.098  24.121  -60.532 0.1428571492
119753  -24.843  23.380  -58.092 0.1428571492
120825  -25.331  24.879  -59.167 0.1428571492
121791  -25.371  25.680  -58.587 0.1428571492
120818  -25.311  24.459  -58.533 0.1428571492
120810  -25.715  24.992  -57.421 0.1428571492
119754  -25.801  23.446  -58.063 0.1428571492
86757  -20.083  -4.024  -46.086 0.2857142985
120826  -25.701  24.419  -59.656 0.1428571492
120833  -25.786  24.991  -60.184 0.1428571492
119770  -26.536  23.878  -59.614 0.1428571492
119762  -25.167  23.627  -58.840 0.1428571492
120819  -25.381  24.216  -59.123 0.1428571492
121813  -25.823  25.804  -60.504 0.1428571492
119771  -27.744  23.566  -59.837 0.1428571492
101174  -19.283  7.699  -49.904 0.1428571492
99861  -20.289  6.661  -50.950 0.1428571492
103721  -19.936  9.614  -51.149 0.1428571492
104877  -19.273  10.841  -49.847 0.1428571492
104888  -19.518  10.729  -50.701 0.1428571492
98577  -20.599  5.580  -50.730 0.1428571492
104889  -20.244  10.648  -51.318 0.1428571492
107259  -19.970  12.228  -50.855 0.1428571492
107260  -20.418  12.589  -51.305 0.1428571492
93461  -19.661  1.376  -48.166 0.1428571492
97389  -19.697  4.474  -49.107 0.1428571492
98565  -20.359  5.032  -50.260 0.1428571492
98576  -20.175  6.130  -50.422 0.1428571492
103658  -28.081  9.412  -47.046 0.1428571492
101183  -19.895  7.645  -50.587 0.1428571492
107275  -21.583  12.548  -52.753 0.1428571492
107261  -20.901  12.483  -52.223 0.1428571492
108461  -21.187  13.178  -52.301 0.2857142985
109674  -22.614  15.111  -52.962 0.2857142985
111849  -22.463  17.075  -52.449 0.2857142985
112952  -22.287  17.674  -52.036 0.2857142985
114044  -22.780  18.642  -52.070 0.2857142985
119707  -23.857  22.952  -53.387 0.1428571492
116259  -23.097  20.896  -50.802 0.1428571492
108468  -21.727  13.569  -52.444 0.2857142985
111872  -23.692  16.774  -53.466 0.2857142985
110795  -22.401  15.915  -52.946 0.2857142985
111848  -22.127  16.614  -52.201 0.2857142985
112972  -23.339  17.683  -53.365 0.2857142985
116284  -22.802  20.149  -52.232 0.1428571492
112951  -21.793  17.479  -51.360 0.2857142985
118588  -24.109  22.660  -52.510 0.1428571492
118574  -24.683  22.290  -52.156 0.1428571492
111837  -21.987  16.531  -51.305 0.1428571492
110773  -21.525  15.839  -51.174 0.1428571492
108460  -20.770  13.499  -51.605 0.2857142985
115138  -22.974  19.208  -51.789 0.1428571492
114040  -21.939  18.712  -51.282 0.2857142985
116275  -22.798  20.167  -51.480 0.1428571492
115133  -22.551  19.487  -51.326 0.1428571492
107247  -19.647  12.298  -50.241 0.2857142985
114039  -21.425  18.112  -50.580 0.1428571492
115114  -22.603  19.877  -49.366 0.1428571492
114032  -21.811  18.936  -50.018 0.1428571492
105985  -19.396  11.888  -48.800 0.1428571492
99820  -29.246  6.452  -47.095 0.1428571492
96142  -20.189  3.514  -49.294 0.1428571492
99836  -18.761  6.271  -48.665 0.1428571492
104822  -28.713  10.201  -47.301 0.1428571492
99850  -19.210  6.655  -49.352 0.1428571492
102450  -18.949  8.796  -49.502 0.1428571492
102463  -19.691  8.646  -50.027 0.1428571492
103720  -19.284  10.032  -50.490 0.1428571492
106041  -21.101  11.664  -51.811 0.1428571492
107248  -19.915  12.976  -50.473 0.2857142985
109672  -21.390  14.286  -52.119 0.1428571492
109673  -21.652  14.761  -52.685 0.1428571492
110794  -22.002  15.740  -52.717 0.2857142985
110786  -21.714  15.767  -52.035 0.1428571492
111858  -22.232  16.204  -52.717 0.1428571492
114031  -21.785  18.029  -49.705 0.1428571492
112943  -21.668  17.224  -50.495 0.2857142985
115124  -22.205  19.663  -50.528 0.1428571492
116241  -22.774  20.223  -50.262 0.1428571492
102415  -28.363  8.358  -46.966 0.1428571492
103659  -28.979  9.178  -47.179 0.1428571492
116258  -22.661  20.108  -50.893 0.1428571492
96132  -19.458  3.296  -48.525 0.1428571492
97412  -21.048  4.884  -51.074 0.1428571492
109681  -23.348  15.711  -53.079 0.2857142985
99860  -19.775  6.710  -50.204 0.1428571492
99849  -18.667  7.064  -48.743 0.1428571492
106039  -19.807  11.540  -50.796 0.1428571492
106040  -20.416  11.581  -51.343 0.1428571492
98564  -19.915  5.559  -49.861 0.1428571492
98553  -19.072  5.453  -49.024 0.1428571492
108467  -21.205  13.772  -52.040 0.2857142985
112959  -22.752  17.557  -52.782 0.2857142985
116242  -23.526  20.331  -49.881 0.1428571492
110801  -22.829  15.969  -53.134 0.2857142985
110802  -23.260  16.079  -53.306 0.2857142985
111871  -22.997  16.763  -53.299 0.2857142985
111859  -22.553  16.557  -52.805 0.2857142985
118604  -25.124  23.281  -53.286 0.1428571492
109666  -21.341  15.034  -51.796 0.2857142985
82497  -17.220  -6.709  -40.752 0.1428571492
82514  -18.135  -6.657  -42.480 0.1428571492
82535  -18.411  -6.257  -43.014 0.1428571492
85271  -17.276  -5.499  -41.470 0.1428571492
86699  -17.416  -4.345  -42.178 0.1428571492
85299  -17.768  -4.717  -42.797 0.1428571492
83905  -18.088  -5.608  -43.193 0.1428571492
86725  -17.920  -3.690  -43.285 0.1428571492
83906  -18.556  -6.039  -43.319 0.1428571492
86726  -18.121  -3.671  -43.979 0.1428571492
85312  -18.456  -4.494  -44.102 0.1428571492
83953  -19.140  -5.154  -44.766 0.1428571492
85330  -18.801  -4.621  -44.724 0.1428571492
88020  -17.777  -3.042  -43.829 0.1428571492
88034  -18.104  -2.683  -44.373 0.1428571492
86756  -19.584  -3.463  -45.580 0.1428571492
88065  -19.578  -2.308  -46.107 0.1428571492
89367  -20.020  -1.021  -46.955 0.1428571492
90738  -20.238  -0.446  -47.349 0.1428571492
83876  -17.118  -5.879  -41.075 0.1428571492
83893  -17.697  -5.758  -42.242 0.1428571492
92087  -20.351  -0.041  -47.896 0.1428571492
82498  -17.584  -6.720  -41.606 0.1428571492
83927  -18.921  -5.528  -43.936 0.1428571492
83877  -17.267  -5.931  -41.541 0.1428571492
85311  -18.104  -4.529  -43.484 0.1428571492
83926  -18.317  -5.053  -43.706 0.1428571492
86738  -18.516  -3.617  -44.899 0.1428571492
88019  -17.438  -2.721  -43.468 0.1428571492
82475  -16.984  -6.667  -40.063 0.1428571492
73147  -16.679  -13.173  -37.192 0.1428571492
73177  -21.705  -12.831  -38.130 0.1428571492
75864  -22.027  -11.274  -42.172 0.4285714328
75865  -22.346  -11.211  -42.148 0.1428571492
77239  -21.236  -11.024  -41.971 0.4285714328
78568  -21.633  -9.529  -43.106 0.4285714328
78571  -23.773  -9.184  -43.327 0.1428571492
81272  -26.061  -6.204  -45.988 0.2857142985
82582  -26.856  -6.457  -45.356 0.2857142985
82601  -25.453  -6.619  -45.901 0.2857142985
82602  -26.617  -6.112  -45.969 0.2857142985
82634  -27.226  -5.351  -47.038 0.2857142985
83994  -26.459  -5.445  -47.151 0.2857142985
84007  -27.915  -4.682  -46.973 0.2857142985
85321  -31.692  -5.244  -43.725 0.1428571492
85384  -28.283  -4.180  -46.749 0.2857142985
85403  -27.894  -4.136  -48.455 0.2857142985
86698  -17.355  -3.959  -42.192 0.1428571492
86745  -29.311  -3.338  -45.122 0.1428571492
86758  -28.472  -3.506  -46.432 0.1428571492
86760  -29.634  -3.057  -45.343 0.1428571492
88042  -30.176  -2.828  -45.145 0.1428571492
88056  -32.018  -2.626  -45.488 0.1428571492
88068  -29.907  -2.154  -46.009 0.1428571492
88083  -20.738  -2.248  -47.456 0.5714285970
88136  -30.430  -2.149  -50.518 0.1428571492
88137  -30.941  -2.037  -50.232 0.1428571492
89342  -30.564  -2.008  -45.531 0.1428571492
89359  -34.246  -1.798  -46.408 0.1428571492
89387  -20.865  -1.104  -48.144 0.4285714328
89388  -21.446  -1.264  -48.481 0.7142857313
89414  -22.016  -0.925  -49.324 0.7142857313
89420  -31.515  -1.552  -49.582 0.1428571492
89437  -30.205  -1.332  -50.496 0.1428571492
90701  -33.304  -0.251  -44.900 0.1428571492
90718  -34.528  -1.654  -46.258 0.1428571492
90752  -20.995  -0.642  -48.598 0.4285714328
90753  -21.343  -0.825  -49.000 0.4285714328
92018  -32.345  0.983  -42.778 0.1428571492
92094  -20.028  0.838  -48.327 0.1428571492
94833  -19.995  2.839  -49.011 0.4285714328
96037  -32.636  3.177  -42.369 0.1428571492
96164  -22.872  3.941  -51.681 0.5714285970
97378  -28.290  4.635  -47.521 0.2857142985
97379  -29.167  4.733  -47.509 0.1428571492
97414  -23.622  4.138  -51.175 0.5714285970
97422  -22.157  4.627  -51.978 0.4285714328
98568  -25.793  5.549  -48.772 0.8571428657
98578  -21.133  5.524  -51.538 0.2857142985
98589  -23.157  5.269  -51.487 0.5714285970
99870  -20.712  6.886  -51.609 0.1428571492
101173  -18.747  7.818  -49.195 0.1428571492
102465  -23.275  8.030  -51.442 0.7142857313
102473  -23.244  8.298  -51.508 0.2857142985
104878  -23.650  10.359  -51.622 0.7142857313
105973  -27.673  10.794  -47.211 0.4285714328
107214  -25.974  11.587  -48.314 0.4285714328
109680  -23.081  15.598  -53.152 0.2857142985
109685  -23.115  15.707  -53.531 0.2857142985
109686  -23.236  15.729  -53.299 0.2857142985
110788  -25.923  16.070  -51.163 0.7142857313
110811  -23.056  15.845  -53.332 0.2857142985
110812  -23.234  15.921  -53.469 0.2857142985
112953  -27.486  17.470  -51.774 0.2857142985
112954  -28.020  17.389  -51.596 0.1428571492
112955  -28.763  17.161  -51.661 0.1428571492
112974  -24.865  17.623  -53.362 0.8571428657
114041  -22.601  19.030  -51.589 0.2857142985
114045  -22.861  19.089  -51.777 0.1428571492
114062  -26.091  18.723  -53.377 0.7142857313
115134  -22.785  19.276  -51.645 0.1428571492
115137  -22.912  19.434  -51.841 0.1428571492
116315  -27.827  20.833  -55.196 0.2857142985
117485  -27.485  21.048  -55.168 0.2857142985
117496  -28.366  21.235  -55.940 0.1428571492
118587  -23.555  22.609  -53.057 0.2857142985
118628  -26.881  21.908  -55.927 0.2857142985
119720  -24.181  23.672  -54.466 0.1428571492
121812  -25.305  25.550  -60.042 0.1428571492
