#!ascii label  , from subject 198451 vox2ras=TkReg
1188
132788  37.569  38.549  0.641 0.0000000000
124997  47.960  29.522  -6.444 0.0000000000
130353  55.515  35.462  -9.806 0.0000000000
117691  48.559  22.657  -17.499 0.0000000000
126857  38.992  31.623  -3.414 0.0000000000
132780  52.575  38.782  -0.350 0.0000000000
122078  47.202  26.477  -14.798 0.0000000000
130396  44.999  35.049  -12.909 0.0000000000
131958  47.039  37.415  -1.252 0.0000000000
131106  43.183  35.997  -3.306 0.0000000000
120899  43.991  25.513  -4.419 0.0000000000
130358  49.868  35.757  -10.152 0.0000000000
128738  48.658  33.510  -17.086 0.0000000000
127778  52.157  32.083  -8.841 0.0000000000
126042  48.747  30.306  -17.970 0.0000000000
133783  46.179  39.478  -13.768 0.0000000000
133680  42.599  39.385  -1.334 0.0000000000
131962  40.072  38.157  -1.951 0.0000000000
124970  42.389  29.210  -3.363 0.0000000000
132025  53.686  37.151  -5.943 0.0000000000
132016  50.718  36.828  -5.127 0.0000000000
131180  52.955  35.963  -9.779 0.0000000000
131242  51.269  36.023  -13.417 0.0000000000
129566  53.403  34.149  -14.809 0.0000000000
128605  47.130  33.503  -5.217 0.0000000000
130281  49.639  34.977  -4.272 0.0000000000
125959  49.905  31.116  -7.413 0.0000000000
119947  48.418  24.445  -17.302 0.0000000000
124093  47.921  28.332  -16.625 0.0000000000
121061  48.024  25.908  -19.064 0.0000000000
124110  47.469  28.518  -19.416 0.0000000000
118815  46.784  23.522  -17.748 0.0000000000
116574  45.125  22.189  -13.739 0.0000000000
131063  35.107  36.531  -0.375 0.0000000000
130246  38.817  35.388  -2.987 0.0000000000
131998  54.834  36.831  -4.618 0.0000000000
122044  45.384  26.649  -10.003 0.0000000000
125045  45.996  29.408  -10.927 0.0000000000
121014  47.258  25.084  -13.341 0.0000000000
118806  49.307  23.724  -16.268 0.0000000000
134519  46.734  40.870  1.405 0.0000000000
134556  44.576  40.260  -0.210 0.0000000000
131972  44.395  37.181  -2.383 0.0000000000
128607  45.501  32.995  -4.634 0.0000000000
129435  41.169  34.525  -3.863 0.0000000000
126861  43.642  31.175  -4.422 0.0000000000
123024  45.703  27.532  -6.213 0.0000000000
118714  45.872  24.136  -7.600 0.0000000000
130205  32.356  35.957  1.878 0.0000000000
131129  47.459  36.654  -5.881 0.0000000000
131197  47.097  36.715  -10.162 0.0000000000
132945  49.420  38.760  -14.198 0.0000000000
129557  47.437  34.564  -14.680 0.0000000000
126031  45.842  31.312  -15.482 0.0000000000
131941  49.643  37.676  -0.572 0.0000000000
130278  52.890  35.804  -4.196 0.0000000000
128664  54.723  33.646  -9.459 0.0000000000
127831  48.011  32.135  -12.029 0.0000000000
128704  50.560  33.147  -13.280 0.0000000000
127839  52.879  32.833  -14.098 0.0000000000
127891  49.502  32.160  -18.344 0.0000000000
126044  47.208  30.539  -17.800 0.0000000000
133785  44.150  40.074  -13.589 0.0000000000
134665  46.292  41.066  -12.855 0.0000000000
133683  39.873  39.492  -0.462 0.0000000000
132821  38.631  38.533  -0.838 0.0000000000
131144  54.845  36.381  -7.296 0.0000000000
131165  53.779  36.041  -8.495 0.0000000000
130340  54.582  35.920  -9.701 0.0000000000
130390  52.979  35.444  -12.937 0.0000000000
129531  54.403  34.789  -12.541 0.0000000000
126885  47.782  31.184  -6.320 0.0000000000
128626  48.596  33.052  -6.524 0.0000000000
125961  48.877  30.089  -7.413 0.0000000000
117701  48.950  23.292  -18.033 0.0000000000
118831  48.327  24.399  -18.523 0.0000000000
118825  48.435  23.769  -18.505 0.0000000000
118833  47.423  24.464  -18.857 0.0000000000
117703  47.360  23.111  -17.688 0.0000000000
117681  46.498  22.520  -16.095 0.0000000000
116593  47.665  21.795  -16.380 0.0000000000
129415  35.463  34.732  -1.520 0.0000000000
132838  54.125  38.210  -3.173 0.0000000000
131968  53.890  37.649  -2.546 0.0000000000
120964  46.800  25.139  -10.054 0.0000000000
120999  46.602  25.747  -11.588 0.0000000000
119896  48.110  24.728  -11.996 0.0000000000
118796  50.236  23.901  -15.116 0.0000000000
118804  51.004  23.996  -16.050 0.0000000000
118813  50.160  23.601  -17.101 0.0000000000
132831  42.804  38.061  -2.287 0.0000000000
132816  43.620  38.364  -1.883 0.0000000000
131091  43.767  36.660  -2.912 0.0000000000
130262  44.757  35.341  -3.293 0.0000000000
129432  44.314  34.543  -3.862 0.0000000000
129420  38.497  34.077  -3.176 0.0000000000
130267  39.721  35.100  -3.254 0.0000000000
128599  39.845  33.512  -3.773 0.0000000000
122998  43.036  27.447  -3.595 0.0000000000
125930  43.023  30.194  -3.998 0.0000000000
124004  44.244  28.350  -4.158 0.0000000000
124975  45.295  29.275  -4.710 0.0000000000
123016  44.859  26.895  -5.177 0.0000000000
120936  44.981  25.504  -7.240 0.0000000000
119796  45.095  24.509  -6.412 0.0000000000
118698  47.921  23.305  -6.510 0.0000000000
130307  50.048  35.822  -7.526 0.0000000000
131127  49.277  36.447  -5.872 0.0000000000
130308  49.007  35.778  -7.593 0.0000000000
130329  47.167  35.994  -8.194 0.0000000000
130360  48.375  35.994  -9.983 0.0000000000
132090  48.856  38.094  -12.198 0.0000000000
132073  49.749  37.152  -11.969 0.0000000000
129570  49.835  34.117  -15.861 0.0000000000
130404  49.713  35.504  -14.188 0.0000000000
129582  48.204  33.898  -16.351 0.0000000000
127866  46.155  32.903  -15.988 0.0000000000
127877  46.662  32.432  -16.720 0.0000000000
133657  46.941  39.005  -0.219 0.0000000000
134538  47.846  40.126  0.788 0.0000000000
131943  47.790  37.820  -0.818 0.0000000000
129471  50.649  34.139  -6.812 0.0000000000
130288  51.510  35.220  -5.014 0.0000000000
129486  52.584  34.402  -7.261 0.0000000000
128636  53.964  34.388  -7.640 0.0000000000
127777  52.924  32.640  -9.132 0.0000000000
124070  46.859  28.219  -13.081 0.0000000000
125999  46.930  30.889  -11.569 0.0000000000
124069  47.254  28.627  -13.765 0.0000000000
124092  48.128  28.789  -17.325 0.0000000000
126965  48.659  31.410  -14.958 0.0000000000
126972  49.628  31.851  -16.197 0.0000000000
128713  51.773  33.124  -14.057 0.0000000000
127876  50.396  32.159  -16.538 0.0000000000
127875  51.136  32.548  -16.886 0.0000000000
126051  49.086  31.038  -18.310 0.0000000000
123114  46.991  27.233  -18.886 0.0000000000
125093  47.293  29.494  -18.488 0.0000000000
124102  46.812  28.513  -17.694 0.0000000000
124094  46.510  28.565  -16.547 0.0000000000
134515  50.879  40.456  1.728 0.0000000000
132924  44.443  38.226  -12.711 0.0000000000
132104  46.074  38.203  -13.056 0.0000000000
134544  41.865  40.237  1.596 0.0000000000
133647  41.176  40.133  0.838 0.0000000000
132818  41.715  38.750  -1.769 0.0000000000
131975  41.305  37.420  -2.532 0.0000000000
125924  40.351  30.352  -3.561 0.0000000000
132015  51.795  36.860  -5.155 0.0000000000
130305  51.916  35.835  -7.970 0.0000000000
130356  51.636  35.821  -10.061 0.0000000000
131223  51.148  36.684  -12.412 0.0000000000
131221  52.692  36.285  -11.971 0.0000000000
129554  51.850  34.606  -14.548 0.0000000000
128724  50.547  33.741  -16.383 0.0000000000
130241  47.326  35.402  -2.599 0.0000000000
130240  48.362  35.349  -2.671 0.0000000000
129428  48.261  34.541  -4.125 0.0000000000
128625  49.647  33.087  -7.030 0.0000000000
127780  51.017  31.664  -8.101 0.0000000000
119941  47.809  24.856  -16.419 0.0000000000
123090  47.603  27.442  -16.215 0.0000000000
119957  47.949  25.439  -17.703 0.0000000000
122101  48.016  26.590  -18.293 0.0000000000
124109  48.327  28.237  -18.930 0.0000000000
125107  48.150  28.661  -19.198 0.0000000000
122118  47.746  26.587  -19.597 0.0000000000
121063  46.962  25.599  -18.700 0.0000000000
119959  46.359  24.834  -17.596 0.0000000000
116573  45.798  21.911  -14.182 0.0000000000
131946  36.013  37.177  -0.339 0.0000000000
131074  37.885  37.125  -1.809 0.0000000000
130228  37.113  35.995  -1.893 0.0000000000
129421  37.692  34.561  -2.788 0.0000000000
127722  37.988  32.517  -3.044 0.0000000000
132825  53.289  38.700  -2.927 0.0000000000
132012  54.536  37.374  -5.089 0.0000000000
131143  55.352  36.094  -7.078 0.0000000000
124039  45.199  28.564  -8.682 0.0000000000
125030  46.074  30.005  -9.065 0.0000000000
124051  45.465  28.521  -10.371 0.0000000000
122061  46.379  26.565  -12.082 0.0000000000
121026  47.246  25.413  -14.353 0.0000000000
119909  48.910  24.303  -12.957 0.0000000000
119922  47.747  24.424  -14.268 0.0000000000
119935  47.706  24.587  -15.371 0.0000000000
118814  49.239  23.900  -17.247 0.0000000000
118823  49.612  23.587  -17.729 0.0000000000
117690  49.609  22.915  -17.511 0.0000000000
116592  48.706  21.588  -16.006 0.0000000000
134520  45.671  40.918  1.611 0.0000000000
133658  45.968  39.553  -0.355 0.0000000000
133660  43.572  39.802  -0.755 0.0000000000
132815  44.641  38.426  -1.482 0.0000000000
131959  45.950  37.334  -1.678 0.0000000000
130261  45.825  35.082  -3.267 0.0000000000
128606  46.435  33.069  -5.178 0.0000000000
126871  46.919  30.929  -5.877 0.0000000000
131095  39.448  36.628  -2.661 0.0000000000
131094  40.617  36.441  -3.006 0.0000000000
130265  41.677  35.310  -3.688 0.0000000000
126863  41.801  31.604  -4.285 0.0000000000
127740  42.273  32.325  -4.405 0.0000000000
129451  43.021  33.717  -4.294 0.0000000000
127738  44.167  32.067  -4.548 0.0000000000
125940  45.600  30.287  -4.922 0.0000000000
124013  46.767  28.745  -6.140 0.0000000000
123040  44.845  26.995  -7.779 0.0000000000
119850  45.597  25.061  -8.530 0.0000000000
119848  46.981  24.254  -8.856 0.0000000000
118700  46.021  23.670  -6.710 0.0000000000
118726  48.072  23.687  -8.101 0.0000000000
131916  34.578  37.514  2.145 0.0000000000
131056  33.633  36.220  0.657 0.0000000000
128567  31.459  34.189  1.400 0.0000000000
132845  47.918  38.367  -3.376 0.0000000000
132027  46.106  36.885  -6.093 0.0000000000
133759  47.359  39.448  -12.189 0.0000000000
133781  48.419  39.996  -13.830 0.0000000000
132102  47.473  37.643  -13.425 0.0000000000
132943  50.859  37.847  -13.930 0.0000000000
130392  48.352  36.157  -13.858 0.0000000000
129542  46.139  34.794  -13.756 0.0000000000
132797  51.343  38.239  -0.270 0.0000000000
131085  49.934  36.064  -2.117 0.0000000000
131084  50.946  36.344  -2.255 0.0000000000
131082  52.994  36.860  -2.465 0.0000000000
130285  54.495  35.928  -5.079 0.0000000000
129496  55.497  34.912  -7.728 0.0000000000
128663  55.436  34.190  -9.722 0.0000000000
125984  47.232  30.683  -9.379 0.0000000000
126915  48.560  31.358  -9.602 0.0000000000
126928  50.017  31.739  -10.023 0.0000000000
126021  47.903  30.392  -14.602 0.0000000000
127843  48.953  32.731  -13.403 0.0000000000
127800  51.347  32.173  -10.777 0.0000000000
127798  53.580  32.588  -10.922 0.0000000000
128681  53.619  32.864  -12.053 0.0000000000
128679  54.775  33.776  -11.803 0.0000000000
127850  53.256  33.344  -15.203 0.0000000000
128736  51.105  33.262  -17.017 0.0000000000
127884  48.505  32.643  -18.312 0.0000000000
126053  48.001  30.380  -18.845 0.0000000000
126997  47.960  31.127  -18.590 0.0000000000
127885  47.690  32.396  -18.027 0.0000000000
126036  46.818  30.760  -17.058 0.0000000000
117654  44.321  22.550  -12.649 0.0000000000
135564  45.646  41.455  -13.024 0.0000000000
133761  45.726  40.154  -11.700 0.0000000000
132776  38.187  38.799  1.576 0.0000000000
133650  38.787  39.027  0.482 0.0000000000
132805  38.399  38.805  -0.222 0.0000000000
130322  55.528  35.832  -8.500 0.0000000000
131164  54.787  36.072  -8.279 0.0000000000
130354  55.052  35.758  -10.165 0.0000000000
130367  54.827  35.638  -11.141 0.0000000000
129523  54.942  34.929  -11.839 0.0000000000
125950  47.778  30.339  -6.150 0.0000000000
125949  48.589  30.355  -6.625 0.0000000000
125007  48.440  29.748  -6.970 0.0000000000
117702  48.115  23.133  -17.959 0.0000000000
117692  47.639  22.474  -17.235 0.0000000000
116601  48.138  22.200  -17.035 0.0000000000
133623  52.588  39.863  0.781 0.0000000000
133639  52.910  39.375  0.035 0.0000000000
132811  53.624  38.423  -1.460 0.0000000000
132812  53.278  38.209  -1.309 0.0000000000
120982  47.270  25.093  -10.994 0.0000000000
118811  51.292  23.544  -16.308 0.0000000000
129544  44.435  34.470  -13.366 0.0000000000
131092  42.765  36.729  -2.958 0.0000000000
131973  43.427  37.537  -2.552 0.0000000000
131105  44.019  35.929  -3.160 0.0000000000
130263  43.704  35.298  -3.612 0.0000000000
128600  39.008  33.394  -3.523 0.0000000000
127733  39.437  32.531  -3.738 0.0000000000
121971  43.947  26.549  -4.344 0.0000000000
123006  43.780  27.439  -4.055 0.0000000000
123005  44.617  27.403  -4.686 0.0000000000
121970  44.502  26.368  -4.938 0.0000000000
120924  44.930  25.620  -6.352 0.0000000000
120909  44.630  25.534  -5.361 0.0000000000
130343  50.243  35.545  -9.344 0.0000000000
130295  49.533  35.908  -7.127 0.0000000000
130344  49.256  35.620  -9.333 0.0000000000
130327  48.666  35.674  -8.508 0.0000000000
130359  48.912  35.908  -10.062 0.0000000000
131211  49.117  36.651  -11.390 0.0000000000
131210  50.066  36.529  -11.602 0.0000000000
129581  49.162  33.869  -16.447 0.0000000000
129571  48.781  34.316  -15.716 0.0000000000
128739  47.662  33.540  -16.980 0.0000000000
128748  47.289  32.853  -17.329 0.0000000000
132801  47.142  38.308  -0.711 0.0000000000
133656  47.530  38.753  -0.233 0.0000000000
128639  51.601  33.067  -7.846 0.0000000000
129470  51.765  34.645  -6.572 0.0000000000
128638  52.457  33.681  -7.898 0.0000000000
128637  53.331  34.150  -7.842 0.0000000000
128653  52.384  32.899  -8.434 0.0000000000
123075  47.130  27.562  -14.073 0.0000000000
125060  47.022  29.412  -12.985 0.0000000000
125091  48.523  29.476  -17.588 0.0000000000
126035  48.781  30.565  -16.836 0.0000000000
126982  49.261  31.293  -16.607 0.0000000000
126981  49.611  31.695  -17.040 0.0000000000
126041  49.151  31.122  -17.524 0.0000000000
122095  46.233  26.436  -17.168 0.0000000000
123104  46.705  27.412  -18.005 0.0000000000
122086  46.157  26.925  -16.474 0.0000000000
133784  45.253  39.907  -13.763 0.0000000000
132938  44.374  39.216  -13.210 0.0000000000
132937  45.464  38.702  -13.156 0.0000000000
132923  45.084  37.975  -12.777 0.0000000000
132936  46.432  38.667  -13.416 0.0000000000
133604  40.964  39.612  2.959 0.0000000000
133629  40.165  39.470  2.048 0.0000000000
132819  40.478  38.606  -1.723 0.0000000000
133682  40.499  39.484  -0.778 0.0000000000
132833  41.029  38.166  -2.167 0.0000000000
131984  52.907  37.986  -3.915 0.0000000000
132002  52.184  37.420  -4.504 0.0000000000
132014  52.941  37.086  -5.455 0.0000000000
131166  52.949  35.941  -8.896 0.0000000000
131146  52.666  36.070  -7.721 0.0000000000
130323  52.267  35.880  -8.429 0.0000000000
130324  51.566  35.633  -8.567 0.0000000000
131192  52.427  35.828  -10.518 0.0000000000
131208  52.166  36.194  -11.528 0.0000000000
131207  53.009  36.008  -11.318 0.0000000000
129552  53.413  34.699  -14.201 0.0000000000
130400  53.096  35.236  -13.638 0.0000000000
129567  52.890  34.255  -15.047 0.0000000000
129568  51.974  34.424  -15.451 0.0000000000
129578  51.982  34.009  -16.139 0.0000000000
129429  47.313  34.343  -3.967 0.0000000000
130259  47.825  34.878  -3.341 0.0000000000
129446  47.821  33.977  -5.061 0.0000000000
127757  49.198  32.284  -6.984 0.0000000000
129473  49.108  33.534  -6.602 0.0000000000
127769  49.890  32.234  -7.358 0.0000000000
128641  50.199  32.680  -7.387 0.0000000000
125970  50.246  30.765  -7.843 0.0000000000
119948  47.898  25.170  -17.268 0.0000000000
119963  48.152  25.111  -18.889 0.0000000000
121052  48.069  25.817  -18.613 0.0000000000
122110  48.137  26.625  -18.895 0.0000000000
123102  48.181  27.508  -18.482 0.0000000000
123112  48.175  27.397  -19.182 0.0000000000
121068  47.838  25.997  -19.266 0.0000000000
119965  47.236  24.973  -18.930 0.0000000000
119958  46.707  24.473  -18.207 0.0000000000
119949  46.492  23.934  -17.549 0.0000000000
118816  46.292  23.490  -17.114 0.0000000000
116583  46.734  21.975  -15.279 0.0000000000
116584  46.024  22.228  -14.911 0.0000000000
131966  36.284  37.041  -0.759 0.0000000000
131076  36.024  36.612  -0.953 0.0000000000
129422  36.961  34.893  -2.261 0.0000000000
128589  36.909  33.687  -2.496 0.0000000000
128588  37.755  33.437  -2.963 0.0000000000
127723  37.214  32.593  -2.668 0.0000000000
131999  54.339  37.408  -4.178 0.0000000000
132857  54.035  38.040  -3.751 0.0000000000
132011  54.987  36.986  -5.140 0.0000000000
131132  54.934  36.715  -6.446 0.0000000000
131131  55.175  36.411  -6.061 0.0000000000
123046  45.008  27.588  -9.295 0.0000000000
124045  45.277  28.504  -9.688 0.0000000000
123053  45.349  27.730  -10.311 0.0000000000
121015  46.739  25.700  -12.620 0.0000000000
122070  46.656  26.482  -12.971 0.0000000000
119920  49.795  24.143  -14.010 0.0000000000
118797  49.386  23.756  -15.253 0.0000000000
119934  48.474  23.987  -15.280 0.0000000000
119940  48.410  24.104  -16.354 0.0000000000
117689  50.526  22.913  -16.650 0.0000000000
116599  49.601  22.225  -16.550 0.0000000000
134522  43.486  40.601  2.327 0.0000000000
134521  44.622  40.950  2.123 0.0000000000
134541  44.624  40.711  0.829 0.0000000000
134540  45.765  40.395  0.452 0.0000000000
134555  45.236  39.954  -0.301 0.0000000000
134559  41.951  40.366  0.799 0.0000000000
134558  42.619  40.464  0.435 0.0000000000
133661  42.561  40.025  -0.530 0.0000000000
131961  44.223  37.856  -2.067 0.0000000000
133678  44.115  38.871  -1.497 0.0000000000
131960  44.984  37.637  -1.823 0.0000000000
132814  45.580  38.115  -1.287 0.0000000000
131971  45.187  36.977  -2.153 0.0000000000
131089  45.896  36.423  -2.276 0.0000000000
130243  45.504  35.751  -2.812 0.0000000000
129449  44.922  33.718  -4.133 0.0000000000
129448  45.889  33.724  -4.328 0.0000000000
127736  45.848  32.556  -5.082 0.0000000000
127747  46.263  32.003  -5.455 0.0000000000
131096  38.227  36.767  -2.158 0.0000000000
131978  38.474  37.358  -1.874 0.0000000000
129436  40.241  34.465  -3.689 0.0000000000
130245  39.928  35.847  -3.097 0.0000000000
130266  40.632  35.528  -3.393 0.0000000000
131108  41.267  35.984  -3.254 0.0000000000
125923  41.303  30.251  -3.755 0.0000000000
126855  40.806  30.976  -3.912 0.0000000000
125922  42.174  29.886  -3.710 0.0000000000
126862  42.658  31.369  -4.324 0.0000000000
127739  43.172  32.171  -4.465 0.0000000000
128610  42.713  33.031  -4.422 0.0000000000
128609  43.591  32.966  -4.449 0.0000000000
124002  45.524  28.394  -5.036 0.0000000000
124987  46.016  29.232  -5.143 0.0000000000
124986  46.745  29.168  -5.595 0.0000000000
124014  46.117  28.314  -5.669 0.0000000000
124023  46.104  28.231  -6.560 0.0000000000
123030  45.328  27.559  -7.064 0.0000000000
119832  45.349  24.870  -7.727 0.0000000000
120950  44.947  25.841  -8.154 0.0000000000
119831  45.793  24.510  -8.169 0.0000000000
119867  46.616  24.824  -9.354 0.0000000000
119849  46.138  24.429  -8.720 0.0000000000
118679  46.198  23.322  -5.752 0.0000000000
118712  47.574  23.464  -7.410 0.0000000000
119846  48.979  23.863  -8.510 0.0000000000
131047  32.740  36.351  2.121 0.0000000000
131926  33.688  36.772  1.412 0.0000000000
130209  33.096  35.968  0.997 0.0000000000
130217  33.356  35.720  0.459 0.0000000000
129399  32.309  35.293  1.214 0.0000000000
131128  48.276  36.480  -5.821 0.0000000000
132006  48.016  37.517  -4.315 0.0000000000
132019  47.653  36.954  -5.151 0.0000000000
132860  47.233  37.976  -3.990 0.0000000000
132007  47.010  37.497  -4.621 0.0000000000
132021  45.759  37.446  -5.458 0.0000000000
131140  46.921  36.578  -6.513 0.0000000000
131182  47.429  36.143  -9.449 0.0000000000
132060  46.458  37.352  -10.603 0.0000000000
132909  46.553  38.930  -11.651 0.0000000000
132076  46.853  38.133  -11.417 0.0000000000
133767  49.509  39.332  -13.302 0.0000000000
133768  48.628  39.770  -13.167 0.0000000000
133793  48.703  39.477  -14.121 0.0000000000
132934  47.825  38.203  -13.712 0.0000000000
132101  48.185  37.750  -13.752 0.0000000000
132100  50.891  36.487  -12.816 0.0000000000
132918  50.771  37.241  -13.008 0.0000000000
132109  50.607  36.906  -13.351 0.0000000000
129556  48.380  34.722  -14.862 0.0000000000
130405  48.864  35.446  -14.252 0.0000000000
130406  47.951  35.235  -14.158 0.0000000000
130393  47.461  35.881  -13.653 0.0000000000
129558  46.486  34.420  -14.495 0.0000000000
129559  45.492  34.444  -14.404 0.0000000000
129574  45.890  34.074  -15.133 0.0000000000
126974  46.075  31.907  -15.937 0.0000000000
135430  46.638  41.105  2.378 0.0000000000
132785  48.764  38.927  0.184 0.0000000000
134537  48.771  39.938  0.932 0.0000000000
132784  49.458  39.097  0.371 0.0000000000
132783  50.216  38.938  0.362 0.0000000000
132798  50.369  38.266  -0.135 0.0000000000
130258  48.933  34.927  -3.721 0.0000000000
131086  48.896  35.893  -2.013 0.0000000000
130257  50.060  35.279  -3.580 0.0000000000
130279  51.845  35.437  -4.257 0.0000000000
130237  51.540  36.010  -2.823 0.0000000000
130255  52.171  35.902  -3.463 0.0000000000
131083  51.959  36.571  -2.330 0.0000000000
130254  53.126  36.324  -3.248 0.0000000000
130253  53.618  36.377  -3.486 0.0000000000
130286  53.660  35.564  -5.263 0.0000000000
128651  54.274  34.008  -8.326 0.0000000000
129484  54.568  34.792  -7.265 0.0000000000
129497  54.957  34.514  -8.010 0.0000000000
125038  45.941  29.827  -9.919 0.0000000000
125974  46.767  30.287  -9.022 0.0000000000
126918  46.676  30.650  -10.158 0.0000000000
126940  47.442  31.558  -11.475 0.0000000000
126930  48.117  31.860  -10.497 0.0000000000
126939  48.000  32.015  -11.132 0.0000000000
126929  49.080  31.808  -10.091 0.0000000000
127816  48.575  32.311  -11.218 0.0000000000
124084  47.768  28.347  -15.652 0.0000000000
125076  47.885  29.491  -15.328 0.0000000000
127855  49.228  32.284  -14.364 0.0000000000
126957  48.468  31.866  -14.030 0.0000000000
127829  50.007  33.014  -12.582 0.0000000000
127814  50.703  32.675  -11.547 0.0000000000
127828  51.028  32.997  -12.361 0.0000000000
127813  51.726  32.600  -11.643 0.0000000000
128692  51.120  33.149  -12.983 0.0000000000
127852  51.926  32.977  -14.768 0.0000000000
127826  52.851  32.896  -13.070 0.0000000000
128690  53.557  32.956  -12.527 0.0000000000
128680  54.118  33.074  -12.103 0.0000000000
127825  53.655  32.892  -13.429 0.0000000000
128701  54.179  33.459  -13.699 0.0000000000
127851  52.785  32.961  -15.101 0.0000000000
127883  49.950  32.307  -17.969 0.0000000000
128744  50.832  32.735  -17.495 0.0000000000
128756  49.727  32.488  -18.132 0.0000000000
128745  50.104  32.850  -17.806 0.0000000000
128757  49.312  32.581  -18.230 0.0000000000
125108  47.968  28.516  -19.413 0.0000000000
126052  48.549  30.268  -18.772 0.0000000000
125100  47.878  29.248  -19.213 0.0000000000
126043  47.587  30.501  -18.502 0.0000000000
126990  47.460  31.430  -18.139 0.0000000000
126991  47.076  31.267  -17.462 0.0000000000
123092  45.816  27.104  -15.118 0.0000000000
124085  46.340  28.578  -15.550 0.0000000000
117672  44.513  22.969  -14.513 0.0000000000
117663  44.545  22.606  -13.580 0.0000000000
134679  45.963  41.126  -13.638 0.0000000000
134678  46.906  40.867  -13.683 0.0000000000
133630  39.341  39.121  2.174 0.0000000000
133649  39.258  39.160  1.050 0.0000000000
132820  39.320  38.858  -0.868 0.0000000000
131963  39.540  38.123  -1.744 0.0000000000
131133  54.232  36.890  -6.624 0.0000000000
131134  53.122  36.734  -6.402 0.0000000000
131145  53.936  36.406  -7.487 0.0000000000
131179  53.786  35.976  -9.557 0.0000000000
131191  53.402  35.872  -10.485 0.0000000000
130368  53.829  35.858  -11.266 0.0000000000
130389  53.633  35.057  -12.663 0.0000000000
128711  53.983  34.351  -14.203 0.0000000000
128615  47.563  33.056  -5.920 0.0000000000
129460  48.050  33.634  -5.784 0.0000000000
127759  47.889  32.088  -6.393 0.0000000000
125948  48.900  30.981  -6.825 0.0000000000
125960  49.455  30.751  -7.153 0.0000000000
118824  48.941  23.971  -18.050 0.0000000000
118832  47.987  24.413  -18.799 0.0000000000
119964  47.743  25.116  -19.186 0.0000000000
118826  47.542  23.780  -18.344 0.0000000000
117693  46.733  22.794  -17.090 0.0000000000
117680  47.082  22.278  -16.598 0.0000000000
116582  47.815  21.473  -15.135 0.0000000000
130224  34.849  36.061  -0.619 0.0000000000
130230  35.199  35.841  -0.985 0.0000000000
129416  34.698  35.083  -1.042 0.0000000000
133671  53.591  39.040  -1.675 0.0000000000
132823  54.101  38.165  -2.569 0.0000000000
131983  54.210  37.595  -3.230 0.0000000000
120984  45.840  25.955  -9.959 0.0000000000
122043  45.859  26.232  -10.374 0.0000000000
120983  46.362  25.745  -10.512 0.0000000000
120998  47.258  25.074  -12.283 0.0000000000
119933  50.062  24.043  -14.567 0.0000000000
118805  50.175  23.586  -16.064 0.0000000000
118812  50.776  23.471  -16.496 0.0000000000
134542  43.569  40.788  1.172 0.0000000000
132817  42.700  38.678  -1.887 0.0000000000
131090  44.782  36.339  -2.718 0.0000000000
129437  39.330  34.445  -3.440 0.0000000000
128598  40.857  33.507  -4.064 0.0000000000
123996  42.647  28.343  -3.299 0.0000000000
125921  42.654  29.619  -3.697 0.0000000000
124969  43.011  29.182  -3.646 0.0000000000
124977  43.766  29.270  -3.981 0.0000000000
125929  44.107  30.170  -4.340 0.0000000000
124976  44.560  29.264  -4.366 0.0000000000
123004  45.094  27.910  -4.965 0.0000000000
123015  45.289  27.415  -5.475 0.0000000000
121999  45.132  26.561  -6.372 0.0000000000
120923  44.958  25.197  -6.777 0.0000000000
118715  45.394  24.446  -7.309 0.0000000000
118678  47.199  23.056  -5.643 0.0000000000
118697  48.980  23.443  -6.420 0.0000000000
131126  50.314  36.466  -5.876 0.0000000000
132017  49.677  36.846  -5.118 0.0000000000
131137  49.954  36.067  -6.780 0.0000000000
131138  48.870  36.077  -6.669 0.0000000000
131139  47.871  36.281  -6.528 0.0000000000
131151  47.551  36.147  -7.234 0.0000000000
130309  48.110  35.853  -7.798 0.0000000000
130346  47.692  35.923  -9.014 0.0000000000
131196  48.288  36.349  -10.567 0.0000000000
132059  47.713  36.992  -10.988 0.0000000000
131212  48.590  36.749  -11.223 0.0000000000
132089  49.489  37.998  -12.379 0.0000000000
132920  50.107  38.592  -13.094 0.0000000000
130412  50.265  34.946  -15.031 0.0000000000
130403  50.552  35.512  -14.193 0.0000000000
129555  49.319  34.875  -15.018 0.0000000000
129572  47.814  34.219  -15.515 0.0000000000
128727  46.358  33.704  -15.872 0.0000000000
128726  47.267  33.833  -16.145 0.0000000000
128740  46.906  33.217  -16.512 0.0000000000
134539  46.899  40.297  0.771 0.0000000000
133645  46.984  39.694  0.278 0.0000000000
132800  48.148  38.467  -0.308 0.0000000000
131942  48.632  37.732  -0.615 0.0000000000
129444  50.074  34.899  -4.974 0.0000000000
130280  50.733  35.185  -4.564 0.0000000000
129457  50.873  34.973  -5.541 0.0000000000
129456  52.102  35.074  -5.722 0.0000000000
129455  53.098  35.292  -5.737 0.0000000000
129454  53.560  35.376  -5.726 0.0000000000
129485  53.528  34.704  -7.149 0.0000000000
128665  53.807  33.166  -9.287 0.0000000000
124063  46.469  28.390  -12.294 0.0000000000
126000  46.631  30.335  -11.368 0.0000000000
125052  46.823  29.779  -12.467 0.0000000000
126014  47.399  30.409  -13.439 0.0000000000
125075  48.057  29.800  -15.771 0.0000000000
125083  48.134  29.490  -16.401 0.0000000000
126973  49.043  31.215  -15.903 0.0000000000
127854  50.030  32.666  -14.686 0.0000000000
128703  51.108  33.229  -13.539 0.0000000000
127853  50.896  32.848  -14.880 0.0000000000
127864  51.187  32.549  -15.834 0.0000000000
127863  52.054  32.754  -15.931 0.0000000000
126980  50.276  32.096  -17.335 0.0000000000
126989  49.628  31.775  -17.885 0.0000000000
126995  49.129  31.587  -18.543 0.0000000000
125101  47.420  28.937  -19.137 0.0000000000
124111  47.224  28.265  -18.764 0.0000000000
125085  46.748  29.732  -17.123 0.0000000000
123091  46.235  27.529  -15.901 0.0000000000
133640  51.961  39.393  0.483 0.0000000000
132925  43.403  38.645  -12.618 0.0000000000
131226  45.170  36.569  -12.377 0.0000000000
131225  46.032  36.709  -12.785 0.0000000000
133662  41.503  40.148  -0.140 0.0000000000
133663  40.381  39.932  -0.007 0.0000000000
133681  41.548  39.464  -1.112 0.0000000000
132832  41.971  38.100  -2.229 0.0000000000
131974  42.326  37.421  -2.579 0.0000000000
131093  41.736  36.660  -2.928 0.0000000000
126856  40.029  31.511  -3.866 0.0000000000
124961  41.072  29.078  -2.954 0.0000000000
123997  42.033  28.691  -3.019 0.0000000000
122999  42.433  27.396  -3.015 0.0000000000
121962  42.834  26.589  -3.236 0.0000000000
121961  43.325  26.594  -3.861 0.0000000000
119783  44.464  24.733  -5.056 0.0000000000
132003  51.134  37.263  -4.463 0.0000000000
131125  51.354  36.548  -5.864 0.0000000000
131135  52.007  36.352  -6.616 0.0000000000
131136  50.966  36.195  -6.586 0.0000000000
130306  51.059  35.781  -7.835 0.0000000000
130325  50.629  35.607  -8.510 0.0000000000
130357  50.836  35.767  -10.143 0.0000000000
131194  50.496  36.087  -10.947 0.0000000000
131193  51.484  36.040  -10.857 0.0000000000
131222  51.925  36.618  -12.399 0.0000000000
131241  52.068  36.107  -13.445 0.0000000000
130379  53.246  35.955  -12.038 0.0000000000
130391  52.534  35.929  -13.353 0.0000000000
130402  51.403  34.990  -13.911 0.0000000000
129569  50.899  34.336  -15.685 0.0000000000
128737  49.810  33.458  -16.970 0.0000000000
131088  46.887  36.065  -2.070 0.0000000000
131072  47.443  36.563  -1.514 0.0000000000
131087  47.857  35.846  -1.934 0.0000000000
129427  48.728  34.641  -4.138 0.0000000000
129445  49.000  34.575  -4.680 0.0000000000
129459  48.738  33.877  -5.937 0.0000000000
129458  49.802  34.423  -5.778 0.0000000000
128624  50.083  33.643  -7.077 0.0000000000
127767  51.074  32.627  -7.824 0.0000000000
127779  51.440  32.081  -8.229 0.0000000000
121034  47.344  25.539  -15.567 0.0000000000
122085  47.324  26.532  -15.872 0.0000000000
121039  47.525  25.723  -16.566 0.0000000000
122094  47.639  26.578  -16.787 0.0000000000
122102  47.801  26.572  -17.600 0.0000000000
119956  48.154  24.958  -18.109 0.0000000000
121053  47.973  25.857  -17.981 0.0000000000
123103  47.977  27.197  -17.860 0.0000000000
124101  48.059  27.960  -17.629 0.0000000000
124100  48.297  28.547  -18.158 0.0000000000
125099  48.354  29.258  -18.606 0.0000000000
124118  48.054  28.052  -19.372 0.0000000000
123122  47.551  27.242  -19.736 0.0000000000
121069  47.612  25.906  -19.348 0.0000000000
122119  47.391  26.545  -19.498 0.0000000000
123123  47.174  27.156  -19.339 0.0000000000
122111  46.940  26.421  -18.874 0.0000000000
122103  46.744  26.422  -18.280 0.0000000000
119942  45.368  24.374  -16.232 0.0000000000
117671  45.409  22.529  -14.904 0.0000000000
117670  46.148  22.565  -15.312 0.0000000000
131928  37.128  38.233  0.376 0.0000000000
131945  37.335  38.151  -0.227 0.0000000000
131965  36.839  37.280  -0.923 0.0000000000
131075  37.291  36.646  -1.754 0.0000000000
131097  37.641  36.419  -2.107 0.0000000000
130229  36.521  35.593  -1.769 0.0000000000
130248  36.997  35.413  -2.072 0.0000000000
130247  37.479  35.747  -2.205 0.0000000000
128587  38.368  33.191  -3.266 0.0000000000
127734  38.682  32.516  -3.370 0.0000000000
132840  53.038  38.180  -3.543 0.0000000000
132859  53.294  38.082  -3.910 0.0000000000
133698  53.802  38.728  -2.943 0.0000000000
132000  53.962  37.692  -4.372 0.0000000000
132013  53.848  37.458  -5.187 0.0000000000
131163  55.372  36.000  -7.831 0.0000000000
130338  55.723  35.398  -9.072 0.0000000000
124031  46.772  29.170  -7.318 0.0000000000
125009  47.079  29.539  -7.675 0.0000000000
125022  45.838  29.384  -8.426 0.0000000000
125039  45.568  29.116  -10.148 0.0000000000
125046  45.661  28.858  -10.619 0.0000000000
123061  45.679  27.465  -10.944 0.0000000000
123060  46.058  27.626  -11.682 0.0000000000
124057  46.105  28.665  -11.633 0.0000000000
123068  46.555  27.413  -12.559 0.0000000000
122069  46.879  26.450  -13.830 0.0000000000
119910  47.942  24.526  -13.168 0.0000000000
118785  49.573  23.926  -14.626 0.0000000000
119921  48.765  24.053  -14.207 0.0000000000
117700  49.384  23.421  -17.956 0.0000000000
116600  48.733  22.143  -16.899 0.0000000000
133646  46.401  40.008  0.265 0.0000000000
132802  46.247  38.666  -0.849 0.0000000000
134523  42.399  40.187  2.472 0.0000000000
134543  42.607  40.621  1.454 0.0000000000
134557  43.578  40.423  0.103 0.0000000000
133679  43.539  39.143  -1.456 0.0000000000
133659  44.633  39.399  -0.928 0.0000000000
132803  45.406  38.828  -0.982 0.0000000000
131073  46.621  36.747  -1.731 0.0000000000
130242  46.349  35.582  -2.656 0.0000000000
130260  46.809  34.906  -3.225 0.0000000000
129430  46.316  34.371  -3.838 0.0000000000
129447  46.815  33.803  -4.577 0.0000000000
128616  46.792  32.583  -5.737 0.0000000000
127746  47.177  31.998  -5.982 0.0000000000
125938  47.226  29.850  -5.886 0.0000000000
131964  38.200  37.856  -1.334 0.0000000000
131977  39.015  37.413  -2.031 0.0000000000
131976  40.203  37.737  -2.313 0.0000000000
131107  42.209  35.989  -3.302 0.0000000000
126865  40.542  32.123  -4.022 0.0000000000
127742  40.896  32.577  -4.141 0.0000000000
128612  41.261  32.964  -4.251 0.0000000000
125931  42.060  30.733  -4.042 0.0000000000
127741  41.516  32.430  -4.221 0.0000000000
128597  41.499  33.922  -4.102 0.0000000000
129434  42.192  34.291  -4.073 0.0000000000
130264  42.701  35.272  -3.736 0.0000000000
129433  43.304  34.506  -4.005 0.0000000000
128608  44.562  32.934  -4.472 0.0000000000
127737  45.274  32.063  -4.924 0.0000000000
126860  44.728  31.014  -4.702 0.0000000000
126873  45.437  31.210  -5.129 0.0000000000
127748  45.747  31.596  -5.249 0.0000000000
125939  46.460  30.077  -5.418 0.0000000000
124012  47.284  29.025  -6.438 0.0000000000
124032  45.839  28.604  -7.556 0.0000000000
123039  44.927  27.388  -8.059 0.0000000000
122032  45.012  26.616  -8.840 0.0000000000
122022  44.772  26.614  -7.683 0.0000000000
122021  44.869  26.605  -8.180 0.0000000000
120966  45.422  25.721  -9.254 0.0000000000
120965  46.199  25.431  -9.682 0.0000000000
119866  47.519  24.655  -9.773 0.0000000000
118681  44.779  24.335  -5.443 0.0000000000
118713  46.659  23.623  -7.484 0.0000000000
118699  46.910  23.298  -6.605 0.0000000000
118728  46.469  23.982  -8.213 0.0000000000
119847  47.906  24.059  -8.856 0.0000000000
132778  36.840  38.248  1.798 0.0000000000
131929  36.508  37.914  0.796 0.0000000000
131924  35.348  37.563  1.495 0.0000000000
131930  35.080  37.073  0.358 0.0000000000
131925  34.231  36.921  1.140 0.0000000000
131064  34.533  36.262  -0.155 0.0000000000
130216  33.947  35.990  0.123 0.0000000000
129400  31.952  35.101  1.374 0.0000000000
128575  31.984  34.517  1.028 0.0000000000
128574  32.294  34.080  0.554 0.0000000000
132028  45.349  37.109  -6.452 0.0000000000
131152  46.743  36.104  -7.469 0.0000000000
131153  45.883  36.549  -7.491 0.0000000000
132031  45.092  36.976  -7.511 0.0000000000
132910  45.905  39.490  -11.513 0.0000000000
133770  46.881  40.547  -12.605 0.0000000000
134664  47.313  40.668  -13.178 0.0000000000
132908  47.674  38.656  -12.025 0.0000000000
134663  48.009  40.298  -13.351 0.0000000000
133795  46.918  39.943  -14.138 0.0000000000
132935  47.300  38.537  -13.620 0.0000000000
132103  46.619  37.749  -13.023 0.0000000000
131237  46.171  35.991  -13.024 0.0000000000
132072  50.239  36.306  -12.463 0.0000000000
132919  50.802  37.847  -13.075 0.0000000000
132944  50.402  38.330  -14.236 0.0000000000
131244  49.854  36.350  -14.048 0.0000000000
131245  49.233  36.579  -14.003 0.0000000000
132112  48.966  37.809  -14.039 0.0000000000
131235  47.838  36.857  -13.578 0.0000000000
130394  46.596  35.569  -13.423 0.0000000000
130395  45.809  35.270  -13.169 0.0000000000
129560  44.599  34.348  -14.175 0.0000000000
128728  45.516  33.453  -15.457 0.0000000000
134518  47.741  40.663  1.430 0.0000000000
134516  49.769  40.366  1.486 0.0000000000
133641  51.058  39.440  0.765 0.0000000000
132796  52.215  38.311  -0.513 0.0000000000
131071  48.428  36.459  -1.460 0.0000000000
131956  49.011  37.027  -0.965 0.0000000000
131955  50.024  37.058  -1.032 0.0000000000
130238  50.501  35.765  -2.820 0.0000000000
131954  51.040  37.135  -1.125 0.0000000000
131953  52.002  37.360  -1.346 0.0000000000
131938  52.484  37.917  -1.029 0.0000000000
131969  53.368  37.421  -2.238 0.0000000000
131118  54.333  36.801  -3.928 0.0000000000
131117  54.864  36.468  -4.690 0.0000000000
130292  54.320  35.581  -5.772 0.0000000000
130291  54.980  35.881  -5.971 0.0000000000
131122  55.079  36.470  -5.230 0.0000000000
130303  55.541  35.671  -6.886 0.0000000000
129506  55.814  34.812  -8.851 0.0000000000
129515  55.725  34.911  -9.992 0.0000000000
125020  47.571  29.949  -7.953 0.0000000000
125972  48.365  30.321  -8.228 0.0000000000
125983  48.021  30.840  -9.071 0.0000000000
126931  47.240  31.371  -10.551 0.0000000000
126916  47.674  31.221  -9.834 0.0000000000
125982  48.950  30.920  -8.791 0.0000000000
126914  49.525  31.345  -9.381 0.0000000000
126913  50.592  31.278  -9.228 0.0000000000
126927  50.996  31.792  -10.041 0.0000000000
124076  47.507  28.495  -14.675 0.0000000000
125068  47.519  29.469  -14.124 0.0000000000
126958  47.890  31.253  -13.747 0.0000000000
126020  48.214  30.849  -14.917 0.0000000000
126949  48.169  32.121  -13.070 0.0000000000
127815  49.653  32.593  -11.455 0.0000000000
127801  50.374  32.240  -10.707 0.0000000000
126926  51.681  31.821  -10.211 0.0000000000
127789  52.630  31.945  -9.594 0.0000000000
127788  53.341  32.430  -9.951 0.0000000000
127827  51.860  32.918  -12.801 0.0000000000
127812  52.925  32.754  -11.884 0.0000000000
128673  54.277  32.890  -10.199 0.0000000000
128672  55.011  33.496  -10.525 0.0000000000
128671  55.448  34.228  -10.787 0.0000000000
128678  55.251  34.450  -11.435 0.0000000000
128688  54.376  34.024  -12.982 0.0000000000
127861  52.987  33.514  -15.614 0.0000000000
127874  51.997  33.066  -16.544 0.0000000000
128734  52.468  33.465  -16.223 0.0000000000
128746  49.083  33.053  -17.754 0.0000000000
126060  48.787  30.921  -18.678 0.0000000000
127007  48.195  30.962  -18.855 0.0000000000
125092  47.659  29.940  -18.876 0.0000000000
126996  48.491  31.507  -18.677 0.0000000000
127893  48.115  31.920  -18.509 0.0000000000
128747  48.094  33.122  -17.723 0.0000000000
127886  47.109  32.012  -17.463 0.0000000000
126983  46.609  31.527  -16.841 0.0000000000
126030  46.297  30.700  -16.061 0.0000000000
125077  46.415  29.469  -15.960 0.0000000000
116561  45.156  21.951  -13.011 0.0000000000
116594  47.015  22.137  -16.079 0.0000000000
117662  45.085  22.449  -14.170 0.0000000000
117694  46.124  23.010  -16.545 0.0000000000
118680  45.301  23.993  -5.855 0.0000000000
118701  45.435  24.203  -6.827 0.0000000000
118727  47.267  23.771  -8.182 0.0000000000
118729  46.048  24.207  -8.202 0.0000000000
118784  49.823  23.978  -14.583 0.0000000000
119797  44.797  24.770  -5.876 0.0000000000
119814  45.125  24.778  -6.982 0.0000000000
119815  44.963  24.955  -6.485 0.0000000000
119868  45.972  25.057  -9.130 0.0000000000
119932  50.463  24.132  -14.542 0.0000000000
119950  46.113  24.359  -17.118 0.0000000000
119969  48.003  25.403  -19.053 0.0000000000
119970  47.799  25.592  -19.243 0.0000000000
120900  43.624  26.048  -4.003 0.0000000000
120937  44.918  26.181  -7.082 0.0000000000
120951  44.825  26.035  -7.550 0.0000000000
121027  46.892  25.764  -13.417 0.0000000000
121045  47.826  25.879  -17.322 0.0000000000
121054  46.403  25.483  -17.807 0.0000000000
121062  47.372  25.501  -19.149 0.0000000000
121070  47.248  26.144  -19.108 0.0000000000
121983  45.202  26.862  -5.881 0.0000000000
121984  44.974  26.435  -5.632 0.0000000000
121998  45.367  27.071  -6.085 0.0000000000
122009  45.324  27.096  -6.558 0.0000000000
122010  45.021  26.838  -7.059 0.0000000000
122052  45.893  26.597  -11.016 0.0000000000
122053  45.551  27.095  -10.592 0.0000000000
122117  48.111  26.569  -19.284 0.0000000000
123031  44.910  27.068  -7.548 0.0000000000
123076  46.741  27.224  -13.318 0.0000000000
123083  47.361  27.484  -15.213 0.0000000000
123096  47.813  27.351  -17.133 0.0000000000
123097  46.478  27.556  -16.970 0.0000000000
123113  47.357  27.757  -19.415 0.0000000000
123121  47.920  27.360  -19.575 0.0000000000
123986  42.072  28.068  -2.838 0.0000000000
123995  43.412  28.341  -3.803 0.0000000000
124003  44.903  28.433  -4.651 0.0000000000
124021  47.368  29.151  -6.931 0.0000000000
124022  46.700  28.830  -6.797 0.0000000000
124030  47.285  29.313  -7.304 0.0000000000
124058  45.729  28.329  -10.956 0.0000000000
124119  47.746  28.109  -19.541 0.0000000000
124971  41.594  29.305  -3.246 0.0000000000
124972  40.825  29.611  -3.211 0.0000000000
124985  47.255  29.217  -6.051 0.0000000000
124996  48.436  29.819  -6.627 0.0000000000
125008  47.776  29.508  -7.278 0.0000000000
125010  46.417  29.342  -7.858 0.0000000000
125019  48.226  29.910  -7.568 0.0000000000
125021  46.692  29.882  -8.363 0.0000000000
125031  45.512  29.327  -9.298 0.0000000000
125053  46.581  29.495  -12.075 0.0000000000
125061  46.688  28.892  -12.643 0.0000000000
125084  47.932  28.917  -15.997 0.0000000000
125928  44.888  30.023  -4.552 0.0000000000
125932  41.392  31.062  -4.048 0.0000000000
125969  50.679  31.007  -8.224 0.0000000000
125971  49.363  30.479  -8.028 0.0000000000
125973  47.427  30.331  -8.672 0.0000000000
125980  50.561  30.890  -8.517 0.0000000000
125981  49.893  30.886  -8.642 0.0000000000
125985  46.555  30.424  -9.688 0.0000000000
125992  46.403  30.282  -10.430 0.0000000000
126007  46.950  30.402  -12.254 0.0000000000
126008  46.683  30.096  -11.925 0.0000000000
126028  48.288  30.366  -15.548 0.0000000000
126029  48.030  30.078  -15.156 0.0000000000
126034  49.203  31.170  -17.014 0.0000000000
126061  48.402  30.733  -18.971 0.0000000000
126062  48.058  30.640  -18.856 0.0000000000
126864  41.001  31.760  -4.061 0.0000000000
126872  46.080  31.033  -5.328 0.0000000000
126883  49.040  31.509  -6.893 0.0000000000
126884  48.441  31.378  -6.664 0.0000000000
126893  50.155  31.524  -7.605 0.0000000000
126894  49.592  31.569  -7.259 0.0000000000
126902  51.669  31.656  -8.771 0.0000000000
126903  51.139  31.275  -8.548 0.0000000000
126904  50.671  31.352  -7.998 0.0000000000
126912  51.766  31.485  -9.497 0.0000000000
126917  46.983  30.935  -10.005 0.0000000000
126932  46.745  30.855  -10.587 0.0000000000
126941  46.957  31.054  -11.105 0.0000000000
126950  47.547  31.381  -12.701 0.0000000000
126964  49.477  31.967  -15.291 0.0000000000
126966  48.184  31.169  -14.473 0.0000000000
126988  50.119  32.134  -17.744 0.0000000000
127005  49.048  31.241  -18.573 0.0000000000
127006  48.698  31.191  -18.746 0.0000000000
127732  40.248  32.633  -4.001 0.0000000000
127758  48.525  32.166  -6.677 0.0000000000
127768  50.632  32.171  -7.754 0.0000000000
127797  54.539  32.860  -11.192 0.0000000000
127799  52.430  32.062  -10.589 0.0000000000
127802  49.424  32.163  -10.657 0.0000000000
127803  48.802  32.074  -10.594 0.0000000000
127810  54.399  33.082  -11.739 0.0000000000
127811  53.884  32.792  -11.678 0.0000000000
127817  47.985  32.062  -11.445 0.0000000000
127830  48.857  32.582  -12.281 0.0000000000
127838  53.533  33.114  -14.386 0.0000000000
127840  52.174  32.956  -13.727 0.0000000000
127841  50.610  33.110  -14.066 0.0000000000
127842  49.853  32.965  -13.755 0.0000000000
127862  52.607  33.241  -15.916 0.0000000000
127865  50.265  32.380  -15.609 0.0000000000
127873  52.311  33.307  -16.334 0.0000000000
127882  50.456  32.416  -17.603 0.0000000000
127892  48.871  32.124  -18.616 0.0000000000
128611  41.827  33.284  -4.319 0.0000000000
128614  48.229  33.411  -6.042 0.0000000000
128627  48.120  32.610  -6.403 0.0000000000
128640  50.600  33.173  -7.455 0.0000000000
128650  55.181  34.353  -8.695 0.0000000000
128652  53.188  33.456  -8.530 0.0000000000
128654  51.933  32.495  -8.307 0.0000000000
128689  54.198  33.308  -12.744 0.0000000000
128691  51.427  33.133  -13.215 0.0000000000
128693  50.683  33.108  -12.793 0.0000000000
128700  54.175  34.179  -13.827 0.0000000000
128702  51.612  33.118  -13.574 0.0000000000
128712  53.813  33.859  -14.539 0.0000000000
128714  51.318  33.135  -14.154 0.0000000000
128721  53.216  33.795  -15.226 0.0000000000
128722  52.635  33.799  -15.848 0.0000000000
128723  52.218  33.980  -16.047 0.0000000000
128725  49.979  33.751  -16.432 0.0000000000
128735  52.094  33.600  -16.406 0.0000000000
129407  32.475  35.040  0.919 0.0000000000
129408  32.103  34.896  1.090 0.0000000000
129431  45.326  34.528  -3.867 0.0000000000
129443  50.538  35.066  -5.020 0.0000000000
129450  43.941  33.731  -4.164 0.0000000000
129452  42.429  33.606  -4.331 0.0000000000
129466  55.013  35.550  -6.381 0.0000000000
129467  54.722  35.373  -6.371 0.0000000000
129468  53.834  35.241  -6.176 0.0000000000
129469  52.832  34.879  -6.435 0.0000000000
129472  49.637  33.844  -6.596 0.0000000000
129483  55.147  35.360  -6.767 0.0000000000
129487  51.669  34.000  -7.376 0.0000000000
129488  51.084  33.685  -7.490 0.0000000000
129522  55.426  34.960  -11.029 0.0000000000
129539  53.897  34.826  -13.342 0.0000000000
129540  53.369  35.072  -13.553 0.0000000000
129541  47.058  34.969  -13.924 0.0000000000
129543  45.233  34.730  -13.630 0.0000000000
129551  53.996  34.563  -13.947 0.0000000000
129553  52.331  34.602  -14.395 0.0000000000
129573  46.835  34.199  -15.366 0.0000000000
129579  51.488  33.897  -16.258 0.0000000000
129580  49.695  33.762  -16.433 0.0000000000
130210  32.609  35.720  1.380 0.0000000000
130211  32.115  35.509  1.645 0.0000000000
130218  32.812  35.496  0.921 0.0000000000
130225  34.308  35.746  -0.392 0.0000000000
130226  33.752  35.511  -0.068 0.0000000000
130231  34.706  35.579  -0.855 0.0000000000
130235  52.873  36.506  -2.833 0.0000000000
130236  52.455  36.345  -2.837 0.0000000000
130239  49.430  35.536  -2.796 0.0000000000
130244  40.383  35.943  -3.174 0.0000000000
130256  51.144  35.549  -3.547 0.0000000000
130268  39.301  34.976  -3.199 0.0000000000
130275  54.871  36.267  -4.803 0.0000000000
130276  54.648  36.298  -4.576 0.0000000000
130277  53.900  36.208  -4.039 0.0000000000
130282  49.191  34.774  -4.182 0.0000000000
130284  54.936  36.247  -5.059 0.0000000000
130287  52.526  35.407  -5.025 0.0000000000
130289  51.019  35.170  -5.040 0.0000000000
130293  53.940  35.455  -5.766 0.0000000000
130294  49.835  35.936  -7.139 0.0000000000
130304  52.292  35.933  -8.038 0.0000000000
130310  47.455  35.969  -7.841 0.0000000000
130321  55.722  35.531  -7.984 0.0000000000
130326  49.636  35.537  -8.461 0.0000000000
130328  47.805  35.891  -8.495 0.0000000000
130339  55.159  35.773  -9.236 0.0000000000
130341  52.159  35.804  -9.379 0.0000000000
130342  51.193  35.643  -9.346 0.0000000000
130345  48.265  35.847  -9.354 0.0000000000
130355  54.282  35.883  -10.410 0.0000000000
130366  55.429  35.395  -10.472 0.0000000000
130378  54.021  35.506  -12.163 0.0000000000
130380  45.537  35.806  -12.639 0.0000000000
130401  52.461  35.492  -13.779 0.0000000000
130410  51.615  34.688  -14.672 0.0000000000
130411  51.141  34.820  -14.831 0.0000000000
131046  33.186  36.565  1.733 0.0000000000
131050  33.915  36.628  0.869 0.0000000000
131051  33.367  36.428  1.173 0.0000000000
131052  32.898  36.176  1.547 0.0000000000
131054  34.776  36.721  0.085 0.0000000000
131055  34.206  36.461  0.353 0.0000000000
131062  35.707  36.786  -0.571 0.0000000000
131066  52.797  37.184  -1.994 0.0000000000
131067  52.390  37.029  -1.877 0.0000000000
131068  51.460  36.817  -1.734 0.0000000000
131069  50.470  36.575  -1.560 0.0000000000
131070  49.446  36.444  -1.455 0.0000000000
131077  35.437  36.335  -0.781 0.0000000000
131080  53.962  37.357  -2.750 0.0000000000
131081  53.726  37.156  -2.676 0.0000000000
131102  54.035  37.196  -3.050 0.0000000000
131103  53.716  36.639  -3.254 0.0000000000
131104  53.258  36.563  -2.979 0.0000000000
131109  40.822  35.987  -3.224 0.0000000000
131119  54.032  36.536  -3.713 0.0000000000
131123  52.813  36.842  -5.914 0.0000000000
131124  52.345  36.720  -5.892 0.0000000000
131141  46.158  36.620  -6.795 0.0000000000
131147  51.542  36.029  -7.315 0.0000000000
131148  50.626  35.954  -7.187 0.0000000000
131149  50.202  35.940  -7.155 0.0000000000
131150  48.265  35.971  -7.149 0.0000000000
131167  47.327  36.005  -8.720 0.0000000000
131178  54.444  35.976  -9.061 0.0000000000
131181  48.083  36.048  -9.857 0.0000000000
131195  49.459  36.179  -10.827 0.0000000000
131209  51.127  36.607  -11.811 0.0000000000
131224  46.456  37.105  -12.909 0.0000000000
131231  52.705  36.240  -12.515 0.0000000000
131232  52.219  36.380  -13.071 0.0000000000
131233  51.476  36.258  -13.217 0.0000000000
131234  48.573  37.048  -13.756 0.0000000000
131236  46.889  36.666  -13.104 0.0000000000
131243  50.442  36.015  -13.294 0.0000000000
131931  34.466  36.888  0.576 0.0000000000
131937  52.873  38.028  -1.168 0.0000000000
131939  51.628  37.730  -0.779 0.0000000000
131940  50.657  37.663  -0.637 0.0000000000
131944  37.953  38.319  -0.628 0.0000000000
131947  35.413  36.915  -0.116 0.0000000000
131950  53.817  37.889  -2.247 0.0000000000
131951  53.621  37.864  -2.040 0.0000000000
131952  52.977  37.676  -1.647 0.0000000000
131957  48.034  37.141  -1.069 0.0000000000
131970  53.053  37.315  -2.076 0.0000000000
131985  52.488  37.858  -3.883 0.0000000000
131986  51.553  37.687  -3.830 0.0000000000
132001  53.159  37.845  -4.321 0.0000000000
132008  46.217  37.629  -4.816 0.0000000000
132018  48.649  36.886  -5.079 0.0000000000
132020  46.676  37.025  -5.458 0.0000000000
132023  54.945  37.021  -5.730 0.0000000000
132024  54.467  37.231  -5.870 0.0000000000
132026  53.279  36.997  -5.934 0.0000000000
132040  44.977  37.057  -8.420 0.0000000000
132058  48.315  36.815  -11.141 0.0000000000
132071  50.797  36.558  -12.410 0.0000000000
132074  48.653  37.363  -11.653 0.0000000000
132075  47.601  37.735  -11.498 0.0000000000
132086  51.621  36.528  -12.847 0.0000000000
132087  50.604  36.279  -12.772 0.0000000000
132088  50.360  37.572  -12.569 0.0000000000
132091  46.214  37.292  -12.846 0.0000000000
132092  45.690  37.585  -12.769 0.0000000000
132099  51.283  36.333  -12.995 0.0000000000
132110  50.481  37.209  -14.104 0.0000000000
132111  49.821  37.601  -14.185 0.0000000000
132781  52.040  38.817  -0.035 0.0000000000
132782  51.168  38.794  0.273 0.0000000000
132787  38.551  38.939  0.885 0.0000000000
132789  37.121  38.280  1.230 0.0000000000
132794  53.486  38.617  -0.978 0.0000000000
132795  53.076  38.526  -0.875 0.0000000000
132799  49.297  38.423  -0.089 0.0000000000
132804  39.022  39.044  -0.380 0.0000000000
132806  37.730  38.579  0.015 0.0000000000
132810  53.919  38.103  -2.122 0.0000000000
132813  46.382  37.971  -1.166 0.0000000000
132824  53.637  38.739  -2.938 0.0000000000
132826  52.460  38.539  -2.793 0.0000000000
132834  40.559  38.187  -2.105 0.0000000000
132839  53.792  38.603  -3.235 0.0000000000
132846  46.891  38.581  -3.649 0.0000000000
132858  53.600  38.117  -3.860 0.0000000000
132907  48.342  38.134  -12.022 0.0000000000
132921  48.879  38.807  -12.619 0.0000000000
132922  48.090  39.423  -12.530 0.0000000000
132931  50.837  37.598  -13.450 0.0000000000
132932  50.832  38.490  -13.719 0.0000000000
132933  50.010  38.964  -13.808 0.0000000000
132939  43.514  39.467  -13.270 0.0000000000
132946  48.262  38.778  -14.022 0.0000000000
132947  47.487  39.332  -13.933 0.0000000000
133624  51.906  39.948  1.082 0.0000000000
133625  51.037  40.041  1.240 0.0000000000
133626  50.427  40.133  1.345 0.0000000000
133627  41.826  39.968  2.369 0.0000000000
133628  41.229  39.896  1.986 0.0000000000
133642  50.037  39.651  0.920 0.0000000000
133643  49.050  39.464  0.604 0.0000000000
133644  47.980  39.276  0.278 0.0000000000
133648  40.237  39.745  0.966 0.0000000000
133655  53.318  39.173  -0.481 0.0000000000
133664  39.364  39.422  -0.013 0.0000000000
133665  38.948  39.135  0.287 0.0000000000
133670  54.052  38.516  -1.996 0.0000000000
133685  54.063  38.647  -2.470 0.0000000000
133686  53.644  38.830  -2.590 0.0000000000
133697  54.032  38.674  -2.882 0.0000000000
133760  46.647  39.926  -12.074 0.0000000000
133769  47.653  40.126  -12.674 0.0000000000
133780  49.215  39.531  -13.826 0.0000000000
133782  46.882  39.226  -13.788 0.0000000000
133794  47.891  39.886  -14.234 0.0000000000
133796  46.050  40.249  -13.992 0.0000000000
133797  45.523  40.514  -14.089 0.0000000000
134495  44.426  40.690  3.312 0.0000000000
134524  41.843  40.043  2.102 0.0000000000
134653  46.185  40.531  -12.288 0.0000000000
134666  45.536  41.461  -12.461 0.0000000000
134677  47.709  40.483  -13.823 0.0000000000
134680  45.075  40.811  -13.802 0.0000000000
134689  47.243  40.467  -14.128 0.0000000000
134690  46.514  40.650  -14.056 0.0000000000
134691  45.777  40.732  -14.029 0.0000000000
134692  45.468  40.755  -14.056 0.0000000000
135407  46.519  41.073  3.395 0.0000000000
