#!ascii label  , from subject 198451 vox2ras=TkReg
1139
77007  30.747  -10.728  22.835 0.0000000000
99873  44.984  7.261  7.956 0.0000000000
86266  34.503  -3.957  14.391 0.0000000000
70207  11.521  -15.601  33.231 0.0000000000
80706  24.762  -5.641  26.595 0.0000000000
95036  34.177  3.928  12.707 0.0000000000
76915  16.878  -10.580  27.935 0.0000000000
70238  15.566  -15.552  30.586 0.0000000000
78190  20.449  -9.285  25.740 0.0000000000
98576  50.613  7.157  6.200 0.0000000000
81988  29.193  -7.013  23.451 0.0000000000
84728  29.248  -4.975  21.136 0.0000000000
79464  34.158  -8.366  22.814 0.0000000000
108321  45.907  14.077  6.935 0.0000000000
108343  45.286  14.179  2.489 0.0000000000
104848  40.518  11.876  9.637 0.0000000000
101069  42.147  7.470  10.920 0.0000000000
98516  38.228  6.882  11.436 0.0000000000
91536  38.653  -0.196  13.155 0.0000000000
74264  29.720  -13.037  26.263 0.0000000000
67328  11.927  -18.461  37.133 0.0000000000
65881  7.879  -19.575  38.853 0.0000000000
65850  5.124  -18.703  41.733 0.0000000000
78222  27.660  -9.657  23.947 0.0000000000
76991  24.645  -10.756  24.936 0.0000000000
86221  28.641  -3.469  17.386 0.0000000000
84754  34.206  -5.458  20.884 0.0000000000
111871  49.200  17.421  -0.607 0.0000000000
98565  47.517  6.270  7.330 0.0000000000
97301  46.524  5.130  9.968 0.0000000000
79465  30.605  -8.379  23.064 0.0000000000
79486  31.347  -7.756  21.466 0.0000000000
77024  32.260  -9.668  22.444 0.0000000000
102351  46.260  9.200  7.988 0.0000000000
106043  48.013  12.234  7.661 0.0000000000
101139  47.620  8.011  6.513 0.0000000000
102386  47.940  9.893  4.903 0.0000000000
64367  6.602  -21.189  44.065 0.0000000000
102327  38.873  9.824  10.022 0.0000000000
102317  36.953  9.830  11.693 0.0000000000
88969  33.947  -0.691  12.569 0.0000000000
92704  36.161  1.484  12.010 0.0000000000
88947  37.017  -1.763  13.484 0.0000000000
86234  37.656  -4.209  16.171 0.0000000000
70219  13.426  -16.204  32.079 0.0000000000
68803  15.800  -16.999  33.607 0.0000000000
68791  13.249  -17.443  34.073 0.0000000000
67326  13.287  -17.912  37.197 0.0000000000
68774  11.064  -17.224  34.355 0.0000000000
67313  7.525  -17.839  37.405 0.0000000000
64424  6.513  -19.745  40.560 0.0000000000
79440  25.923  -7.712  24.613 0.0000000000
78224  25.716  -9.930  24.239 0.0000000000
80740  24.267  -7.877  24.153 0.0000000000
75579  20.321  -12.483  27.479 0.0000000000
76912  21.808  -11.776  27.426 0.0000000000
84700  32.222  -4.689  22.505 0.0000000000
86170  30.805  -4.231  20.332 0.0000000000
101042  35.667  8.351  13.688 0.0000000000
93869  32.456  2.220  13.777 0.0000000000
88932  31.691  -1.561  13.787 0.0000000000
74211  18.862  -13.276  27.828 0.0000000000
71501  18.393  -14.990  30.612 0.0000000000
72830  15.597  -13.224  28.986 0.0000000000
72811  14.091  -13.367  30.572 0.0000000000
72752  12.770  -12.887  32.378 0.0000000000
81970  22.176  -6.719  25.147 0.0000000000
80708  20.222  -6.708  27.291 0.0000000000
76935  18.826  -10.345  26.458 0.0000000000
87516  26.975  -3.361  24.395 0.0000000000
86153  26.349  -4.189  21.494 0.0000000000
83283  28.493  -6.066  22.149 0.0000000000
82006  32.006  -6.312  21.530 0.0000000000
112985  46.381  17.875  3.981 0.0000000000
109480  44.481  14.935  4.732 0.0000000000
104920  48.572  10.857  3.999 0.0000000000
103614  42.924  10.440  8.332 0.0000000000
99850  42.937  7.753  8.933 0.0000000000
101099  40.568  8.857  9.406 0.0000000000
99819  40.090  7.226  11.090 0.0000000000
95030  40.808  3.200  11.725 0.0000000000
97280  35.636  5.646  12.142 0.0000000000
93884  38.081  2.331  11.750 0.0000000000
75641  30.123  -11.850  23.813 0.0000000000
75624  32.372  -11.477  24.901 0.0000000000
106032  44.541  11.997  8.846 0.0000000000
70187  9.881  -15.243  34.611 0.0000000000
67349  9.923  -17.817  35.691 0.0000000000
65903  9.440  -19.120  37.472 0.0000000000
64440  9.444  -20.659  40.136 0.0000000000
63014  8.023  -20.738  41.113 0.0000000000
64392  6.540  -20.732  42.015 0.0000000000
64380  5.356  -20.255  42.819 0.0000000000
64382  4.546  -20.299  42.993 0.0000000000
78241  28.985  -10.169  23.082 0.0000000000
75664  28.111  -11.639  23.805 0.0000000000
74286  27.213  -12.386  25.579 0.0000000000
78209  22.569  -9.084  25.041 0.0000000000
84858  31.812  -4.561  15.753 0.0000000000
84787  27.805  -4.454  19.334 0.0000000000
83366  31.499  -5.745  17.633 0.0000000000
84826  34.392  -5.636  16.762 0.0000000000
76967  34.663  -10.254  25.340 0.0000000000
107282  50.822  13.434  -2.518 0.0000000000
110702  47.113  16.241  0.275 0.0000000000
106150  49.275  12.365  -1.024 0.0000000000
98566  46.444  5.938  8.011 0.0000000000
97329  46.884  4.783  8.662 0.0000000000
98552  45.421  5.725  8.475 0.0000000000
78255  30.933  -9.251  22.643 0.0000000000
77025  31.699  -9.926  22.453 0.0000000000
77006  31.534  -10.562  22.766 0.0000000000
102366  45.322  8.435  7.732 0.0000000000
101126  46.777  7.930  7.546 0.0000000000
99871  46.254  7.075  7.747 0.0000000000
98579  47.777  6.958  6.635 0.0000000000
64353  5.977  -21.193  44.727 0.0000000000
104815  38.493  11.561  11.744 0.0000000000
103562  37.614  10.921  12.970 0.0000000000
87672  34.432  -2.343  13.259 0.0000000000
90315  35.141  -0.821  12.455 0.0000000000
87655  35.882  -2.959  13.775 0.0000000000
87637  37.209  -3.054  14.767 0.0000000000
86246  36.359  -3.823  14.849 0.0000000000
70220  12.499  -15.376  32.183 0.0000000000
70205  13.101  -16.552  32.842 0.0000000000
68806  12.812  -16.829  33.355 0.0000000000
67389  12.189  -17.486  34.508 0.0000000000
68793  11.486  -16.613  33.835 0.0000000000
80716  25.349  -6.736  25.193 0.0000000000
80728  24.991  -7.560  24.242 0.0000000000
80729  24.069  -6.708  24.612 0.0000000000
74166  20.128  -13.620  29.371 0.0000000000
90157  26.323  -1.146  22.472 0.0000000000
86101  31.920  -3.885  22.674 0.0000000000
90318  31.991  -0.007  13.525 0.0000000000
90286  31.139  -0.272  14.891 0.0000000000
74212  17.755  -12.770  27.531 0.0000000000
72846  17.224  -13.336  28.223 0.0000000000
74214  15.938  -12.191  28.359 0.0000000000
74167  14.497  -12.454  30.162 0.0000000000
74150  14.042  -12.792  30.855 0.0000000000
72790  13.328  -13.877  31.529 0.0000000000
80691  20.997  -5.936  27.829 0.0000000000
76914  17.263  -9.408  28.439 0.0000000000
78171  18.529  -8.675  27.102 0.0000000000
76936  17.787  -10.394  27.315 0.0000000000
75600  18.549  -11.564  26.883 0.0000000000
84680  27.398  -5.208  22.961 0.0000000000
83268  28.443  -6.114  23.156 0.0000000000
79475  32.458  -8.315  21.708 0.0000000000
80760  31.579  -7.212  21.293 0.0000000000
80753  33.181  -7.400  21.959 0.0000000000
81996  33.645  -6.483  22.499 0.0000000000
80746  34.625  -7.530  23.222 0.0000000000
107168  47.305  13.243  7.450 0.0000000000
111829  45.464  16.956  6.104 0.0000000000
109474  44.867  14.941  6.035 0.0000000000
99910  49.143  7.956  4.911 0.0000000000
103654  47.703  10.702  4.611 0.0000000000
101161  50.159  8.507  4.473 0.0000000000
104863  42.139  11.407  8.570 0.0000000000
102338  41.466  9.521  8.700 0.0000000000
103599  40.527  10.788  9.047 0.0000000000
101089  38.064  8.509  10.717 0.0000000000
99838  39.027  7.889  10.615 0.0000000000
99820  38.828  7.365  11.077 0.0000000000
97276  40.007  5.123  11.663 0.0000000000
97277  38.952  5.156  11.688 0.0000000000
98499  34.481  5.885  13.104 0.0000000000
98498  35.178  6.772  12.760 0.0000000000
96159  35.046  4.723  12.386 0.0000000000
91557  37.362  0.481  12.273 0.0000000000
93885  36.897  2.411  11.787 0.0000000000
92684  38.283  0.643  12.535 0.0000000000
92701  39.385  1.693  12.147 0.0000000000
74283  29.882  -12.613  25.268 0.0000000000
74282  30.634  -12.292  24.899 0.0000000000
106001  42.406  13.318  10.341 0.0000000000
106021  42.522  12.544  9.290 0.0000000000
104861  43.571  11.320  8.453 0.0000000000
71488  17.165  -15.872  31.062 0.0000000000
70227  16.695  -16.399  31.723 0.0000000000
67309  12.976  -17.821  37.820 0.0000000000
67311  11.792  -18.454  38.101 0.0000000000
67312  11.218  -19.206  38.476 0.0000000000
70188  9.467  -14.905  35.078 0.0000000000
68776  9.422  -15.703  34.944 0.0000000000
68757  8.293  -16.144  36.003 0.0000000000
65894  7.146  -18.300  38.180 0.0000000000
65904  8.491  -18.498  37.192 0.0000000000
65893  8.262  -19.231  38.158 0.0000000000
64460  9.662  -20.004  38.787 0.0000000000
64455  8.602  -19.977  39.171 0.0000000000
63013  9.057  -21.076  41.155 0.0000000000
64441  8.133  -20.387  39.846 0.0000000000
64425  5.991  -19.533  41.033 0.0000000000
64407  6.411  -20.338  41.218 0.0000000000
64408  5.716  -19.817  41.644 0.0000000000
64379  6.160  -20.661  43.082 0.0000000000
65851  5.144  -19.360  42.033 0.0000000000
78205  28.041  -8.958  24.608 0.0000000000
78221  28.667  -9.529  23.802 0.0000000000
76987  28.167  -10.314  23.334 0.0000000000
77010  27.997  -11.190  23.452 0.0000000000
76988  27.349  -10.586  23.800 0.0000000000
76990  25.448  -10.982  24.803 0.0000000000
75645  26.376  -11.552  24.862 0.0000000000
75646  25.886  -11.585  25.198 0.0000000000
79426  21.021  -8.422  25.511 0.0000000000
79442  22.243  -8.241  24.807 0.0000000000
78189  21.367  -9.736  25.644 0.0000000000
76910  23.314  -11.299  27.801 0.0000000000
101085  42.514  7.759  9.841 0.0000000000
101084  43.519  7.306  10.302 0.0000000000
101068  43.271  7.464  10.951 0.0000000000
87610  29.746  -2.746  16.403 0.0000000000
86252  30.448  -3.006  15.707 0.0000000000
84845  30.544  -4.303  16.490 0.0000000000
84729  28.346  -4.820  21.096 0.0000000000
84760  26.941  -4.274  20.162 0.0000000000
86173  28.611  -4.453  20.686 0.0000000000
84756  32.307  -4.803  20.368 0.0000000000
84784  30.952  -5.209  19.394 0.0000000000
83349  33.001  -6.146  18.440 0.0000000000
83364  33.578  -5.996  17.375 0.0000000000
83347  35.059  -6.211  18.522 0.0000000000
83346  36.062  -5.919  18.440 0.0000000000
76968  33.715  -10.541  25.095 0.0000000000
110729  50.078  16.412  -1.534 0.0000000000
110697  45.369  16.055  2.011 0.0000000000
111846  46.656  17.592  2.091 0.0000000000
109496  46.042  15.562  0.994 0.0000000000
106125  48.173  11.890  0.116 0.0000000000
103724  49.749  10.787  0.158 0.0000000000
76894  16.594  -9.685  29.041 0.0000000000
76895  16.213  -10.652  28.595 0.0000000000
98564  48.118  6.224  7.123 0.0000000000
98549  50.451  6.487  8.603 0.0000000000
97327  47.791  5.155  8.392 0.0000000000
81987  29.938  -7.287  23.862 0.0000000000
81998  29.886  -7.355  22.786 0.0000000000
79477  30.963  -8.336  22.252 0.0000000000
78254  31.935  -9.174  22.135 0.0000000000
78252  33.564  -8.977  22.675 0.0000000000
102348  48.859  9.492  8.016 0.0000000000
101109  47.975  8.903  7.547 0.0000000000
103624  48.136  10.050  6.490 0.0000000000
104880  47.511  10.538  6.338 0.0000000000
106053  45.917  12.348  6.168 0.0000000000
101150  47.871  8.425  5.753 0.0000000000
98590  48.576  7.282  5.805 0.0000000000
62957  7.495  -21.622  44.745 0.0000000000
104830  40.091  12.292  10.386 0.0000000000
103600  39.693  11.171  9.667 0.0000000000
103585  38.376  11.127  10.890 0.0000000000
102328  37.943  9.914  10.683 0.0000000000
99822  37.104  7.848  11.247 0.0000000000
92706  33.903  1.842  12.352 0.0000000000
93887  34.563  2.776  12.239 0.0000000000
91559  35.370  0.649  12.147 0.0000000000
90331  36.372  -0.436  12.455 0.0000000000
88946  37.741  -1.583  13.682 0.0000000000
87653  37.714  -2.508  14.332 0.0000000000
86233  38.681  -3.763  16.271 0.0000000000
74236  29.369  -13.123  27.384 0.0000000000
70229  14.281  -15.802  31.261 0.0000000000
70217  15.997  -16.660  32.431 0.0000000000
68821  14.445  -16.984  32.644 0.0000000000
68804  14.948  -17.289  33.539 0.0000000000
68772  14.559  -17.950  35.310 0.0000000000
67369  11.907  -17.840  35.025 0.0000000000
67348  11.274  -18.382  35.948 0.0000000000
68742  7.666  -16.541  36.827 0.0000000000
67314  6.949  -17.422  38.069 0.0000000000
65882  7.097  -18.922  39.033 0.0000000000
64442  7.122  -19.871  39.863 0.0000000000
65868  6.325  -18.812  39.971 0.0000000000
67283  5.878  -17.571  40.480 0.0000000000
67284  5.576  -17.911  41.000 0.0000000000
78206  27.208  -8.832  24.445 0.0000000000
78223  26.676  -9.675  24.119 0.0000000000
79439  26.359  -8.658  24.225 0.0000000000
79454  25.323  -8.771  23.987 0.0000000000
78225  24.414  -10.065  24.323 0.0000000000
76934  20.102  -11.127  26.576 0.0000000000
76933  21.190  -10.748  26.468 0.0000000000
75578  21.209  -12.341  27.786 0.0000000000
98491  42.518  6.174  12.241 0.0000000000
87601  27.523  -2.911  18.563 0.0000000000
84702  30.967  -4.612  21.790 0.0000000000
86171  29.778  -4.280  20.286 0.0000000000
86127  30.817  -4.193  21.606 0.0000000000
86148  32.249  -3.529  21.219 0.0000000000
113013  48.773  18.191  0.528 0.0000000000
64370  4.891  -21.010  44.207 0.0000000000
99758  35.477  7.574  14.402 0.0000000000
97260  33.616  5.101  14.096 0.0000000000
93888  33.530  2.875  12.895 0.0000000000
91562  32.603  1.208  12.874 0.0000000000
90316  33.265  -0.796  12.688 0.0000000000
87673  33.363  -2.250  13.304 0.0000000000
72808  19.452  -13.881  29.902 0.0000000000
72788  19.140  -14.517  30.857 0.0000000000
72828  17.777  -14.217  28.930 0.0000000000
71515  17.016  -14.795  29.446 0.0000000000
71516  15.906  -14.388  29.371 0.0000000000
74187  15.491  -12.304  28.879 0.0000000000
71517  15.122  -13.809  29.528 0.0000000000
71504  14.971  -14.675  30.073 0.0000000000
71490  13.935  -14.803  30.719 0.0000000000
71477  12.835  -14.882  31.792 0.0000000000
71464  11.911  -14.686  32.664 0.0000000000
81968  23.765  -5.914  25.569 0.0000000000
81942  22.312  -5.645  26.961 0.0000000000
80707  20.733  -6.476  26.702 0.0000000000
79427  20.152  -8.098  26.096 0.0000000000
79395  19.065  -7.501  27.982 0.0000000000
79411  19.250  -7.933  26.942 0.0000000000
76955  19.637  -10.220  26.214 0.0000000000
75599  19.429  -11.695  26.808 0.0000000000
74210  19.711  -13.034  28.007 0.0000000000
88800  26.780  -2.026  24.713 0.0000000000
87534  26.235  -2.797  22.712 0.0000000000
86103  26.926  -4.185  23.274 0.0000000000
84703  27.159  -4.958  22.186 0.0000000000
83301  28.446  -5.585  21.468 0.0000000000
82008  30.120  -6.930  21.670 0.0000000000
83300  29.402  -5.950  21.528 0.0000000000
83299  30.610  -5.664  21.392 0.0000000000
83297  31.973  -5.625  21.786 0.0000000000
83265  33.811  -5.480  23.203 0.0000000000
112969  46.480  18.424  5.500 0.0000000000
111843  45.202  17.101  4.125 0.0000000000
109493  44.703  15.032  3.265 0.0000000000
106064  45.388  12.659  5.316 0.0000000000
107204  45.252  13.125  4.382 0.0000000000
101114  43.776  8.366  8.043 0.0000000000
99861  43.509  7.564  8.356 0.0000000000
101115  42.829  8.283  8.349 0.0000000000
101098  41.615  8.687  8.980 0.0000000000
101086  41.340  8.067  9.918 0.0000000000
102340  39.731  9.841  9.509 0.0000000000
101087  40.247  8.191  9.984 0.0000000000
101070  40.927  7.556  10.557 0.0000000000
98493  40.538  6.066  11.820 0.0000000000
96153  41.547  4.162  11.719 0.0000000000
102306  36.331  9.243  12.630 0.0000000000
99800  36.145  7.642  12.139 0.0000000000
97279  36.763  5.475  11.865 0.0000000000
95034  36.430  3.524  11.792 0.0000000000
96157  37.165  4.431  11.848 0.0000000000
96156  38.279  4.302  11.738 0.0000000000
95031  39.751  3.243  11.753 0.0000000000
75661  30.439  -11.308  23.247 0.0000000000
75660  31.296  -11.074  23.230 0.0000000000
75640  31.130  -11.741  24.123 0.0000000000
75611  32.150  -12.198  26.194 0.0000000000
103612  44.990  10.203  8.234 0.0000000000
102353  44.277  9.339  7.881 0.0000000000
71449  11.442  -14.152  33.259 0.0000000000
71436  10.495  -13.908  34.388 0.0000000000
70196  10.997  -15.759  33.759 0.0000000000
68794  10.826  -16.365  34.153 0.0000000000
67371  10.129  -17.347  35.127 0.0000000000
67331  8.226  -17.635  36.633 0.0000000000
67330  9.200  -18.347  36.558 0.0000000000
67329  10.681  -18.915  37.031 0.0000000000
65891  10.595  -19.933  38.441 0.0000000000
65867  10.443  -20.284  39.667 0.0000000000
62984  7.645  -21.031  42.466 0.0000000000
63015  7.129  -20.432  40.871 0.0000000000
63000  7.346  -20.731  41.624 0.0000000000
64378  6.863  -20.897  42.867 0.0000000000
64368  5.720  -20.840  43.854 0.0000000000
65841  4.878  -18.847  41.951 0.0000000000
64381  4.899  -20.250  42.831 0.0000000000
64369  5.271  -20.846  43.942 0.0000000000
78256  30.400  -10.047  22.845 0.0000000000
78240  29.786  -9.687  23.265 0.0000000000
77008  29.849  -10.591  22.912 0.0000000000
75662  29.501  -11.418  23.279 0.0000000000
75642  29.283  -11.927  23.917 0.0000000000
74307  28.284  -12.386  24.808 0.0000000000
76989  26.496  -10.761  24.353 0.0000000000
75644  27.383  -11.831  24.309 0.0000000000
74285  28.145  -12.485  25.663 0.0000000000
80730  22.785  -7.297  24.574 0.0000000000
79441  23.063  -8.600  24.398 0.0000000000
78208  23.348  -9.918  25.081 0.0000000000
78170  21.968  -10.339  26.174 0.0000000000
76952  23.362  -10.379  25.959 0.0000000000
76950  24.314  -11.120  26.474 0.0000000000
98532  44.669  6.104  9.754 0.0000000000
88912  30.903  -1.848  14.682 0.0000000000
87659  31.489  -2.872  14.449 0.0000000000
86267  33.281  -3.898  14.418 0.0000000000
86154  26.140  -3.612  21.129 0.0000000000
84788  27.123  -4.050  19.398 0.0000000000
84810  28.463  -4.453  18.311 0.0000000000
86190  29.414  -4.605  19.691 0.0000000000
84809  29.504  -5.208  18.306 0.0000000000
84829  29.409  -4.408  17.337 0.0000000000
84844  31.362  -5.228  16.582 0.0000000000
84842  33.599  -5.339  16.184 0.0000000000
84855  35.138  -4.680  15.210 0.0000000000
84824  36.284  -5.367  17.178 0.0000000000
76986  32.876  -10.761  24.208 0.0000000000
76985  33.536  -10.171  23.783 0.0000000000
78236  34.740  -9.081  23.881 0.0000000000
78199  36.139  -9.541  25.912 0.0000000000
79450  35.276  -8.441  24.099 0.0000000000
108383  51.640  14.402  -3.272 0.0000000000
113000  47.860  18.024  1.438 0.0000000000
111872  48.367  17.053  -0.287 0.0000000000
108354  46.518  13.915  0.322 0.0000000000
109518  47.742  15.060  -0.611 0.0000000000
109529  49.049  14.895  -1.423 0.0000000000
108377  49.684  14.198  -1.671 0.0000000000
104993  51.402  11.569  -2.074 0.0000000000
98567  45.707  6.494  8.038 0.0000000000
98551  46.017  5.504  8.330 0.0000000000
99859  45.080  6.743  8.129 0.0000000000
77026  30.960  -10.179  22.681 0.0000000000
101128  45.102  7.782  7.843 0.0000000000
101127  45.921  8.030  7.688 0.0000000000
99872  45.470  7.196  7.849 0.0000000000
87656  34.970  -3.165  13.636 0.0000000000
86265  35.550  -3.586  14.241 0.0000000000
70206  12.385  -16.064  32.697 0.0000000000
68807  12.041  -16.545  33.330 0.0000000000
80717  24.659  -6.004  25.814 0.0000000000
74148  20.261  -13.611  30.339 0.0000000000
90135  26.213  -1.359  23.031 0.0000000000
75602  17.154  -11.426  27.504 0.0000000000
74213  16.782  -12.274  27.866 0.0000000000
75582  16.705  -11.412  27.778 0.0000000000
76937  17.379  -11.023  27.430 0.0000000000
75601  17.727  -11.697  27.157 0.0000000000
84679  27.851  -5.467  23.593 0.0000000000
83267  28.785  -6.486  23.537 0.0000000000
79474  33.466  -8.348  22.176 0.0000000000
80754  32.355  -7.277  21.468 0.0000000000
80747  34.003  -7.442  22.557 0.0000000000
108319  46.644  14.123  7.234 0.0000000000
109468  46.483  15.161  7.434 0.0000000000
109469  45.854  15.644  7.115 0.0000000000
110670  45.484  16.142  6.774 0.0000000000
109472  45.525  15.096  6.808 0.0000000000
98588  49.970  7.144  5.800 0.0000000000
99909  49.650  8.116  4.727 0.0000000000
99884  50.581  7.341  5.849 0.0000000000
99893  51.086  7.928  5.404 0.0000000000
62970  9.224  -21.831  43.653 0.0000000000
104847  41.546  11.600  8.851 0.0000000000
99821  37.923  7.714  11.136 0.0000000000
99839  38.475  7.882  10.901 0.0000000000
98495  38.567  6.034  11.609 0.0000000000
97282  34.307  5.292  13.022 0.0000000000
97281  34.796  5.559  12.662 0.0000000000
96160  34.473  4.841  12.813 0.0000000000
90311  38.404  -0.736  13.376 0.0000000000
92685  37.675  0.577  12.414 0.0000000000
74284  28.981  -12.695  25.488 0.0000000000
106022  41.500  12.551  9.786 0.0000000000
104846  42.362  11.854  8.661 0.0000000000
70237  16.255  -15.941  30.904 0.0000000000
70174  8.761  -15.148  35.469 0.0000000000
64456  7.691  -19.895  39.247 0.0000000000
65858  5.530  -18.710  41.255 0.0000000000
64409  5.368  -19.703  42.051 0.0000000000
75628  25.495  -11.620  25.654 0.0000000000
76970  24.791  -11.174  25.561 0.0000000000
86222  28.257  -2.910  17.825 0.0000000000
87612  28.558  -2.196  17.509 0.0000000000
86220  29.388  -3.509  16.637 0.0000000000
86237  30.215  -3.450  16.160 0.0000000000
84846  29.890  -3.943  16.666 0.0000000000
86152  28.916  -4.524  20.889 0.0000000000
84755  33.250  -5.096  20.653 0.0000000000
83330  32.474  -5.826  19.224 0.0000000000
83329  33.389  -6.040  19.577 0.0000000000
83348  34.044  -6.344  18.482 0.0000000000
83328  34.464  -6.206  19.464 0.0000000000
83327  35.442  -6.268  19.501 0.0000000000
111870  49.932  17.737  -0.831 0.0000000000
111890  50.584  17.456  -1.311 0.0000000000
111891  49.832  17.177  -1.103 0.0000000000
109497  45.505  15.214  1.610 0.0000000000
76893  17.084  -8.823  29.561 0.0000000000
76877  16.568  -8.857  30.300 0.0000000000
97340  47.834  5.652  7.817 0.0000000000
97341  47.615  5.571  7.898 0.0000000000
97314  46.804  4.711  9.373 0.0000000000
97313  47.479  4.796  9.401 0.0000000000
80748  30.416  -7.714  23.442 0.0000000000
80756  30.537  -7.737  22.319 0.0000000000
78253  32.832  -9.248  22.321 0.0000000000
78238  33.268  -9.543  22.893 0.0000000000
102350  47.161  9.205  8.222 0.0000000000
101110  47.341  8.695  7.762 0.0000000000
101125  47.341  8.217  7.190 0.0000000000
101124  47.724  8.608  6.912 0.0000000000
101138  47.732  8.710  6.399 0.0000000000
102374  47.925  9.269  6.059 0.0000000000
103630  47.586  10.160  5.723 0.0000000000
98578  48.368  6.830  6.394 0.0000000000
104813  39.884  12.407  11.259 0.0000000000
104831  39.278  11.695  10.563 0.0000000000
104814  39.204  11.973  11.571 0.0000000000
103577  37.083  10.437  11.887 0.0000000000
102316  37.423  10.211  11.320 0.0000000000
102329  37.417  9.103  11.014 0.0000000000
101073  36.907  8.628  11.327 0.0000000000
91560  34.244  0.840  12.188 0.0000000000
90333  34.610  -0.196  12.288 0.0000000000
88948  36.098  -1.684  13.053 0.0000000000
90314  35.865  -0.963  12.623 0.0000000000
90313  36.820  -0.900  12.844 0.0000000000
88929  38.148  -1.740  14.045 0.0000000000
88930  37.483  -2.066  13.925 0.0000000000
86245  37.346  -3.577  15.371 0.0000000000
86244  38.146  -3.461  15.588 0.0000000000
86219  38.154  -4.448  16.908 0.0000000000
106003  40.717  12.645  11.051 0.0000000000
70218  14.815  -16.639  31.950 0.0000000000
68805  13.748  -17.131  33.225 0.0000000000
68790  14.393  -17.687  34.544 0.0000000000
67367  13.996  -18.094  35.449 0.0000000000
67387  13.482  -17.860  34.797 0.0000000000
68773  11.784  -17.334  34.298 0.0000000000
67370  10.686  -17.704  35.026 0.0000000000
67300  6.649  -17.620  38.726 0.0000000000
67290  6.219  -17.690  39.535 0.0000000000
79424  26.384  -7.001  25.632 0.0000000000
79423  26.844  -7.937  25.001 0.0000000000
80739  24.743  -8.232  24.062 0.0000000000
79455  24.369  -8.785  24.059 0.0000000000
76913  20.958  -11.762  27.109 0.0000000000
87589  27.083  -2.299  19.068 0.0000000000
87590  26.672  -2.754  19.516 0.0000000000
84701  31.668  -4.422  22.290 0.0000000000
87532  32.689  -3.668  22.623 0.0000000000
87551  31.754  -3.390  21.970 0.0000000000
87565  32.510  -3.339  21.786 0.0000000000
62958  4.729  -21.245  44.361 0.0000000000
98454  34.450  6.124  14.566 0.0000000000
92686  32.731  2.182  13.302 0.0000000000
92707  33.074  1.779  12.870 0.0000000000
92708  32.391  1.609  13.075 0.0000000000
88952  32.039  -0.719  13.407 0.0000000000
90317  32.521  -0.209  12.998 0.0000000000
88951  32.708  -1.428  13.176 0.0000000000
88931  32.453  -1.958  13.581 0.0000000000
72827  18.773  -13.896  28.861 0.0000000000
72845  18.100  -13.530  28.249 0.0000000000
72829  16.632  -13.874  28.832 0.0000000000
75562  15.602  -11.359  29.038 0.0000000000
75563  15.243  -11.949  29.217 0.0000000000
74168  14.248  -13.015  30.385 0.0000000000
72831  14.860  -13.087  29.528 0.0000000000
72810  14.454  -13.496  30.001 0.0000000000
71505  14.141  -13.996  30.442 0.0000000000
72771  12.892  -13.751  31.825 0.0000000000
71463  12.385  -14.297  32.169 0.0000000000
71478  12.384  -14.810  32.185 0.0000000000
81941  23.270  -5.322  27.196 0.0000000000
80720  20.240  -7.133  26.491 0.0000000000
79410  19.756  -7.448  26.756 0.0000000000
78172  18.233  -9.613  27.150 0.0000000000
78191  19.478  -9.097  26.183 0.0000000000
75581  18.457  -12.389  27.292 0.0000000000
75580  19.257  -12.414  27.409 0.0000000000
74186  19.563  -13.518  28.741 0.0000000000
87533  26.500  -2.992  23.581 0.0000000000
83269  27.930  -5.760  22.781 0.0000000000
83284  27.754  -5.613  22.115 0.0000000000
83302  27.747  -5.212  21.562 0.0000000000
80762  30.647  -7.475  21.734 0.0000000000
81999  29.240  -6.885  22.364 0.0000000000
80761  30.954  -7.323  21.475 0.0000000000
82007  31.094  -6.548  21.330 0.0000000000
83298  31.453  -5.715  21.578 0.0000000000
81986  34.380  -6.472  23.309 0.0000000000
83278  33.259  -5.766  22.490 0.0000000000
104871  48.873  11.389  7.659 0.0000000000
112964  47.069  19.070  6.913 0.0000000000
112965  46.468  18.444  6.649 0.0000000000
110679  44.665  16.379  4.761 0.0000000000
111836  45.157  17.101  5.125 0.0000000000
110686  44.774  16.254  3.766 0.0000000000
109487  44.521  15.162  3.905 0.0000000000
103631  47.111  10.683  5.532 0.0000000000
106054  45.293  12.892  5.713 0.0000000000
104906  46.656  11.555  5.129 0.0000000000
102413  48.656  10.157  4.019 0.0000000000
106081  46.242  12.122  4.823 0.0000000000
106080  47.159  12.079  4.330 0.0000000000
107203  46.365  12.795  3.995 0.0000000000
102354  43.268  9.363  8.120 0.0000000000
102355  42.150  9.466  8.381 0.0000000000
102339  40.856  9.670  9.010 0.0000000000
103584  38.849  10.658  10.052 0.0000000000
99837  39.723  7.862  10.330 0.0000000000
101071  40.247  7.668  10.456 0.0000000000
99798  41.057  6.784  11.796 0.0000000000
99799  40.420  6.685  11.618 0.0000000000
96154  40.448  4.182  11.552 0.0000000000
97275  41.092  5.139  11.936 0.0000000000
102291  36.539  9.195  13.561 0.0000000000
101041  36.008  8.718  13.327 0.0000000000
98497  36.384  6.628  11.793 0.0000000000
93886  35.689  2.597  11.833 0.0000000000
95033  37.588  3.386  11.703 0.0000000000
95032  38.698  3.308  11.720 0.0000000000
74304  30.449  -12.011  24.322 0.0000000000
74262  31.509  -12.507  26.330 0.0000000000
75625  31.479  -12.202  25.329 0.0000000000
104859  45.842  10.803  8.627 0.0000000000
104860  44.780  11.455  8.685 0.0000000000
103613  43.941  10.384  8.169 0.0000000000
71486  18.797  -14.960  31.603 0.0000000000
68819  15.926  -16.884  33.071 0.0000000000
68741  13.752  -17.695  37.462 0.0000000000
72754  11.800  -13.648  33.167 0.0000000000
71437  9.916  -14.080  34.932 0.0000000000
71451  10.179  -14.624  34.194 0.0000000000
71450  10.903  -14.538  33.696 0.0000000000
70197  10.464  -15.534  34.154 0.0000000000
68756  9.196  -16.596  35.293 0.0000000000
68755  9.837  -17.107  35.194 0.0000000000
67351  8.218  -16.909  36.356 0.0000000000
65902  10.351  -19.504  37.865 0.0000000000
64454  9.589  -20.165  39.235 0.0000000000
63025  8.459  -20.744  40.526 0.0000000000
62999  8.413  -21.119  41.887 0.0000000000
62983  8.802  -21.517  42.756 0.0000000000
63027  7.057  -20.190  40.400 0.0000000000
64366  7.100  -21.228  43.564 0.0000000000
64394  5.348  -19.972  42.372 0.0000000000
65827  4.606  -18.952  42.218 0.0000000000
77009  28.803  -10.888  23.090 0.0000000000
75663  28.658  -11.551  23.507 0.0000000000
75643  28.456  -11.998  24.103 0.0000000000
75626  26.777  -12.023  25.033 0.0000000000
74308  27.738  -12.338  25.046 0.0000000000
74266  27.827  -12.702  26.569 0.0000000000
81969  22.954  -6.289  25.227 0.0000000000
76932  22.223  -10.958  26.755 0.0000000000
76931  23.066  -10.811  26.657 0.0000000000
76930  23.789  -10.945  27.132 0.0000000000
76951  23.682  -10.747  26.184 0.0000000000
99862  43.142  7.698  8.615 0.0000000000
99848  44.019  6.870  8.738 0.0000000000
99849  43.382  7.258  8.952 0.0000000000
88913  30.550  -1.203  15.349 0.0000000000
88897  30.237  -1.674  15.821 0.0000000000
86251  31.007  -3.607  15.478 0.0000000000
87638  30.983  -2.692  14.984 0.0000000000
86269  31.641  -3.579  14.781 0.0000000000
86268  32.220  -3.612  14.430 0.0000000000
86249  32.632  -4.006  14.794 0.0000000000
86129  26.213  -3.563  22.034 0.0000000000
87552  26.129  -2.755  21.862 0.0000000000
84811  27.579  -4.033  18.823 0.0000000000
86189  30.136  -4.681  19.746 0.0000000000
83351  31.251  -5.760  18.514 0.0000000000
84808  30.431  -5.671  18.487 0.0000000000
83367  30.934  -5.670  18.039 0.0000000000
84828  30.606  -5.307  17.509 0.0000000000
83375  31.535  -5.604  17.072 0.0000000000
83373  32.805  -5.673  16.861 0.0000000000
84856  34.180  -4.784  15.012 0.0000000000
84841  34.781  -5.198  15.908 0.0000000000
84840  35.964  -4.866  15.811 0.0000000000
84825  35.265  -5.456  16.834 0.0000000000
84807  36.813  -5.473  17.989 0.0000000000
75639  32.023  -11.036  23.730 0.0000000000
78218  34.345  -9.799  24.199 0.0000000000
79435  35.759  -8.589  24.792 0.0000000000
80725  35.667  -7.522  24.544 0.0000000000
109527  50.679  15.612  -2.060 0.0000000000
110745  51.408  15.931  -2.436 0.0000000000
108384  51.067  14.153  -2.780 0.0000000000
106159  51.251  12.573  -2.766 0.0000000000
112976  47.371  18.608  4.581 0.0000000000
110695  46.756  16.677  0.835 0.0000000000
113001  47.172  17.764  1.785 0.0000000000
111860  47.338  17.111  0.570 0.0000000000
111859  48.078  17.530  0.329 0.0000000000
111873  47.722  16.865  0.048 0.0000000000
106138  48.421  12.306  -0.360 0.0000000000
107263  47.765  13.150  -0.241 0.0000000000
107262  48.400  13.399  -0.797 0.0000000000
108367  48.355  14.482  -0.999 0.0000000000
108378  48.982  13.897  -1.267 0.0000000000
107273  49.480  13.235  -1.512 0.0000000000
97342  47.098  5.418  8.134 0.0000000000
97343  46.658  5.230  8.321 0.0000000000
96182  46.301  4.796  8.801 0.0000000000
97316  45.619  5.353  9.213 0.0000000000
102365  45.774  8.715  7.752 0.0000000000
101111  46.628  8.608  7.804 0.0000000000
99870  47.204  7.183  7.191 0.0000000000
99886  47.772  7.442  6.385 0.0000000000
64352  6.296  -21.175  44.542 0.0000000000
104798  38.260  11.470  12.707 0.0000000000
103563  37.073  10.464  12.395 0.0000000000
88968  34.521  -0.959  12.597 0.0000000000
88949  35.057  -1.555  12.824 0.0000000000
87671  35.467  -2.397  13.261 0.0000000000
87670  36.268  -2.341  13.495 0.0000000000
87654  36.759  -2.718  14.112 0.0000000000
86264  36.116  -3.236  14.282 0.0000000000
86235  36.890  -4.329  15.646 0.0000000000
68792  12.326  -17.152  33.999 0.0000000000
74185  20.363  -13.451  28.454 0.0000000000
75561  21.083  -13.011  28.415 0.0000000000
74165  20.838  -13.372  29.472 0.0000000000
88837  26.463  -1.766  20.905 0.0000000000
84677  33.020  -4.500  23.031 0.0000000000
84678  32.213  -4.223  22.757 0.0000000000
91539  31.897  0.915  13.368 0.0000000000
91525  31.639  0.430  14.231 0.0000000000
90301  31.691  -0.301  13.949 0.0000000000
72847  16.289  -12.986  28.371 0.0000000000
75547  15.064  -11.728  29.745 0.0000000000
75531  14.858  -11.415  30.729 0.0000000000
72789  13.571  -13.571  31.175 0.0000000000
80692  20.396  -6.600  28.268 0.0000000000
78154  17.933  -9.022  27.902 0.0000000000
78153  18.311  -7.906  28.378 0.0000000000
86102  27.383  -4.833  23.797 0.0000000000
82000  28.823  -6.411  22.489 0.0000000000
79485  31.819  -7.837  21.416 0.0000000000
81997  32.903  -6.419  21.894 0.0000000000
81985  34.900  -6.849  23.709 0.0000000000
109467  47.703  15.245  7.846 0.0000000000
111825  45.891  17.719  6.407 0.0000000000
110672  44.869  16.008  5.880 0.0000000000
110673  44.679  15.366  5.631 0.0000000000
101163  48.416  8.425  4.972 0.0000000000
102402  47.942  10.179  4.619 0.0000000000
101162  49.189  8.561  4.470 0.0000000000
102400  49.547  9.261  4.000 0.0000000000
102411  49.823  9.936  3.698 0.0000000000
101149  50.858  8.183  4.928 0.0000000000
103615  42.096  10.773  8.463 0.0000000000
103598  41.419  10.309  8.717 0.0000000000
101088  39.153  8.843  10.118 0.0000000000
98515  39.217  6.683  11.435 0.0000000000
98514  39.976  6.533  11.537 0.0000000000
98494  39.554  5.941  11.645 0.0000000000
96155  39.363  4.221  11.658 0.0000000000
99782  35.414  7.750  13.528 0.0000000000
101056  35.692  8.268  13.174 0.0000000000
91558  36.618  0.309  12.153 0.0000000000
92703  37.476  1.196  12.066 0.0000000000
92702  38.693  1.450  12.060 0.0000000000
93883  39.110  2.372  11.917 0.0000000000
74305  29.905  -12.133  24.490 0.0000000000
74263  30.850  -12.658  26.033 0.0000000000
107145  42.875  13.646  11.197 0.0000000000
106000  43.208  13.172  9.902 0.0000000000
106020  43.746  12.737  9.313 0.0000000000
106033  44.081  12.040  8.796 0.0000000000
106034  43.136  12.075  8.666 0.0000000000
104862  42.683  11.323  8.511 0.0000000000
71502  17.525  -15.331  30.339 0.0000000000
71487  18.093  -15.452  31.382 0.0000000000
71476  17.751  -15.862  32.333 0.0000000000
67347  12.549  -18.313  36.302 0.0000000000
67327  12.701  -18.209  37.361 0.0000000000
67310  12.528  -18.020  38.071 0.0000000000
67298  12.070  -18.352  39.182 0.0000000000
67350  8.762  -17.296  35.997 0.0000000000
65892  9.673  -19.770  38.292 0.0000000000
64461  9.158  -19.867  38.721 0.0000000000
65857  5.893  -18.731  40.693 0.0000000000
64393  5.916  -20.417  42.357 0.0000000000
75627  26.301  -12.032  25.664 0.0000000000
74287  26.720  -12.377  26.111 0.0000000000
80732  21.290  -7.576  25.321 0.0000000000
80731  21.881  -7.427  24.995 0.0000000000
79443  21.615  -8.108  25.123 0.0000000000
79425  21.849  -8.910  25.259 0.0000000000
76892  22.304  -11.973  28.244 0.0000000000
76911  22.629  -11.477  27.575 0.0000000000
76891  22.900  -11.841  28.645 0.0000000000
99836  42.774  7.800  9.319 0.0000000000
99835  43.197  7.464  9.530 0.0000000000
87611  29.241  -2.516  16.929 0.0000000000
88886  29.803  -1.686  16.454 0.0000000000
87623  30.118  -2.500  15.941 0.0000000000
86236  30.566  -3.825  16.009 0.0000000000
84859  31.148  -4.500  16.024 0.0000000000
84730  27.194  -4.603  21.220 0.0000000000
84731  26.463  -4.257  20.887 0.0000000000
84759  28.194  -4.443  20.250 0.0000000000
84758  28.739  -4.505  19.828 0.0000000000
84757  31.569  -4.663  20.091 0.0000000000
84783  31.967  -5.290  19.696 0.0000000000
83331  31.740  -5.685  19.080 0.0000000000
83350  32.081  -5.868  18.402 0.0000000000
83365  32.486  -5.898  17.593 0.0000000000
83363  34.660  -5.983  17.597 0.0000000000
83362  35.485  -5.824  17.708 0.0000000000
75610  33.063  -11.445  25.746 0.0000000000
76969  32.984  -10.955  24.858 0.0000000000
76949  33.755  -11.170  26.226 0.0000000000
76948  34.721  -10.586  26.156 0.0000000000
108376  50.480  14.446  -2.211 0.0000000000
111847  45.934  17.214  2.608 0.0000000000
111841  46.580  17.766  2.782 0.0000000000
111854  46.222  17.108  1.866 0.0000000000
110696  46.034  16.414  1.360 0.0000000000
110703  46.504  16.028  0.796 0.0000000000
104968  48.492  11.703  -0.020 0.0000000000
106137  49.041  11.884  -0.653 0.0000000000
103723  50.137  10.748  -0.332 0.0000000000
76916  16.497  -11.012  28.107 0.0000000000
76878  15.928  -10.107  29.609 0.0000000000
78138  17.620  -8.205  29.082 0.0000000000
98577  49.261  6.838  6.205 0.0000000000
98562  50.456  6.680  7.779 0.0000000000
98563  49.691  6.498  7.549 0.0000000000
97326  49.944  6.246  8.508 0.0000000000
97328  47.504  5.014  8.625 0.0000000000
97312  48.100  4.882  9.412 0.0000000000
80755  30.988  -7.857  21.755 0.0000000000
79476  31.460  -8.414  21.761 0.0000000000
102364  48.404  9.285  7.023 0.0000000000
104872  47.672  11.074  7.016 0.0000000000
106044  46.770  12.207  7.033 0.0000000000
106045  46.197  12.768  6.701 0.0000000000
107175  45.734  13.282  6.620 0.0000000000
104881  46.770  11.178  6.094 0.0000000000
102385  47.993  9.356  5.261 0.0000000000
101151  47.874  7.803  6.006 0.0000000000
99896  48.255  7.723  5.577 0.0000000000
99895  48.963  7.509  5.314 0.0000000000
62956  8.161  -21.836  44.200 0.0000000000
106023  40.832  12.503  10.291 0.0000000000
104849  39.879  11.765  10.052 0.0000000000
101072  37.460  8.257  11.022 0.0000000000
98517  37.282  7.116  11.397 0.0000000000
92705  34.956  1.690  11.959 0.0000000000
90332  35.667  -0.270  12.259 0.0000000000
91538  36.852  -0.282  12.506 0.0000000000
91537  37.508  -0.019  12.709 0.0000000000
87652  38.490  -2.253  14.592 0.0000000000
87635  39.017  -2.833  15.268 0.0000000000
87636  38.009  -2.968  14.939 0.0000000000
87622  39.463  -3.240  16.075 0.0000000000
74265  28.740  -12.840  26.476 0.0000000000
74235  30.431  -13.146  27.197 0.0000000000
106002  41.472  12.981  10.733 0.0000000000
70228  15.487  -16.143  31.297 0.0000000000
68820  15.342  -16.988  32.829 0.0000000000
67346  13.526  -18.054  36.258 0.0000000000
67388  12.708  -17.621  34.651 0.0000000000
67368  13.031  -17.990  35.407 0.0000000000
68726  7.068  -16.602  37.734 0.0000000000
79453  26.012  -9.263  24.071 0.0000000000
76954  20.240  -10.155  26.027 0.0000000000
76953  20.795  -10.037  25.893 0.0000000000
75560  21.765  -12.478  28.539 0.0000000000
99817  42.095  7.242  11.460 0.0000000000
101054  42.415  7.299  11.548 0.0000000000
87600  27.877  -2.335  18.303 0.0000000000
86207  27.964  -3.500  18.191 0.0000000000
84727  30.165  -4.910  21.395 0.0000000000
86151  29.373  -4.389  20.784 0.0000000000
86150  30.148  -4.223  21.069 0.0000000000
86126  31.530  -3.772  22.165 0.0000000000
86149  31.423  -3.735  21.427 0.0000000000
86169  31.801  -4.204  20.810 0.0000000000
86168  32.551  -4.243  20.912 0.0000000000
113029  49.093  17.917  -0.097 0.0000000000
107239  45.960  13.312  2.340 0.0000000000
108348  45.793  13.957  1.399 0.0000000000
64355  5.241  -21.426  44.923 0.0000000000
101023  36.162  8.498  14.381 0.0000000000
98474  34.945  7.088  13.870 0.0000000000
97259  33.989  5.408  13.575 0.0000000000
96142  33.975  4.634  13.136 0.0000000000
95018  33.505  3.932  13.334 0.0000000000
95037  33.709  3.581  12.944 0.0000000000
91561  33.319  1.059  12.591 0.0000000000
90334  33.508  0.082  12.588 0.0000000000
90335  32.699  0.613  12.805 0.0000000000
88950  33.869  -1.516  12.745 0.0000000000
87657  33.855  -3.141  13.690 0.0000000000
72809  18.602  -14.418  29.817 0.0000000000
71514  17.874  -14.772  29.822 0.0000000000
71503  16.327  -15.371  30.124 0.0000000000
75583  16.234  -11.463  28.218 0.0000000000
74188  14.975  -12.428  29.298 0.0000000000
71489  14.849  -15.386  30.783 0.0000000000
70230  13.440  -15.286  31.292 0.0000000000
71491  13.331  -14.356  31.385 0.0000000000
81953  24.019  -5.548  26.435 0.0000000000
81954  23.066  -5.788  26.226 0.0000000000
81955  22.077  -6.212  25.982 0.0000000000
81930  21.751  -5.657  27.558 0.0000000000
81943  21.471  -5.984  26.842 0.0000000000
81956  21.201  -6.410  26.082 0.0000000000
80719  20.753  -7.212  25.846 0.0000000000
79394  19.757  -7.160  27.701 0.0000000000
79428  19.575  -8.114  26.394 0.0000000000
88807  26.299  -1.928  23.397 0.0000000000
86104  26.503  -3.546  22.747 0.0000000000
86128  26.643  -4.235  22.165 0.0000000000
81989  28.858  -6.619  22.967 0.0000000000
83282  29.012  -6.445  21.977 0.0000000000
82009  29.398  -6.609  21.796 0.0000000000
83281  31.281  -5.062  21.787 0.0000000000
83280  31.844  -5.122  22.024 0.0000000000
83279  32.565  -5.419  22.229 0.0000000000
83266  33.201  -5.185  22.871 0.0000000000
112968  47.461  19.111  5.627 0.0000000000
112977  46.497  18.094  4.545 0.0000000000
111828  45.805  17.753  5.346 0.0000000000
111835  45.803  17.670  4.419 0.0000000000
111842  46.029  17.599  3.509 0.0000000000
111848  45.338  17.001  3.313 0.0000000000
109492  44.917  15.320  2.548 0.0000000000
107176  45.234  13.325  6.039 0.0000000000
108324  44.891  14.146  5.714 0.0000000000
108325  44.686  14.210  5.048 0.0000000000
104905  47.112  11.315  4.828 0.0000000000
107205  44.893  13.597  4.690 0.0000000000
108331  44.717  14.109  4.394 0.0000000000
108338  44.750  14.407  3.671 0.0000000000
108337  45.079  13.865  3.475 0.0000000000
99860  44.435  7.419  8.137 0.0000000000
101116  42.200  8.593  8.586 0.0000000000
101097  42.444  8.121  8.962 0.0000000000
101100  39.878  8.894  9.653 0.0000000000
99818  41.440  7.251  11.355 0.0000000000
98492  41.622  6.103  12.243 0.0000000000
97274  42.398  5.225  12.083 0.0000000000
102305  36.804  9.848  12.911 0.0000000000
99801  35.668  7.802  12.820 0.0000000000
101055  36.082  8.441  12.550 0.0000000000
102318  36.439  8.939  11.947 0.0000000000
99823  36.634  7.993  11.599 0.0000000000
98496  37.511  6.229  11.599 0.0000000000
95035  35.298  3.695  12.107 0.0000000000
96158  36.039  4.587  11.997 0.0000000000
97278  37.885  5.285  11.810 0.0000000000
93882  40.067  2.157  12.019 0.0000000000
93881  41.130  2.381  12.093 0.0000000000
103611  45.929  9.967  8.315 0.0000000000
102352  45.295  9.202  7.891 0.0000000000
101113  44.661  8.417  7.841 0.0000000000
71475  18.546  -15.134  32.421 0.0000000000
71465  11.411  -14.746  33.182 0.0000000000
68775  10.135  -16.577  34.709 0.0000000000
65879  10.786  -19.605  39.251 0.0000000000
65880  10.173  -20.135  38.899 0.0000000000
62971  7.937  -21.406  43.302 0.0000000000
63026  7.680  -20.330  40.477 0.0000000000
88799  27.276  -2.934  25.094 0.0000000000
74306  29.130  -12.380  24.625 0.0000000000
80741  23.582  -7.743  24.242 0.0000000000
79456  23.809  -8.448  24.195 0.0000000000
78226  23.718  -9.247  24.183 0.0000000000
78207  23.930  -10.209  24.871 0.0000000000
78188  22.421  -9.715  25.761 0.0000000000
78168  22.913  -10.513  26.317 0.0000000000
78187  22.981  -10.229  26.070 0.0000000000
76972  23.603  -10.418  25.637 0.0000000000
76971  24.050  -10.609  25.331 0.0000000000
75614  25.001  -11.625  26.442 0.0000000000
98553  44.672  6.556  8.477 0.0000000000
98542  44.611  6.239  9.089 0.0000000000
97303  45.416  5.505  9.670 0.0000000000
99834  44.029  6.746  9.861 0.0000000000
99833  44.643  6.292  10.205 0.0000000000
101053  43.059  7.461  11.810 0.0000000000
87639  30.575  -2.371  15.397 0.0000000000
87658  32.608  -2.730  13.802 0.0000000000
84868  33.913  -4.279  14.664 0.0000000000
88808  26.172  -1.967  22.551 0.0000000000
87568  26.212  -2.640  20.958 0.0000000000
84761  26.375  -3.986  20.568 0.0000000000
86175  26.380  -3.449  20.166 0.0000000000
86193  26.548  -2.992  19.751 0.0000000000
84812  27.163  -3.769  19.085 0.0000000000
84830  28.682  -4.167  17.684 0.0000000000
86172  28.983  -4.361  20.253 0.0000000000
86191  28.981  -4.535  19.732 0.0000000000
84786  28.869  -4.704  19.274 0.0000000000
84785  29.847  -5.146  19.122 0.0000000000
83374  31.992  -5.557  17.016 0.0000000000
84843  32.416  -5.193  16.273 0.0000000000
84857  32.952  -4.572  15.254 0.0000000000
84854  35.677  -4.319  15.224 0.0000000000
84839  36.870  -4.801  16.366 0.0000000000
84823  37.413  -5.059  17.172 0.0000000000
75659  31.847  -10.738  23.145 0.0000000000
77005  32.566  -10.239  23.004 0.0000000000
77004  33.339  -9.828  23.249 0.0000000000
78237  33.994  -9.298  23.343 0.0000000000
78180  35.691  -10.155  26.100 0.0000000000
78200  35.452  -9.732  25.326 0.0000000000
78217  35.075  -9.304  24.499 0.0000000000
79463  34.787  -8.422  23.425 0.0000000000
80736  35.144  -7.552  23.849 0.0000000000
112991  47.228  18.028  2.317 0.0000000000
112990  48.106  18.529  2.469 0.0000000000
112999  48.963  18.589  1.599 0.0000000000
111858  48.703  17.655  -0.036 0.0000000000
108347  46.124  13.804  0.819 0.0000000000
109503  46.532  15.135  0.447 0.0000000000
109519  47.108  14.551  -0.158 0.0000000000
107250  47.504  12.838  0.100 0.0000000000
109502  47.227  15.458  -0.149 0.0000000000
110717  47.833  16.160  -0.473 0.0000000000
110716  48.717  16.503  -0.862 0.0000000000
110730  49.238  15.905  -1.319 0.0000000000
109528  49.858  15.257  -1.728 0.0000000000
107272  50.195  13.399  -1.954 0.0000000000
106149  50.048  12.487  -1.618 0.0000000000
104994  50.557  11.993  -1.784 0.0000000000
106160  50.688  12.565  -2.147 0.0000000000
68725  12.936  -17.677  38.233 0.0000000000
72848  15.799  -12.700  28.586 0.0000000000
74241  17.253  -12.034  27.408 0.0000000000
74242  16.981  -11.796  27.598 0.0000000000
75612  31.531  -12.456  25.968 0.0000000000
75623  32.995  -11.054  25.186 0.0000000000
77027  30.473  -10.404  22.799 0.0000000000
78169  22.606  -10.478  26.235 0.0000000000
78201  34.693  -9.993  24.855 0.0000000000
80718  21.477  -6.837  25.457 0.0000000000
83316  33.984  -5.919  20.278 0.0000000000
83345  36.816  -5.792  18.726 0.0000000000
84782  32.656  -5.500  19.990 0.0000000000
84822  38.093  -4.840  17.643 0.0000000000
84827  31.319  -5.499  17.198 0.0000000000
84869  33.607  -4.401  14.827 0.0000000000
86100  32.608  -3.921  22.804 0.0000000000
86125  32.047  -3.491  22.730 0.0000000000
86174  26.745  -3.856  19.754 0.0000000000
86192  26.792  -3.366  19.394 0.0000000000
86206  28.415  -3.967  17.863 0.0000000000
86208  27.266  -3.375  18.783 0.0000000000
86247  35.342  -4.137  14.799 0.0000000000
86248  34.801  -4.441  14.834 0.0000000000
86250  32.053  -3.976  15.084 0.0000000000
87549  33.040  -3.544  22.289 0.0000000000
87550  32.148  -3.240  22.276 0.0000000000
87566  31.950  -3.321  21.751 0.0000000000
87567  31.695  -3.379  21.737 0.0000000000
87674  32.794  -2.091  13.498 0.0000000000
88821  26.209  -1.871  21.727 0.0000000000
90299  38.633  -1.012  13.678 0.0000000000
90300  38.095  -1.311  13.709 0.0000000000
90312  37.867  -0.946  13.336 0.0000000000
91540  31.774  0.277  13.779 0.0000000000
92687  32.178  1.809  13.460 0.0000000000
93868  32.842  2.939  13.737 0.0000000000
95017  33.889  4.167  13.059 0.0000000000
96143  33.661  4.738  13.636 0.0000000000
96181  46.532  4.707  8.862 0.0000000000
96195  46.635  4.771  8.628 0.0000000000
96196  46.468  4.799  8.630 0.0000000000
97302  45.830  5.335  9.807 0.0000000000
97315  46.157  4.879  9.169 0.0000000000
97330  46.251  5.062  8.537 0.0000000000
97331  45.866  5.213  8.829 0.0000000000
98475  34.502  6.250  13.869 0.0000000000
98518  36.703  7.451  11.611 0.0000000000
98541  45.110  5.726  9.392 0.0000000000
98550  50.001  6.356  8.135 0.0000000000
98589  49.206  7.137  5.740 0.0000000000
99885  48.114  7.277  6.100 0.0000000000
99894  50.129  7.669  5.279 0.0000000000
99897  47.996  7.545  5.990 0.0000000000
99911  48.675  7.885  5.175 0.0000000000
101024  35.573  8.124  14.017 0.0000000000
101074  36.393  8.348  11.862 0.0000000000
101083  43.976  7.069  10.506 0.0000000000
101090  37.441  8.618  10.980 0.0000000000
101112  46.152  8.650  7.719 0.0000000000
102363  49.158  9.798  7.723 0.0000000000
102401  48.500  9.533  4.397 0.0000000000
102412  49.128  9.964  3.841 0.0000000000
103576  37.561  10.776  11.738 0.0000000000
103639  47.796  9.983  5.231 0.0000000000
103640  47.410  10.428  5.043 0.0000000000
103653  48.216  10.424  4.208 0.0000000000
103666  48.921  10.496  3.858 0.0000000000
103667  48.583  10.470  3.991 0.0000000000
103707  50.123  10.419  0.541 0.0000000000
104797  39.018  12.051  12.529 0.0000000000
104832  38.836  11.582  11.180 0.0000000000
104873  46.854  11.484  6.744 0.0000000000
104882  46.230  11.825  5.790 0.0000000000
104890  46.864  11.099  5.335 0.0000000000
104891  46.415  11.643  5.441 0.0000000000
104904  47.942  11.300  4.335 0.0000000000
104966  49.878  11.180  -0.538 0.0000000000
104967  49.266  11.345  -0.183 0.0000000000
104979  49.428  11.739  -0.770 0.0000000000
106052  46.530  11.767  6.543 0.0000000000
106063  45.867  12.102  5.423 0.0000000000
106082  45.600  12.449  4.978 0.0000000000
106139  47.811  12.616  -0.023 0.0000000000
106151  48.748  12.793  -0.846 0.0000000000
107169  46.425  13.280  6.991 0.0000000000
107184  44.996  13.444  5.216 0.0000000000
107185  44.805  13.829  4.826 0.0000000000
107264  47.339  13.160  -0.007 0.0000000000
107274  48.965  13.137  -1.109 0.0000000000
108322  45.257  14.122  6.438 0.0000000000
108330  44.906  13.838  3.974 0.0000000000
108344  44.926  14.562  3.087 0.0000000000
108355  46.093  14.329  0.739 0.0000000000
108368  47.731  14.050  -0.524 0.0000000000
108369  47.184  13.629  -0.121 0.0000000000
109471  46.091  14.606  7.207 0.0000000000
109475  44.612  14.867  5.404 0.0000000000
109486  44.703  15.665  3.209 0.0000000000
109504  45.906  14.849  0.979 0.0000000000
109517  48.437  15.533  -1.035 0.0000000000
109538  51.185  14.990  -2.610 0.0000000000
110666  47.439  15.859  8.070 0.0000000000
110680  44.536  15.570  5.162 0.0000000000
110687  44.510  15.689  4.462 0.0000000000
110690  45.755  16.648  2.119 0.0000000000
110691  45.151  16.379  2.744 0.0000000000
110715  49.418  16.695  -1.079 0.0000000000
111852  47.630  17.643  0.848 0.0000000000
111853  46.932  17.346  1.322 0.0000000000
113014  48.066  17.906  0.753 0.0000000000
113045  50.429  18.129  -0.698 0.0000000000
