#!ascii label  , from subject 198451 vox2ras=TkReg
2093
65848  11.214  -19.259  42.337 0.0000000000
93851  44.064  1.958  14.191 0.0000000000
74143  28.064  -13.674  31.744 0.0000000000
76743  39.442  -11.205  37.841 0.0000000000
72787  19.754  -13.935  31.144 0.0000000000
75341  17.773  -13.188  43.357 0.0000000000
102373  53.867  9.096  6.104 0.0000000000
102216  51.438  9.628  18.388 0.0000000000
84635  34.642  -4.544  25.089 0.0000000000
105006  52.465  11.385  -3.207 0.0000000000
73996  27.324  -12.976  39.324 0.0000000000
70108  13.410  -16.508  42.353 0.0000000000
102300  54.194  8.595  13.020 0.0000000000
99812  47.629  6.774  11.909 0.0000000000
88846  45.296  -2.272  20.276 0.0000000000
92562  50.007  0.981  21.025 0.0000000000
86167  40.385  -4.173  20.215 0.0000000000
76906  34.961  -11.032  28.430 0.0000000000
75483  33.393  -12.220  33.918 0.0000000000
75380  24.043  -13.155  40.796 0.0000000000
65818  21.816  -18.560  43.076 0.0000000000
74024  19.273  -13.724  38.580 0.0000000000
68754  15.386  -17.622  36.572 0.0000000000
75527  23.739  -12.453  30.896 0.0000000000
106051  56.984  12.180  6.260 0.0000000000
104781  57.546  11.420  13.642 0.0000000000
97229  48.609  5.400  14.807 0.0000000000
84567  40.126  -4.814  28.800 0.0000000000
80650  39.399  -7.686  30.383 0.0000000000
104944  50.934  10.812  1.861 0.0000000000
104929  57.881  11.344  3.225 0.0000000000
103701  59.450  10.645  0.088 0.0000000000
73912  27.278  -13.400  43.185 0.0000000000
67281  11.992  -17.906  41.418 0.0000000000
71310  12.117  -15.886  45.101 0.0000000000
68639  11.128  -17.251  45.418 0.0000000000
97298  49.184  5.452  10.510 0.0000000000
87526  45.783  -2.985  23.551 0.0000000000
87523  48.903  -2.674  23.778 0.0000000000
61604  7.787  -23.047  46.930 0.0000000000
87621  40.112  -3.164  16.584 0.0000000000
74206  28.935  -13.449  28.387 0.0000000000
74159  31.730  -13.184  30.032 0.0000000000
72746  30.963  -13.299  33.272 0.0000000000
74083  21.636  -13.904  35.186 0.0000000000
75382  21.663  -13.221  40.438 0.0000000000
72750  19.401  -14.455  33.232 0.0000000000
74146  21.656  -13.170  30.763 0.0000000000
74081  23.151  -13.834  35.666 0.0000000000
70060  19.016  -15.564  43.702 0.0000000000
103635  55.449  10.943  5.883 0.0000000000
104810  58.682  11.222  11.579 0.0000000000
102324  57.823  9.981  11.058 0.0000000000
103532  51.441  9.601  15.421 0.0000000000
104759  54.680  11.286  16.485 0.0000000000
97274  42.398  5.225  12.083 0.0000000000
98471  44.586  6.099  13.099 0.0000000000
95014  46.414  3.219  13.719 0.0000000000
87531  33.468  -3.797  22.899 0.0000000000
86071  37.211  -4.924  24.874 0.0000000000
87435  36.615  -3.274  27.464 0.0000000000
76836  37.808  -11.201  32.867 0.0000000000
78130  37.761  -10.177  29.318 0.0000000000
78042  39.804  -9.653  34.299 0.0000000000
106077  50.107  12.215  3.828 0.0000000000
106119  47.902  11.854  1.471 0.0000000000
107220  50.946  13.056  3.419 0.0000000000
107233  52.449  12.822  3.190 0.0000000000
103748  57.747  9.811  -2.788 0.0000000000
103730  56.481  10.126  -1.482 0.0000000000
104943  59.037  11.062  2.072 0.0000000000
103704  55.924  9.656  0.487 0.0000000000
74078  27.477  -13.057  35.573 0.0000000000
74075  29.995  -13.286  35.687 0.0000000000
75422  29.026  -12.696  39.403 0.0000000000
71320  16.030  -15.437  43.956 0.0000000000
72546  16.355  -14.690  46.540 0.0000000000
72556  13.919  -13.884  46.845 0.0000000000
99882  52.508  7.968  6.509 0.0000000000
101082  55.092  7.768  10.103 0.0000000000
99846  52.907  6.968  9.720 0.0000000000
99791  50.963  6.583  12.980 0.0000000000
102284  49.034  8.706  14.363 0.0000000000
91469  44.098  0.093  17.071 0.0000000000
93787  47.022  1.740  17.475 0.0000000000
90187  47.225  -0.765  19.890 0.0000000000
81986  34.380  -6.472  23.309 0.0000000000
79195  40.721  -9.034  37.801 0.0000000000
62982  9.977  -21.096  43.196 0.0000000000
65787  10.628  -19.456  46.744 0.0000000000
62921  9.489  -22.245  45.977 0.0000000000
92669  41.588  1.002  13.931 0.0000000000
88895  41.813  -1.782  16.488 0.0000000000
86185  42.246  -3.340  19.906 0.0000000000
86093  42.997  -3.304  23.594 0.0000000000
75596  32.284  -12.399  27.319 0.0000000000
75521  34.088  -12.042  31.128 0.0000000000
76785  36.171  -11.468  35.536 0.0000000000
74053  32.436  -12.783  36.351 0.0000000000
76758  35.053  -11.123  37.541 0.0000000000
70057  25.848  -15.835  42.488 0.0000000000
67232  24.347  -18.177  43.503 0.0000000000
68662  24.012  -16.931  41.951 0.0000000000
70103  20.465  -16.153  41.250 0.0000000000
76707  18.396  -12.898  41.543 0.0000000000
71462  17.749  -15.751  33.575 0.0000000000
71424  17.776  -16.135  36.898 0.0000000000
71374  17.461  -15.746  40.865 0.0000000000
68708  14.789  -17.474  39.594 0.0000000000
68711  12.437  -17.835  39.139 0.0000000000
67299  11.499  -18.928  39.714 0.0000000000
74240  25.904  -12.351  27.400 0.0000000000
76930  23.789  -10.945  27.132 0.0000000000
75524  26.070  -12.714  31.254 0.0000000000
72727  25.166  -13.578  35.177 0.0000000000
73983  25.221  -13.479  39.950 0.0000000000
102277  58.913  10.257  13.292 0.0000000000
103560  55.932  10.605  13.503 0.0000000000
101067  44.320  7.404  11.042 0.0000000000
102288  45.703  8.250  13.181 0.0000000000
99714  48.828  8.189  16.140 0.0000000000
94953  49.174  3.064  18.023 0.0000000000
97190  50.807  5.236  19.147 0.0000000000
84751  37.553  -5.497  20.434 0.0000000000
84650  40.197  -4.643  24.499 0.0000000000
87433  43.012  -3.323  27.220 0.0000000000
80713  37.082  -8.450  26.636 0.0000000000
81923  37.387  -6.049  27.863 0.0000000000
81834  40.100  -6.830  35.415 0.0000000000
83165  39.186  -5.264  32.287 0.0000000000
85988  36.862  -4.076  29.281 0.0000000000
87392  39.033  -3.396  30.372 0.0000000000
88703  42.921  -3.086  30.946 0.0000000000
102462  52.067  9.832  -0.352 0.0000000000
102425  54.042  9.903  2.330 0.0000000000
106093  55.799  12.871  3.519 0.0000000000
71283  28.000  -13.992  43.104 0.0000000000
67282  11.571  -18.497  41.799 0.0000000000
68666  11.679  -17.345  43.228 0.0000000000
65825  11.276  -18.412  44.023 0.0000000000
87481  45.523  -2.783  25.344 0.0000000000
87506  47.141  -2.829  24.574 0.0000000000
62940  6.184  -21.417  45.593 0.0000000000
72826  28.345  -13.698  30.015 0.0000000000
72806  29.503  -13.868  30.801 0.0000000000
72766  29.468  -13.864  32.713 0.0000000000
74119  20.644  -13.853  32.364 0.0000000000
74084  20.619  -13.734  34.904 0.0000000000
72768  19.475  -14.556  32.087 0.0000000000
75561  21.083  -13.011  28.415 0.0000000000
74147  20.962  -13.384  30.615 0.0000000000
74118  21.341  -13.638  32.720 0.0000000000
72586  18.604  -14.093  43.738 0.0000000000
72551  17.918  -14.843  45.437 0.0000000000
102381  54.741  9.872  6.090 0.0000000000
102360  56.948  9.801  7.795 0.0000000000
101106  55.979  8.757  7.979 0.0000000000
103496  50.760  9.771  16.594 0.0000000000
104732  52.732  10.893  17.817 0.0000000000
95027  43.613  3.158  12.251 0.0000000000
96149  44.737  3.681  12.580 0.0000000000
93861  45.688  2.628  13.890 0.0000000000
84654  33.989  -4.643  24.118 0.0000000000
86073  33.956  -3.979  24.019 0.0000000000
87486  35.139  -3.623  25.144 0.0000000000
86031  35.028  -3.947  25.896 0.0000000000
75470  38.906  -11.514  36.056 0.0000000000
76798  39.156  -11.084  34.783 0.0000000000
76766  39.926  -10.223  36.425 0.0000000000
103650  52.601  10.426  4.407 0.0000000000
107199  50.528  12.794  3.700 0.0000000000
103649  53.199  10.948  4.569 0.0000000000
104889  53.612  11.420  4.682 0.0000000000
103765  55.628  10.267  -3.365 0.0000000000
103751  54.419  10.219  -2.288 0.0000000000
103718  56.263  9.966  -0.411 0.0000000000
103752  53.371  10.310  -2.240 0.0000000000
74059  27.074  -13.082  36.498 0.0000000000
74036  28.600  -12.972  37.372 0.0000000000
75423  28.164  -12.557  39.713 0.0000000000
70091  14.823  -16.135  42.769 0.0000000000
72588  14.756  -14.650  45.357 0.0000000000
71322  14.020  -15.554  44.340 0.0000000000
71274  11.116  -15.325  47.453 0.0000000000
71273  11.697  -14.636  47.597 0.0000000000
99883  51.610  7.579  6.214 0.0000000000
99857  53.009  7.174  8.511 0.0000000000
98561  51.950  6.952  8.409 0.0000000000
98527  48.835  5.703  11.102 0.0000000000
98525  50.939  6.403  11.612 0.0000000000
98489  49.618  6.443  12.501 0.0000000000
101034  49.674  7.916  14.237 0.0000000000
99777  48.528  7.627  13.211 0.0000000000
90209  44.356  -1.244  18.669 0.0000000000
91435  46.275  -0.218  18.652 0.0000000000
88845  46.493  -1.650  20.170 0.0000000000
101160  51.064  8.747  4.550 0.0000000000
62955  9.681  -21.461  44.509 0.0000000000
62937  9.476  -22.008  45.029 0.0000000000
91522  39.979  -0.174  13.692 0.0000000000
91509  41.095  -0.247  14.800 0.0000000000
90283  40.455  -0.982  14.617 0.0000000000
86216  40.329  -3.641  17.980 0.0000000000
87599  41.279  -3.124  18.456 0.0000000000
86165  41.778  -3.712  20.495 0.0000000000
86141  42.827  -3.518  21.589 0.0000000000
86120  41.212  -3.917  22.171 0.0000000000
74263  30.850  -12.658  26.033 0.0000000000
74125  32.664  -12.610  32.403 0.0000000000
74158  32.537  -12.822  30.128 0.0000000000
75494  34.111  -11.899  33.223 0.0000000000
76820  35.416  -11.532  33.038 0.0000000000
76803  34.725  -11.824  34.583 0.0000000000
74011  30.687  -12.540  37.959 0.0000000000
74054  31.504  -12.964  36.370 0.0000000000
75438  32.509  -11.854  38.946 0.0000000000
77978  34.773  -11.083  39.303 0.0000000000
77987  36.758  -11.128  38.453 0.0000000000
73943  25.212  -13.886  41.890 0.0000000000
70058  25.079  -16.129  42.021 0.0000000000
71317  24.491  -15.341  41.408 0.0000000000
75428  20.026  -12.769  39.687 0.0000000000
72618  20.945  -14.352  40.666 0.0000000000
75384  19.880  -12.900  41.072 0.0000000000
75361  19.292  -13.033  41.751 0.0000000000
75430  18.715  -13.288  39.932 0.0000000000
71476  17.751  -15.862  32.333 0.0000000000
68789  15.830  -17.318  34.649 0.0000000000
70194  16.888  -16.630  34.710 0.0000000000
70173  16.981  -16.902  37.223 0.0000000000
71400  17.730  -16.062  39.050 0.0000000000
68721  16.591  -17.296  39.153 0.0000000000
68698  16.045  -16.898  40.577 0.0000000000
68722  15.603  -17.659  38.824 0.0000000000
67298  12.070  -18.352  39.182 0.0000000000
74268  26.350  -12.433  26.607 0.0000000000
75614  25.001  -11.625  26.442 0.0000000000
76891  22.900  -11.841  28.645 0.0000000000
76890  23.571  -11.670  28.656 0.0000000000
76888  24.617  -11.778  28.743 0.0000000000
75526  24.452  -12.295  30.952 0.0000000000
75498  25.633  -12.906  33.085 0.0000000000
75500  24.231  -12.905  32.420 0.0000000000
74019  23.558  -13.660  38.477 0.0000000000
74018  24.501  -13.899  38.400 0.0000000000
75379  25.102  -13.181  41.020 0.0000000000
73929  25.836  -13.736  42.475 0.0000000000
65817  22.716  -18.503  43.233 0.0000000000
64328  9.932  -20.441  48.174 0.0000000000
65773  10.393  -19.274  48.421 0.0000000000
106028  59.119  11.980  8.651 0.0000000000
104792  58.457  11.392  12.516 0.0000000000
104791  59.059  11.260  12.075 0.0000000000
103545  58.585  10.816  13.498 0.0000000000
103528  57.610  10.706  14.642 0.0000000000
101046  54.628  8.270  12.231 0.0000000000
102314  56.256  9.080  11.651 0.0000000000
102279  54.822  9.896  13.676 0.0000000000
104758  55.460  11.334  16.175 0.0000000000
97240  46.390  5.664  13.560 0.0000000000
101038  45.012  7.554  13.109 0.0000000000
99755  46.815  7.447  14.462 0.0000000000
101010  47.023  8.325  14.746 0.0000000000
98432  49.126  6.782  15.638 0.0000000000
92591  48.271  1.039  19.146 0.0000000000
93800  47.852  2.490  17.242 0.0000000000
92605  49.344  2.072  18.889 0.0000000000
83296  36.232  -5.624  20.989 0.0000000000
84617  38.693  -5.111  26.658 0.0000000000
84651  39.088  -5.172  24.652 0.0000000000
84615  40.489  -4.892  26.568 0.0000000000
86026  41.344  -4.105  26.515 0.0000000000
86000  42.040  -4.115  28.379 0.0000000000
76949  33.755  -11.170  26.226 0.0000000000
76927  34.904  -10.922  27.320 0.0000000000
78128  39.125  -8.975  29.734 0.0000000000
78159  37.770  -9.161  28.044 0.0000000000
80700  38.000  -8.079  27.654 0.0000000000
80702  37.002  -7.039  26.756 0.0000000000
81921  38.365  -6.772  28.755 0.0000000000
80534  40.331  -7.638  36.845 0.0000000000
84525  39.153  -4.138  32.924 0.0000000000
84547  37.749  -4.751  30.217 0.0000000000
87373  38.087  -3.546  31.231 0.0000000000
87394  37.706  -3.350  30.205 0.0000000000
88675  38.865  -3.028  31.833 0.0000000000
104946  49.457  11.311  1.598 0.0000000000
102449  51.552  9.815  0.444 0.0000000000
102434  53.503  9.518  1.684 0.0000000000
103679  53.010  10.358  2.330 0.0000000000
107196  53.744  13.157  4.147 0.0000000000
106104  53.983  12.563  2.962 0.0000000000
107194  55.830  13.332  4.691 0.0000000000
107193  57.006  13.437  4.826 0.0000000000
103728  58.691  9.865  -1.843 0.0000000000
103674  58.208  10.774  2.486 0.0000000000
106101  59.131  12.253  3.102 0.0000000000
104914  58.319  12.211  3.346 0.0000000000
75377  26.948  -12.757  41.356 0.0000000000
75352  28.325  -12.154  41.909 0.0000000000
75334  27.970  -12.276  42.781 0.0000000000
68676  12.975  -16.651  42.294 0.0000000000
70077  12.742  -16.211  43.835 0.0000000000
68665  11.913  -16.833  43.576 0.0000000000
70063  11.532  -16.714  45.138 0.0000000000
70032  10.999  -16.706  47.505 0.0000000000
97299  48.163  5.099  10.273 0.0000000000
98511  47.365  6.243  11.467 0.0000000000
87561  45.353  -2.987  21.530 0.0000000000
87559  47.306  -2.657  21.850 0.0000000000
87525  46.825  -2.961  23.617 0.0000000000
87504  49.206  -2.649  24.776 0.0000000000
62938  8.199  -22.598  44.877 0.0000000000
62939  6.996  -21.586  45.215 0.0000000000
62913  6.475  -22.372  46.511 0.0000000000
88911  39.122  -1.973  14.744 0.0000000000
86205  39.189  -4.421  18.150 0.0000000000
74204  31.016  -13.190  28.152 0.0000000000
72824  29.998  -13.645  29.726 0.0000000000
74127  31.305  -13.153  31.748 0.0000000000
74108  31.865  -12.941  33.059 0.0000000000
74020  22.455  -13.340  38.541 0.0000000000
75381  22.863  -13.137  40.632 0.0000000000
74021  21.223  -13.266  38.236 0.0000000000
74022  20.330  -13.181  38.146 0.0000000000
72713  19.263  -14.410  35.448 0.0000000000
67324  14.689  -17.814  36.875 0.0000000000
67368  13.031  -17.990  35.407 0.0000000000
75560  21.765  -12.478  28.539 0.0000000000
75529  22.412  -12.996  30.686 0.0000000000
74130  23.606  -13.205  32.407 0.0000000000
74117  22.171  -13.629  33.037 0.0000000000
74082  22.537  -13.826  35.402 0.0000000000
67250  19.942  -17.698  43.222 0.0000000000
104878  56.471  11.545  6.218 0.0000000000
104854  58.518  11.466  8.402 0.0000000000
103606  58.221  10.443  8.515 0.0000000000
103583  58.329  10.384  10.564 0.0000000000
104812  57.518  11.317  12.666 0.0000000000
102281  52.432  9.161  14.348 0.0000000000
103529  54.484  10.776  15.142 0.0000000000
103511  53.257  10.728  16.683 0.0000000000
105940  54.091  11.657  18.156 0.0000000000
99796  42.981  7.202  12.191 0.0000000000
97256  44.087  5.157  12.454 0.0000000000
97254  46.064  5.147  13.192 0.0000000000
96132  47.706  4.248  13.948 0.0000000000
92575  50.305  1.663  20.952 0.0000000000
86146  34.010  -4.366  21.873 0.0000000000
86122  35.134  -4.689  22.682 0.0000000000
87529  34.908  -3.989  23.903 0.0000000000
87484  36.483  -3.817  26.229 0.0000000000
86017  37.538  -3.671  27.638 0.0000000000
76870  36.179  -11.059  30.616 0.0000000000
76905  36.060  -10.641  28.543 0.0000000000
76868  37.674  -10.792  31.163 0.0000000000
78076  39.439  -10.220  32.510 0.0000000000
79328  39.914  -8.969  32.379 0.0000000000
107223  47.725  12.706  3.189 0.0000000000
107244  46.098  13.136  1.682 0.0000000000
107237  48.150  12.555  2.763 0.0000000000
107236  49.224  12.698  2.886 0.0000000000
106107  50.736  12.323  2.507 0.0000000000
106106  51.840  12.306  2.661 0.0000000000
107234  51.379  12.839  3.031 0.0000000000
107197  52.722  12.823  3.873 0.0000000000
103779  55.752  10.249  -4.381 0.0000000000
103749  56.616  10.075  -2.537 0.0000000000
103716  58.577  10.269  -0.744 0.0000000000
103687  59.277  10.810  1.113 0.0000000000
103702  58.441  10.374  0.378 0.0000000000
103703  57.209  9.960  0.836 0.0000000000
102443  56.960  9.834  1.810 0.0000000000
74111  27.634  -13.144  33.631 0.0000000000
72726  29.068  -13.243  34.232 0.0000000000
74077  28.382  -13.223  35.667 0.0000000000
74035  29.408  -12.877  37.300 0.0000000000
75420  30.984  -11.841  39.420 0.0000000000
72602  16.983  -14.474  43.808 0.0000000000
75306  17.060  -13.522  44.796 0.0000000000
73933  16.194  -14.543  45.127 0.0000000000
72554  15.460  -14.286  46.392 0.0000000000
71290  12.835  -14.854  46.049 0.0000000000
72550  13.418  -13.867  47.584 0.0000000000
101136  53.244  8.390  6.455 0.0000000000
101107  54.965  8.061  8.254 0.0000000000
99856  53.845  7.548  8.142 0.0000000000
99829  54.300  7.435  10.195 0.0000000000
99809  53.425  7.237  11.634 0.0000000000
98539  51.171  6.447  10.756 0.0000000000
99810  52.475  6.810  11.946 0.0000000000
99772  52.897  7.642  13.269 0.0000000000
102282  51.143  8.764  14.486 0.0000000000
102264  50.294  9.217  14.816 0.0000000000
103516  48.924  9.550  15.420 0.0000000000
92638  43.758  0.979  15.832 0.0000000000
93819  45.200  1.848  16.164 0.0000000000
92622  45.645  1.080  17.269 0.0000000000
92593  46.881  0.572  18.431 0.0000000000
91416  48.874  0.099  20.372 0.0000000000
88817  48.583  -2.268  21.950 0.0000000000
88827  49.072  -1.354  21.389 0.0000000000
90142  50.687  -0.687  21.950 0.0000000000
83255  34.609  -5.385  24.205 0.0000000000
77985  40.436  -10.087  37.715 0.0000000000
107225  45.676  13.330  3.287 0.0000000000
104902  49.627  11.347  3.810 0.0000000000
102398  51.834  9.382  4.452 0.0000000000
107300  52.635  13.486  -4.753 0.0000000000
106177  52.005  12.903  -4.087 0.0000000000
64406  10.752  -20.339  42.584 0.0000000000
65839  11.058  -19.416  43.702 0.0000000000
64377  10.782  -19.987  44.649 0.0000000000
64342  10.396  -20.667  47.042 0.0000000000
61602  9.241  -22.275  47.902 0.0000000000
62911  8.080  -23.290  46.540 0.0000000000
93880  42.035  2.402  12.222 0.0000000000
93867  40.609  1.677  12.506 0.0000000000
92668  42.384  1.442  14.218 0.0000000000
91507  42.554  0.385  15.559 0.0000000000
90263  42.842  -0.893  16.201 0.0000000000
88874  43.496  -1.639  18.472 0.0000000000
88896  41.056  -2.194  16.246 0.0000000000
88876  42.112  -2.446  18.156 0.0000000000
88848  43.792  -2.499  19.798 0.0000000000
87547  43.982  -3.287  22.018 0.0000000000
86091  44.220  -3.159  23.499 0.0000000000
87482  44.597  -2.926  25.283 0.0000000000
75574  33.630  -11.825  28.211 0.0000000000
74203  31.901  -12.842  28.141 0.0000000000
75556  33.130  -12.540  29.163 0.0000000000
75554  34.567  -11.701  29.376 0.0000000000
76839  35.617  -11.364  32.158 0.0000000000
76800  36.907  -11.566  34.705 0.0000000000
76755  37.929  -11.690  37.164 0.0000000000
72724  30.538  -13.488  34.243 0.0000000000
74073  31.841  -13.095  35.211 0.0000000000
74072  32.719  -12.621  35.464 0.0000000000
76748  33.873  -11.579  38.588 0.0000000000
76759  33.984  -11.598  37.606 0.0000000000
76772  34.602  -11.462  36.351 0.0000000000
76757  35.938  -11.182  37.362 0.0000000000
76745  37.379  -11.407  38.145 0.0000000000
76729  38.754  -11.385  38.389 0.0000000000
68648  26.001  -16.533  43.053 0.0000000000
68649  25.360  -16.803  42.753 0.0000000000
68650  24.496  -17.107  42.366 0.0000000000
67260  23.145  -17.491  42.404 0.0000000000
71354  23.113  -15.704  40.992 0.0000000000
68673  22.127  -16.921  41.562 0.0000000000
67273  20.938  -17.417  42.150 0.0000000000
70072  19.718  -16.257  42.464 0.0000000000
72601  19.027  -13.914  42.698 0.0000000000
75363  18.001  -12.945  42.397 0.0000000000
71474  19.009  -14.925  32.212 0.0000000000
72732  18.732  -14.923  33.853 0.0000000000
71434  18.571  -15.333  35.623 0.0000000000
70204  16.538  -16.837  33.478 0.0000000000
71435  17.692  -15.945  35.758 0.0000000000
72683  18.745  -14.768  37.637 0.0000000000
72658  18.371  -14.795  39.688 0.0000000000
72648  18.096  -14.369  40.606 0.0000000000
73974  17.563  -13.872  42.419 0.0000000000
71339  17.071  -15.228  42.726 0.0000000000
68689  15.568  -16.788  41.261 0.0000000000
68690  14.550  -16.797  41.297 0.0000000000
68741  13.752  -17.695  37.462 0.0000000000
68709  13.776  -17.417  39.282 0.0000000000
68701  13.192  -17.308  40.120 0.0000000000
68692  12.599  -17.495  40.934 0.0000000000
67289  11.586  -18.709  40.791 0.0000000000
65855  11.265  -19.416  41.248 0.0000000000
65849  10.895  -20.065  41.644 0.0000000000
64423  10.207  -20.787  41.364 0.0000000000
74266  27.827  -12.702  26.569 0.0000000000
74207  27.890  -13.365  28.739 0.0000000000
74183  27.066  -13.184  29.545 0.0000000000
75598  24.724  -11.480  27.301 0.0000000000
75557  25.669  -12.291  29.168 0.0000000000
74145  26.717  -12.982  31.082 0.0000000000
75497  26.455  -12.907  33.167 0.0000000000
74079  26.532  -13.150  35.497 0.0000000000
74016  26.577  -13.374  38.390 0.0000000000
72710  24.444  -13.736  35.740 0.0000000000
74017  25.516  -13.650  38.331 0.0000000000
73982  26.109  -13.250  39.982 0.0000000000
75355  26.129  -12.946  41.790 0.0000000000
71286  26.604  -14.446  42.827 0.0000000000
67238  10.830  -18.255  45.767 0.0000000000
68628  10.796  -17.499  47.524 0.0000000000
104809  59.361  11.400  11.237 0.0000000000
102326  56.323  8.586  10.617 0.0000000000
102297  56.959  10.461  12.361 0.0000000000
104782  56.788  11.377  14.009 0.0000000000
104784  55.336  11.060  14.827 0.0000000000
104770  55.748  11.251  15.186 0.0000000000
104756  56.893  10.967  15.005 0.0000000000
99815  44.915  6.729  10.806 0.0000000000
99814  45.986  6.957  11.433 0.0000000000
101039  44.134  7.396  12.412 0.0000000000
101050  45.913  8.116  12.155 0.0000000000
101049  46.981  8.195  12.525 0.0000000000
102286  47.315  8.741  13.652 0.0000000000
102250  47.945  9.166  15.130 0.0000000000
100974  49.736  8.942  16.864 0.0000000000
94983  46.700  2.868  16.002 0.0000000000
94994  47.915  3.315  15.627 0.0000000000
96114  49.303  4.095  16.376 0.0000000000
93766  50.284  2.985  19.665 0.0000000000
96089  49.926  4.367  18.257 0.0000000000
96101  50.293  5.096  16.981 0.0000000000
98411  50.625  6.914  17.142 0.0000000000
98403  51.344  7.421  18.634 0.0000000000
84806  37.515  -5.357  18.376 0.0000000000
84750  38.605  -5.102  20.583 0.0000000000
84698  37.086  -5.551  22.616 0.0000000000
84696  39.049  -4.906  22.714 0.0000000000
84695  39.917  -4.641  22.741 0.0000000000
86068  41.210  -3.887  24.402 0.0000000000
86041  42.783  -3.268  25.355 0.0000000000
87431  44.591  -2.728  26.998 0.0000000000
78161  36.579  -10.099  27.592 0.0000000000
80725  35.667  -7.522  24.544 0.0000000000
81964  35.969  -6.447  25.204 0.0000000000
83231  35.921  -5.385  26.134 0.0000000000
77995  40.275  -9.586  36.797 0.0000000000
79263  40.153  -8.547  35.455 0.0000000000
80596  39.871  -7.185  33.441 0.0000000000
81850  39.595  -6.309  33.862 0.0000000000
81887  39.470  -6.417  31.495 0.0000000000
83194  37.975  -5.415  29.841 0.0000000000
83202  37.074  -4.861  28.661 0.0000000000
84586  35.951  -4.158  27.438 0.0000000000
87419  36.187  -3.456  28.072 0.0000000000
87403  38.208  -3.306  29.438 0.0000000000
85970  39.494  -3.900  29.986 0.0000000000
88673  40.461  -2.881  32.156 0.0000000000
87369  40.858  -3.481  31.574 0.0000000000
85968  41.299  -4.297  29.988 0.0000000000
87388  43.187  -3.105  30.023 0.0000000000
105007  51.698  12.003  -2.929 0.0000000000
103753  52.332  10.737  -2.214 0.0000000000
102460  54.056  9.501  -0.107 0.0000000000
102432  55.620  9.505  2.082 0.0000000000
103676  56.412  10.678  3.224 0.0000000000
104932  53.485  11.563  2.814 0.0000000000
104930  55.317  12.036  3.172 0.0000000000
104916  56.510  12.166  3.556 0.0000000000
107214  57.427  13.336  4.215 0.0000000000
68647  26.572  -16.413  43.086 0.0000000000
70055  27.032  -15.599  42.729 0.0000000000
67275  11.606  -18.154  42.776 0.0000000000
65838  11.323  -18.927  43.402 0.0000000000
87453  45.917  -2.568  26.304 0.0000000000
87452  46.717  -2.426  26.122 0.0000000000
74161  27.849  -13.539  30.753 0.0000000000
72807  28.647  -13.677  30.848 0.0000000000
72767  20.105  -14.082  31.986 0.0000000000
72749  20.066  -14.210  32.889 0.0000000000
74148  20.261  -13.611  30.339 0.0000000000
74134  20.491  -13.748  31.363 0.0000000000
75322  18.028  -13.191  43.789 0.0000000000
72569  18.244  -14.231  44.820 0.0000000000
75304  17.684  -13.338  44.302 0.0000000000
102382  54.153  9.745  5.732 0.0000000000
102362  55.576  9.334  7.046 0.0000000000
101121  55.089  8.764  7.184 0.0000000000
103481  51.107  10.092  17.332 0.0000000000
103480  52.055  10.595  17.752 0.0000000000
103468  51.981  10.464  18.618 0.0000000000
93863  43.873  2.123  13.409 0.0000000000
93877  44.358  2.565  12.992 0.0000000000
93850  44.931  2.250  14.421 0.0000000000
84655  33.530  -4.198  23.633 0.0000000000
86049  34.614  -3.960  24.984 0.0000000000
84619  34.816  -4.236  25.642 0.0000000000
76754  38.997  -11.532  37.148 0.0000000000
76767  39.501  -11.082  36.381 0.0000000000
76753  39.805  -10.646  37.076 0.0000000000
103638  53.091  9.883  4.796 0.0000000000
104900  51.869  11.387  4.003 0.0000000000
103637  53.682  10.424  4.968 0.0000000000
103781  54.054  10.682  -3.654 0.0000000000
103767  53.528  10.658  -3.154 0.0000000000
103768  52.890  10.720  -2.750 0.0000000000
74015  27.504  -13.098  38.344 0.0000000000
70107  14.171  -16.554  42.161 0.0000000000
70075  14.460  -15.893  43.567 0.0000000000
70092  13.866  -16.262  42.924 0.0000000000
99884  50.581  7.341  5.849 0.0000000000
98575  51.616  7.168  7.114 0.0000000000
98510  48.251  6.338  11.741 0.0000000000
98509  49.317  6.190  11.820 0.0000000000
98490  48.803  6.611  12.332 0.0000000000
99793  49.014  6.998  12.897 0.0000000000
99794  47.850  7.369  12.494 0.0000000000
88863  44.802  -1.677  19.398 0.0000000000
88862  45.814  -1.387  19.589 0.0000000000
62970  9.224  -21.831  43.653 0.0000000000
91535  39.515  0.093  13.296 0.0000000000
91523  39.319  -0.510  13.489 0.0000000000
90297  40.159  -0.502  14.170 0.0000000000
90298  39.596  -0.966  14.094 0.0000000000
86188  40.128  -4.272  19.539 0.0000000000
86203  40.670  -3.682  18.691 0.0000000000
86166  41.041  -3.967  20.343 0.0000000000
86143  41.133  -4.002  21.233 0.0000000000
75495  33.381  -12.267  32.832 0.0000000000
75481  34.723  -11.773  34.056 0.0000000000
75482  34.339  -11.964  34.379 0.0000000000
75439  31.576  -12.162  38.394 0.0000000000
75418  32.403  -11.467  39.468 0.0000000000
75338  24.790  -13.632  41.676 0.0000000000
72598  24.917  -14.521  41.647 0.0000000000
73944  24.325  -13.970  41.438 0.0000000000
75447  19.506  -13.343  38.813 0.0000000000
76704  19.982  -12.637  40.739 0.0000000000
75408  19.346  -12.662  40.091 0.0000000000
76722  19.218  -12.598  40.646 0.0000000000
74002  18.820  -13.486  39.340 0.0000000000
68770  16.218  -17.346  36.050 0.0000000000
68753  16.088  -17.439  37.105 0.0000000000
70158  17.191  -16.806  38.499 0.0000000000
68738  16.400  -17.482  38.066 0.0000000000
68739  15.304  -17.707  37.652 0.0000000000
75542  23.462  -12.139  30.107 0.0000000000
76875  23.295  -11.890  29.362 0.0000000000
75541  24.142  -12.085  30.140 0.0000000000
75512  24.680  -12.487  31.868 0.0000000000
75513  24.012  -12.736  31.679 0.0000000000
75424  23.594  -13.251  39.710 0.0000000000
73984  24.335  -13.379  39.831 0.0000000000
75404  24.011  -13.180  40.163 0.0000000000
67248  22.634  -18.291  43.071 0.0000000000
61600  9.799  -21.685  48.328 0.0000000000
62907  10.091  -20.732  48.797 0.0000000000
106050  57.666  12.522  6.539 0.0000000000
106039  58.627  12.180  7.637 0.0000000000
106040  58.024  12.032  7.232 0.0000000000
104793  57.803  11.457  12.932 0.0000000000
104780  58.261  11.401  13.276 0.0000000000
104767  57.993  11.173  13.988 0.0000000000
102299  55.227  9.388  12.897 0.0000000000
102280  54.026  9.377  13.817 0.0000000000
97238  47.987  5.239  14.253 0.0000000000
98450  46.420  6.423  13.740 0.0000000000
98449  47.498  6.409  14.420 0.0000000000
98434  47.790  7.012  14.821 0.0000000000
97228  49.187  5.788  15.304 0.0000000000
92577  48.877  0.874  19.790 0.0000000000
92590  49.258  1.617  19.375 0.0000000000
92576  49.640  1.258  20.305 0.0000000000
84753  34.929  -5.685  21.052 0.0000000000
84600  39.079  -5.048  27.511 0.0000000000
84616  39.453  -5.264  26.606 0.0000000000
84599  40.021  -5.166  27.518 0.0000000000
84598  40.775  -4.801  27.616 0.0000000000
86001  41.263  -4.676  28.441 0.0000000000
76928  34.102  -11.319  27.143 0.0000000000
79362  39.372  -8.535  30.042 0.0000000000
79376  38.988  -8.465  29.412 0.0000000000
80667  39.119  -7.847  29.732 0.0000000000
80684  38.220  -7.537  28.113 0.0000000000
80651  39.099  -7.065  29.810 0.0000000000
85933  39.197  -3.825  33.103 0.0000000000
85943  38.463  -3.962  32.022 0.0000000000
87354  38.693  -3.375  32.311 0.0000000000
88645  38.835  -3.078  32.207 0.0000000000
104945  50.387  10.923  1.829 0.0000000000
103694  49.471  10.942  1.065 0.0000000000
103693  49.950  10.684  1.204 0.0000000000
103706  50.793  10.170  0.194 0.0000000000
103692  51.041  10.291  1.335 0.0000000000
103691  52.197  10.017  1.675 0.0000000000
103680  51.804  10.665  2.055 0.0000000000
106060  55.519  12.661  5.142 0.0000000000
107195  54.733  13.323  4.276 0.0000000000
107183  56.170  12.997  5.241 0.0000000000
106058  57.183  12.959  5.854 0.0000000000
103715  59.585  10.217  -0.816 0.0000000000
103700  60.399  10.644  -0.068 0.0000000000
104928  58.713  11.537  2.839 0.0000000000
75335  27.120  -12.773  42.490 0.0000000000
75353  27.809  -12.332  42.097 0.0000000000
75303  27.640  -13.093  43.125 0.0000000000
68677  12.296  -17.052  42.398 0.0000000000
68654  11.428  -17.042  44.275 0.0000000000
70047  11.426  -16.633  45.871 0.0000000000
68636  11.274  -17.043  46.115 0.0000000000
97300  47.307  5.086  10.116 0.0000000000
98528  47.835  5.625  10.926 0.0000000000
98529  46.947  5.593  10.761 0.0000000000
87545  45.526  -3.073  22.572 0.0000000000
87544  46.548  -2.983  22.667 0.0000000000
62957  7.495  -21.622  44.745 0.0000000000
62924  6.196  -22.041  46.153 0.0000000000
61612  6.242  -22.355  46.441 0.0000000000
74205  29.984  -13.443  28.423 0.0000000000
72842  29.340  -13.596  29.148 0.0000000000
72785  29.891  -13.825  31.727 0.0000000000
72805  30.351  -13.613  30.797 0.0000000000
72764  30.887  -13.283  32.361 0.0000000000
74109  31.398  -13.141  32.496 0.0000000000
72745  31.538  -13.173  33.657 0.0000000000
74043  21.694  -13.598  37.366 0.0000000000
75443  22.437  -13.122  39.218 0.0000000000
74064  21.096  -13.714  36.242 0.0000000000
72730  19.922  -14.081  34.012 0.0000000000
74065  20.187  -13.697  36.260 0.0000000000
72712  19.786  -14.048  35.174 0.0000000000
74066  19.770  -13.874  36.760 0.0000000000
72731  19.170  -14.534  34.302 0.0000000000
74164  21.386  -13.146  29.970 0.0000000000
75545  21.421  -12.966  29.228 0.0000000000
75544  21.977  -12.767  29.726 0.0000000000
74131  22.871  -13.496  32.211 0.0000000000
74132  22.068  -13.457  31.768 0.0000000000
74101  21.431  -13.745  33.940 0.0000000000
74063  22.069  -13.763  36.327 0.0000000000
68652  19.327  -17.011  43.641 0.0000000000
67234  19.501  -17.614  43.948 0.0000000000
104879  55.774  11.144  5.988 0.0000000000
104869  56.788  11.097  6.738 0.0000000000
103620  56.680  10.468  7.048 0.0000000000
102333  57.941  9.639  10.096 0.0000000000
103592  58.410  10.245  9.566 0.0000000000
103574  58.075  10.666  11.517 0.0000000000
102312  57.729  10.258  11.448 0.0000000000
102262  52.046  9.552  14.955 0.0000000000
103531  52.515  9.907  15.429 0.0000000000
103512  52.683  10.191  16.393 0.0000000000
104731  53.709  11.415  18.018 0.0000000000
97258  42.907  5.812  12.053 0.0000000000
97273  43.274  4.759  12.054 0.0000000000
96140  45.218  4.174  12.780 0.0000000000
96139  46.165  4.042  13.235 0.0000000000
96138  46.916  4.093  13.564 0.0000000000
95013  47.169  3.518  14.016 0.0000000000
86147  33.149  -3.984  21.502 0.0000000000
86124  33.853  -3.847  21.937 0.0000000000
86123  34.334  -4.087  22.574 0.0000000000
87530  34.249  -3.772  23.327 0.0000000000
87459  35.945  -3.654  26.486 0.0000000000
87485  36.076  -3.830  25.852 0.0000000000
87458  36.644  -3.614  26.780 0.0000000000
87457  37.154  -3.559  27.193 0.0000000000
87434  37.152  -3.315  27.585 0.0000000000
76854  36.965  -11.035  31.718 0.0000000000
76869  37.098  -10.887  30.744 0.0000000000
76853  37.882  -10.916  31.865 0.0000000000
76797  39.663  -10.399  34.928 0.0000000000
76834  39.397  -10.702  33.360 0.0000000000
78060  39.826  -9.887  33.361 0.0000000000
79347  39.627  -9.422  31.706 0.0000000000
79311  39.986  -8.885  33.630 0.0000000000
107201  48.438  12.672  3.729 0.0000000000
107222  48.826  12.863  3.326 0.0000000000
107221  49.889  12.933  3.366 0.0000000000
107235  50.293  12.877  2.900 0.0000000000
106108  49.596  12.189  2.344 0.0000000000
104888  54.359  11.339  5.079 0.0000000000
106074  53.536  12.322  4.433 0.0000000000
106061  54.559  12.148  4.921 0.0000000000
103750  55.524  10.251  -2.367 0.0000000000
103729  57.614  10.070  -1.658 0.0000000000
103717  57.457  10.181  -0.523 0.0000000000
103689  57.580  10.166  2.032 0.0000000000
102444  56.279  9.599  1.436 0.0000000000
74094  27.970  -13.168  34.715 0.0000000000
75442  29.070  -12.728  38.644 0.0000000000
74013  29.183  -12.789  38.073 0.0000000000
75441  29.632  -12.569  38.729 0.0000000000
74012  29.918  -12.573  37.993 0.0000000000
75421  30.080  -12.206  39.503 0.0000000000
72621  16.851  -15.149  43.626 0.0000000000
73948  16.536  -14.721  44.479 0.0000000000
72603  16.334  -14.953  44.336 0.0000000000
72572  14.520  -14.340  45.900 0.0000000000
72571  15.375  -14.480  45.847 0.0000000000
72555  14.795  -13.914  46.606 0.0000000000
72548  15.113  -13.785  47.148 0.0000000000
72549  14.280  -13.696  47.403 0.0000000000
70061  12.428  -16.013  44.534 0.0000000000
71323  13.100  -15.670  44.414 0.0000000000
71309  12.602  -15.391  45.091 0.0000000000
101147  52.586  8.662  5.648 0.0000000000
101123  53.468  7.926  7.121 0.0000000000
99868  52.924  7.694  7.279 0.0000000000
99845  53.686  7.290  9.338 0.0000000000
99830  53.522  7.170  10.455 0.0000000000
99808  54.062  7.414  11.044 0.0000000000
99831  52.719  6.895  10.857 0.0000000000
97311  49.851  6.228  9.000 0.0000000000
98548  51.627  6.574  9.777 0.0000000000
98540  50.485  6.191  10.555 0.0000000000
98507  50.832  6.327  12.353 0.0000000000
99811  51.537  6.558  12.170 0.0000000000
99790  52.042  6.894  12.881 0.0000000000
99774  51.480  7.286  13.636 0.0000000000
101032  51.967  8.088  14.033 0.0000000000
102283  50.039  8.667  14.523 0.0000000000
102265  49.342  9.210  14.711 0.0000000000
103534  49.560  9.473  15.135 0.0000000000
103535  48.787  9.457  14.965 0.0000000000
92624  44.053  0.540  16.472 0.0000000000
92623  44.692  0.971  16.631 0.0000000000
91468  44.962  0.358  17.323 0.0000000000
90207  46.464  -0.705  19.321 0.0000000000
91434  46.859  0.112  18.911 0.0000000000
90206  47.024  -0.284  19.387 0.0000000000
91433  47.565  0.175  19.412 0.0000000000
91417  48.033  -0.217  19.963 0.0000000000
87543  47.539  -2.855  22.744 0.0000000000
87558  48.074  -2.546  22.041 0.0000000000
87542  48.597  -2.612  22.696 0.0000000000
88816  49.343  -1.837  21.991 0.0000000000
88815  50.564  -1.684  22.610 0.0000000000
90143  50.077  -1.260  21.999 0.0000000000
90141  51.560  -0.498  22.491 0.0000000000
83265  33.811  -5.480  23.203 0.0000000000
83254  35.052  -5.842  24.338 0.0000000000
107203  46.365  12.795  3.995 0.0000000000
107202  47.388  12.596  3.740 0.0000000000
104903  48.719  11.509  3.940 0.0000000000
101148  51.719  8.458  5.291 0.0000000000
102399  50.617  9.486  3.969 0.0000000000
102384  52.427  9.034  5.076 0.0000000000
107301  52.177  13.105  -4.321 0.0000000000
64391  10.780  -20.096  43.729 0.0000000000
62969  10.139  -20.837  44.138 0.0000000000
62936  10.251  -20.950  45.317 0.0000000000
62920  10.252  -21.171  45.995 0.0000000000
62910  9.503  -22.110  47.280 0.0000000000
62922  8.163  -23.052  45.748 0.0000000000
95029  41.832  3.183  11.761 0.0000000000
95030  40.808  3.200  11.725 0.0000000000
92682  40.873  1.104  12.990 0.0000000000
92681  41.474  1.419  13.120 0.0000000000
92653  42.655  1.051  14.954 0.0000000000
92654  41.779  0.717  14.780 0.0000000000
90264  42.085  -0.963  15.569 0.0000000000
91492  42.523  -0.276  15.634 0.0000000000
88894  42.600  -1.415  16.728 0.0000000000
90244  43.112  -1.244  17.020 0.0000000000
88884  42.595  -1.712  17.271 0.0000000000
87634  39.992  -2.579  15.739 0.0000000000
88910  39.840  -1.894  14.937 0.0000000000
87633  40.585  -2.474  16.184 0.0000000000
87598  41.942  -2.866  18.731 0.0000000000
87607  41.638  -2.696  18.012 0.0000000000
87597  42.602  -2.694  18.966 0.0000000000
88865  42.992  -2.423  19.001 0.0000000000
87577  43.190  -3.019  20.201 0.0000000000
87576  43.754  -2.884  20.316 0.0000000000
87564  43.240  -3.260  20.767 0.0000000000
86118  42.823  -3.489  22.661 0.0000000000
86117  43.691  -3.349  22.830 0.0000000000
87509  44.181  -3.015  24.366 0.0000000000
86066  43.281  -3.107  24.456 0.0000000000
75611  32.150  -12.198  26.194 0.0000000000
75595  33.109  -11.826  27.008 0.0000000000
74180  31.443  -13.204  29.073 0.0000000000
75522  33.518  -12.312  30.917 0.0000000000
75538  33.336  -12.470  30.169 0.0000000000
75537  33.999  -12.041  30.217 0.0000000000
75555  33.900  -12.135  29.283 0.0000000000
75536  34.723  -11.735  30.334 0.0000000000
76856  35.444  -11.170  31.447 0.0000000000
75520  34.788  -11.663  31.335 0.0000000000
76801  36.062  -11.589  34.488 0.0000000000
76819  36.074  -11.429  33.414 0.0000000000
76784  36.967  -11.582  35.670 0.0000000000
76768  37.884  -11.632  36.373 0.0000000000
76769  37.241  -11.576  36.512 0.0000000000
74092  29.515  -13.247  35.172 0.0000000000
72725  29.670  -13.352  34.472 0.0000000000
72708  29.852  -13.400  35.103 0.0000000000
74032  32.003  -12.581  37.054 0.0000000000
75466  33.247  -12.340  36.160 0.0000000000
77989  35.285  -11.063  38.546 0.0000000000
76747  34.527  -11.276  38.461 0.0000000000
75465  33.782  -11.964  36.813 0.0000000000
76771  35.557  -11.129  36.423 0.0000000000
77998  35.695  -11.111  38.041 0.0000000000
77986  37.201  -11.221  38.534 0.0000000000
76730  37.926  -11.403  38.501 0.0000000000
68651  23.773  -17.327  42.375 0.0000000000
75358  22.554  -13.506  40.826 0.0000000000
72615  23.677  -14.889  41.083 0.0000000000
72634  22.667  -15.001  40.823 0.0000000000
72636  20.840  -14.789  40.680 0.0000000000
71356  21.515  -15.498  40.802 0.0000000000
70102  21.078  -16.180  40.905 0.0000000000
68674  21.206  -17.031  41.677 0.0000000000
68686  20.372  -16.372  41.569 0.0000000000
68675  20.320  -16.827  41.984 0.0000000000
70087  19.990  -15.992  41.688 0.0000000000
76688  19.054  -12.776  41.628 0.0000000000
73946  19.080  -13.337  42.492 0.0000000000
75362  18.635  -12.802  42.259 0.0000000000
75339  18.691  -13.020  42.720 0.0000000000
75386  18.057  -13.323  41.592 0.0000000000
71461  18.345  -15.246  33.332 0.0000000000
71447  18.568  -15.169  34.430 0.0000000000
70217  15.997  -16.660  32.431 0.0000000000
70186  17.106  -16.747  35.973 0.0000000000
71423  18.393  -15.430  36.721 0.0000000000
71412  18.308  -15.414  37.796 0.0000000000
72670  18.727  -14.651  38.769 0.0000000000
71387  17.667  -15.914  39.946 0.0000000000
72659  17.946  -15.165  40.325 0.0000000000
72649  17.768  -14.883  41.235 0.0000000000
73987  17.832  -14.127  41.532 0.0000000000
72638  17.535  -14.636  42.152 0.0000000000
72620  17.197  -14.485  42.994 0.0000000000
71359  17.321  -15.437  41.821 0.0000000000
68707  15.830  -17.363  39.829 0.0000000000
70105  16.108  -16.375  41.825 0.0000000000
68699  15.125  -17.183  40.538 0.0000000000
70106  15.171  -16.471  42.002 0.0000000000
67325  13.966  -17.815  36.937 0.0000000000
68740  14.283  -17.696  37.597 0.0000000000
68710  12.874  -17.612  38.922 0.0000000000
68725  12.936  -17.677  38.233 0.0000000000
68702  12.576  -17.770  39.771 0.0000000000
67288  12.045  -18.142  40.312 0.0000000000
65866  11.094  -19.548  40.219 0.0000000000
65856  10.725  -20.284  40.681 0.0000000000
74239  26.612  -12.697  27.497 0.0000000000
74208  26.899  -12.967  28.501 0.0000000000
74209  26.166  -12.522  28.355 0.0000000000
76950  24.314  -11.120  26.474 0.0000000000
76929  24.237  -11.254  27.391 0.0000000000
75540  24.946  -12.149  29.900 0.0000000000
75558  25.091  -11.961  28.910 0.0000000000
75539  25.786  -12.550  30.183 0.0000000000
74163  26.520  -12.902  30.329 0.0000000000
75509  26.856  -12.966  32.401 0.0000000000
75510  26.177  -12.810  32.284 0.0000000000
74113  25.593  -13.200  33.891 0.0000000000
74096  26.088  -13.251  34.486 0.0000000000
74080  25.647  -13.468  35.408 0.0000000000
74060  26.035  -13.559  36.477 0.0000000000
74099  23.419  -13.740  34.623 0.0000000000
72729  24.146  -13.801  35.090 0.0000000000
72711  23.744  -13.780  35.648 0.0000000000
72667  24.812  -13.874  37.914 0.0000000000
73998  25.331  -13.601  39.235 0.0000000000
75402  26.060  -13.109  40.638 0.0000000000
75378  26.077  -13.020  41.235 0.0000000000
71303  26.249  -14.864  42.442 0.0000000000
72584  26.287  -14.130  42.670 0.0000000000
70056  26.574  -15.478  42.824 0.0000000000
67231  25.110  -17.933  43.620 0.0000000000
73900  16.650  -14.405  45.600 0.0000000000
72553  17.236  -14.498  45.817 0.0000000000
72545  17.086  -14.781  46.295 0.0000000000
65812  10.978  -19.140  45.255 0.0000000000
67252  11.096  -18.414  45.104 0.0000000000
65798  10.800  -19.202  46.009 0.0000000000
65768  10.587  -19.582  49.100 0.0000000000
67215  10.624  -18.482  47.975 0.0000000000
65772  10.873  -18.776  49.025 0.0000000000
68619  10.788  -17.629  47.989 0.0000000000
65767  10.920  -19.068  49.101 0.0000000000
104837  58.987  11.308  9.560 0.0000000000
105992  58.949  11.451  10.048 0.0000000000
104826  59.152  11.386  10.488 0.0000000000
103544  59.000  10.657  12.994 0.0000000000
101096  55.276  7.901  9.260 0.0000000000
101095  55.900  8.277  8.981 0.0000000000
101081  55.830  8.149  9.947 0.0000000000
102298  56.441  10.035  12.533 0.0000000000
103559  56.768  10.674  12.812 0.0000000000
104795  56.422  11.135  13.755 0.0000000000
104772  54.339  10.983  16.039 0.0000000000
104771  54.854  11.004  15.483 0.0000000000
104757  56.220  11.134  15.528 0.0000000000
104769  56.508  11.250  14.748 0.0000000000
103510  56.579  10.683  15.686 0.0000000000
99816  44.264  6.956  10.605 0.0000000000
101066  45.426  7.498  11.582 0.0000000000
99780  43.249  6.920  12.547 0.0000000000
101040  43.315  7.336  12.314 0.0000000000
102289  45.048  7.827  12.699 0.0000000000
102303  45.431  8.179  12.481 0.0000000000
102302  46.200  8.557  12.773 0.0000000000
101037  47.198  8.577  13.089 0.0000000000
102287  46.551  8.627  13.459 0.0000000000
101008  48.044  8.199  15.440 0.0000000000
102251  47.386  8.758  14.877 0.0000000000
100989  48.255  8.664  15.774 0.0000000000
100988  48.956  8.821  16.413 0.0000000000
99702  50.102  8.327  17.106 0.0000000000
93802  45.888  1.813  16.816 0.0000000000
93835  45.731  2.552  15.521 0.0000000000
93801  46.890  2.174  17.000 0.0000000000
93799  48.342  2.829  17.369 0.0000000000
94968  47.689  2.705  16.727 0.0000000000
94980  48.678  3.549  16.682 0.0000000000
94993  48.632  3.714  15.930 0.0000000000
96103  49.170  3.794  16.925 0.0000000000
96067  51.024  4.459  20.297 0.0000000000
96076  50.582  4.395  19.468 0.0000000000
96088  50.397  4.671  18.811 0.0000000000
97201  50.154  4.745  17.826 0.0000000000
97200  50.669  5.275  18.222 0.0000000000
97209  50.641  5.788  17.279 0.0000000000
98396  51.179  6.042  18.982 0.0000000000
83325  37.093  -5.664  19.391 0.0000000000
84781  37.751  -5.411  19.346 0.0000000000
84780  38.484  -5.132  19.545 0.0000000000
86097  36.561  -4.933  24.175 0.0000000000
84699  36.044  -5.266  22.609 0.0000000000
84674  37.421  -5.295  23.860 0.0000000000
84673  38.517  -5.245  23.713 0.0000000000
84672  39.495  -4.947  23.623 0.0000000000
84671  40.180  -4.577  23.479 0.0000000000
86069  40.690  -4.262  23.684 0.0000000000
84649  40.664  -4.224  24.998 0.0000000000
86013  42.192  -3.847  27.377 0.0000000000
86025  42.446  -3.639  26.347 0.0000000000
87456  43.289  -3.145  26.230 0.0000000000
87432  43.785  -2.927  27.095 0.0000000000
76904  36.854  -10.384  28.991 0.0000000000
76926  35.734  -10.543  27.535 0.0000000000
78146  36.860  -10.106  28.229 0.0000000000
79404  37.397  -8.858  27.029 0.0000000000
79418  36.921  -9.166  26.693 0.0000000000
79434  36.302  -8.725  25.501 0.0000000000
79435  35.759  -8.589  24.792 0.0000000000
80724  36.254  -7.629  25.243 0.0000000000
81936  37.153  -6.314  27.197 0.0000000000
81963  36.350  -6.887  25.803 0.0000000000
81949  36.650  -6.451  26.417 0.0000000000
83230  36.272  -5.840  26.375 0.0000000000
83219  36.408  -5.407  26.958 0.0000000000
79218  40.573  -8.661  37.204 0.0000000000
80549  40.175  -7.337  36.305 0.0000000000
79242  40.260  -8.367  36.351 0.0000000000
80562  40.175  -7.480  35.646 0.0000000000
80595  40.098  -7.950  34.009 0.0000000000
80574  39.999  -7.084  34.386 0.0000000000
83149  39.285  -4.964  32.734 0.0000000000
83132  39.493  -5.469  34.228 0.0000000000
83164  39.427  -5.708  32.643 0.0000000000
81868  39.540  -6.352  32.836 0.0000000000
81879  39.335  -5.898  31.733 0.0000000000
83193  38.469  -5.709  30.014 0.0000000000
83185  38.499  -5.494  30.515 0.0000000000
85972  37.294  -4.363  29.894 0.0000000000
84569  37.133  -4.599  29.169 0.0000000000
84570  36.697  -4.498  28.598 0.0000000000
84585  36.253  -4.501  27.690 0.0000000000
85989  36.378  -3.935  28.509 0.0000000000
86006  36.047  -3.812  27.731 0.0000000000
87406  36.306  -3.606  28.354 0.0000000000
87393  38.247  -3.203  30.294 0.0000000000
87404  37.482  -3.227  29.290 0.0000000000
87402  38.723  -3.450  29.781 0.0000000000
88643  40.079  -2.773  32.785 0.0000000000
88642  41.024  -2.374  32.892 0.0000000000
88672  41.603  -2.822  32.234 0.0000000000
87368  41.981  -3.353  31.363 0.0000000000
87390  41.173  -3.926  30.755 0.0000000000
87389  42.183  -3.785  30.298 0.0000000000
107281  51.358  13.433  -3.177 0.0000000000
106120  47.152  12.415  1.263 0.0000000000
108347  46.124  13.804  0.819 0.0000000000
106127  47.019  12.681  0.743 0.0000000000
103754  51.717  10.836  -1.735 0.0000000000
104993  51.402  11.569  -2.074 0.0000000000
103734  52.046  10.278  -1.286 0.0000000000
103733  53.023  10.082  -1.486 0.0000000000
102477  52.733  9.817  -0.861 0.0000000000
102433  54.612  9.428  1.866 0.0000000000
102424  54.962  10.008  2.584 0.0000000000
102423  55.936  10.095  2.770 0.0000000000
104933  52.352  11.456  2.529 0.0000000000
106105  52.928  12.376  2.873 0.0000000000
106103  54.979  12.749  3.159 0.0000000000
104931  54.543  11.798  3.077 0.0000000000
106102  55.493  12.527  3.216 0.0000000000
103664  55.645  11.691  3.309 0.0000000000
106092  56.909  12.849  3.817 0.0000000000
107173  58.556  13.296  6.148 0.0000000000
103763  57.522  9.835  -3.817 0.0000000000
102498  57.981  9.639  -3.390 0.0000000000
71284  27.554  -14.335  43.035 0.0000000000
67274  11.885  -17.802  42.217 0.0000000000
68678  11.869  -17.545  42.669 0.0000000000
67264  11.397  -17.909  43.719 0.0000000000
67251  11.245  -17.946  44.620 0.0000000000
87508  45.124  -2.935  24.426 0.0000000000
87507  46.125  -2.823  24.479 0.0000000000
87480  46.468  -2.685  25.401 0.0000000000
72843  28.633  -13.638  29.266 0.0000000000
72825  29.085  -13.787  29.956 0.0000000000
72765  30.319  -13.648  32.554 0.0000000000
74102  20.675  -13.918  33.494 0.0000000000
74165  20.838  -13.372  29.472 0.0000000000
74133  21.214  -13.626  31.602 0.0000000000
71305  18.678  -14.853  44.210 0.0000000000
70044  18.943  -16.301  44.114 0.0000000000
70045  18.622  -15.642  44.610 0.0000000000
71287  18.339  -15.072  45.082 0.0000000000
71275  18.074  -15.245  45.582 0.0000000000
103636  54.873  10.532  5.657 0.0000000000
103621  56.111  10.058  6.868 0.0000000000
102370  55.756  9.798  6.831 0.0000000000
102346  56.649  9.143  7.879 0.0000000000
102334  57.313  9.037  9.475 0.0000000000
103513  51.674  9.753  16.160 0.0000000000
103494  52.710  10.645  17.241 0.0000000000
103495  51.802  10.193  16.943 0.0000000000
104718  52.326  10.847  18.185 0.0000000000
96151  43.371  3.947  12.111 0.0000000000
96150  44.270  4.050  12.351 0.0000000000
95026  44.401  3.139  12.578 0.0000000000
95015  45.526  3.168  13.148 0.0000000000
93860  46.164  2.847  14.256 0.0000000000
86074  33.389  -4.030  23.348 0.0000000000
87514  32.937  -3.852  23.084 0.0000000000
87513  33.909  -3.867  23.635 0.0000000000
87487  34.386  -3.704  24.485 0.0000000000
86048  35.019  -3.769  25.593 0.0000000000
87437  35.572  -3.754  26.481 0.0000000000
75492  38.262  -11.635  34.554 0.0000000000
76816  38.872  -11.283  34.035 0.0000000000
75479  38.813  -11.537  35.360 0.0000000000
76782  39.360  -11.047  35.531 0.0000000000
76781  39.864  -10.342  35.735 0.0000000000
104901  50.750  11.398  3.854 0.0000000000
107200  49.482  12.757  3.718 0.0000000000
106076  51.192  12.214  3.842 0.0000000000
106075  52.302  12.232  4.019 0.0000000000
107198  51.609  12.784  3.746 0.0000000000
103766  54.622  10.434  -3.171 0.0000000000
103731  55.321  10.111  -1.358 0.0000000000
103719  55.035  9.738  -0.333 0.0000000000
74058  28.003  -13.057  36.518 0.0000000000
74037  27.737  -13.062  37.425 0.0000000000
74014  28.461  -12.935  38.349 0.0000000000
70074  15.467  -15.785  43.394 0.0000000000
71306  15.508  -15.034  44.462 0.0000000000
71321  15.020  -15.397  44.095 0.0000000000
71307  14.572  -14.958  44.943 0.0000000000
71289  13.859  -14.539  45.556 0.0000000000
71277  11.839  -15.228  46.820 0.0000000000
99869  52.237  7.225  7.752 0.0000000000
99858  52.315  6.892  9.044 0.0000000000
98526  50.058  6.009  11.200 0.0000000000
98508  50.211  6.218  12.026 0.0000000000
99792  49.937  6.697  13.150 0.0000000000
99775  50.376  7.231  13.714 0.0000000000
99776  49.332  7.342  13.602 0.0000000000
101035  48.688  8.079  13.854 0.0000000000
91451  44.523  -0.210  17.681 0.0000000000
91450  45.194  -0.099  17.794 0.0000000000
90208  45.452  -0.748  18.768 0.0000000000
88861  46.345  -1.190  19.720 0.0000000000
90188  46.620  -1.056  19.791 0.0000000000
87541  49.672  -2.393  22.992 0.0000000000
99893  51.086  7.928  5.404 0.0000000000
92683  39.604  1.000  12.864 0.0000000000
92670  40.439  0.466  13.477 0.0000000000
91520  41.317  0.384  14.680 0.0000000000
91521  40.621  0.076  14.310 0.0000000000
90282  41.339  -0.913  15.168 0.0000000000
88908  41.540  -1.395  15.659 0.0000000000
87609  40.459  -3.345  17.306 0.0000000000
86202  41.283  -3.430  18.997 0.0000000000
86164  42.603  -3.408  20.549 0.0000000000
86142  41.939  -3.780  21.406 0.0000000000
86119  41.996  -3.627  22.404 0.0000000000
86094  42.055  -3.473  23.440 0.0000000000
74234  31.491  -12.776  27.041 0.0000000000
74141  31.944  -13.105  31.017 0.0000000000
74140  32.754  -12.628  31.212 0.0000000000
75508  33.393  -12.275  31.780 0.0000000000
75507  34.096  -11.958  32.133 0.0000000000
75506  34.885  -11.621  32.426 0.0000000000
75493  34.722  -11.644  33.575 0.0000000000
76802  35.112  -11.682  34.228 0.0000000000
76786  35.346  -11.495  35.366 0.0000000000
74034  30.254  -12.873  37.300 0.0000000000
74055  30.589  -13.067  36.493 0.0000000000
74033  31.217  -12.644  37.316 0.0000000000
75457  31.941  -12.426  37.614 0.0000000000
75456  32.936  -12.196  37.601 0.0000000000
77977  35.649  -10.899  39.212 0.0000000000
77988  36.015  -10.969  38.582 0.0000000000
71304  25.448  -15.159  41.974 0.0000000000
70070  24.222  -16.290  41.571 0.0000000000
75407  20.935  -13.045  40.137 0.0000000000
72617  21.600  -14.425  40.642 0.0000000000
75383  20.535  -13.083  40.558 0.0000000000
73971  20.644  -14.332  40.738 0.0000000000
73972  20.097  -14.346  41.010 0.0000000000
71358  19.893  -15.322  41.336 0.0000000000
73961  19.551  -13.751  41.558 0.0000000000
75410  18.476  -13.384  40.670 0.0000000000
70216  17.050  -16.378  32.879 0.0000000000
70195  16.307  -17.029  34.084 0.0000000000
68788  16.600  -17.114  35.320 0.0000000000
71413  17.826  -16.201  38.035 0.0000000000
70144  17.218  -16.578  39.496 0.0000000000
70119  17.060  -16.278  40.886 0.0000000000
68706  16.590  -16.797  39.988 0.0000000000
67297  12.347  -17.994  38.694 0.0000000000
75613  25.677  -12.079  26.483 0.0000000000
76910  23.314  -11.299  27.801 0.0000000000
76909  23.916  -11.333  27.983 0.0000000000
76908  24.426  -11.533  28.042 0.0000000000
76889  24.118  -11.674  28.714 0.0000000000
76873  24.419  -11.778  29.414 0.0000000000
75525  25.241  -12.388  31.057 0.0000000000
75511  25.436  -12.657  32.061 0.0000000000
75499  24.827  -12.884  32.752 0.0000000000
74114  24.959  -13.226  33.668 0.0000000000
72681  23.137  -13.805  36.765 0.0000000000
72680  23.590  -13.745  37.012 0.0000000000
73999  24.384  -13.619  39.247 0.0000000000
75403  25.133  -13.402  40.520 0.0000000000
75356  25.189  -13.194  41.561 0.0000000000
72585  25.670  -14.350  42.201 0.0000000000
65781  10.374  -19.551  47.860 0.0000000000
65788  10.537  -19.343  47.416 0.0000000000
65774  10.159  -19.712  48.153 0.0000000000
64327  10.050  -20.101  48.685 0.0000000000
104779  58.847  11.195  12.845 0.0000000000
103527  58.236  10.634  14.104 0.0000000000
102260  57.617  9.921  14.633 0.0000000000
101062  54.783  7.841  11.172 0.0000000000
101061  55.645  8.250  10.914 0.0000000000
102315  55.338  8.528  11.804 0.0000000000
103561  55.215  10.128  13.629 0.0000000000
105947  54.751  11.548  17.110 0.0000000000
105954  55.096  11.507  16.693 0.0000000000
98470  45.522  6.062  13.546 0.0000000000
99778  45.204  6.967  13.543 0.0000000000
98451  45.750  6.747  13.721 0.0000000000
99756  45.986  7.306  13.991 0.0000000000
101021  45.705  7.830  13.721 0.0000000000
102269  46.276  8.356  13.794 0.0000000000
99754  47.438  7.322  14.753 0.0000000000
99736  47.875  7.656  15.086 0.0000000000
99734  49.182  7.575  15.983 0.0000000000
92607  47.789  1.575  18.348 0.0000000000
93786  47.440  1.937  17.637 0.0000000000
92606  48.748  1.855  18.665 0.0000000000
93784  49.272  2.509  18.486 0.0000000000
98387  51.105  5.734  19.484 0.0000000000
83326  36.357  -6.005  19.525 0.0000000000
84752  36.979  -5.538  20.733 0.0000000000
86045  37.751  -4.805  25.834 0.0000000000
84652  38.001  -5.312  24.747 0.0000000000
84632  38.620  -5.273  25.724 0.0000000000
84631  39.712  -5.043  25.605 0.0000000000
84630  40.460  -4.554  25.543 0.0000000000
86043  41.030  -4.120  25.494 0.0000000000
84614  41.006  -4.563  27.089 0.0000000000
86014  41.427  -4.350  27.588 0.0000000000
87415  42.814  -3.497  28.217 0.0000000000
78129  38.723  -9.409  29.386 0.0000000000
78145  37.489  -9.827  28.428 0.0000000000
78144  38.186  -9.359  28.559 0.0000000000
79389  38.101  -8.535  28.072 0.0000000000
80714  36.858  -7.702  26.117 0.0000000000
80701  37.580  -7.625  27.169 0.0000000000
80685  37.762  -7.071  27.806 0.0000000000
81922  37.770  -6.399  28.304 0.0000000000
80533  40.589  -7.665  37.304 0.0000000000
81815  40.380  -7.170  37.043 0.0000000000
81816  40.192  -6.752  36.643 0.0000000000
84536  38.544  -4.653  31.783 0.0000000000
84546  38.166  -4.787  30.892 0.0000000000
85953  38.067  -4.135  31.250 0.0000000000
85954  37.656  -4.257  30.593 0.0000000000
87395  37.442  -3.816  30.159 0.0000000000
87405  36.859  -3.548  29.008 0.0000000000
87372  38.365  -3.190  31.113 0.0000000000
87371  38.929  -3.097  31.198 0.0000000000
104947  48.583  11.492  1.198 0.0000000000
104958  47.962  11.761  0.851 0.0000000000
104957  48.339  11.548  0.498 0.0000000000
103722  50.875  10.413  -0.579 0.0000000000
102463  51.352  10.080  -0.207 0.0000000000
102448  52.398  9.531  0.503 0.0000000000
102435  52.680  9.603  1.259 0.0000000000
103690  52.829  9.813  1.776 0.0000000000
107218  53.066  13.174  3.623 0.0000000000
107232  53.486  13.048  3.236 0.0000000000
107231  54.439  13.177  3.313 0.0000000000
107230  54.940  13.183  3.386 0.0000000000
107215  56.357  13.366  4.088 0.0000000000
103747  58.401  9.661  -2.515 0.0000000000
104927  59.442  11.745  2.474 0.0000000000
75401  26.921  -12.883  40.651 0.0000000000
75400  27.776  -12.608  40.418 0.0000000000
75376  27.765  -12.537  41.344 0.0000000000
76670  28.246  -12.142  42.590 0.0000000000
73911  27.968  -13.208  43.187 0.0000000000
70093  12.965  -16.388  42.949 0.0000000000
70094  12.362  -16.543  43.338 0.0000000000
70078  12.142  -16.451  44.011 0.0000000000
68653  11.768  -16.657  44.119 0.0000000000
70046  11.701  -16.150  45.460 0.0000000000
70039  11.526  -15.960  46.273 0.0000000000
70035  10.956  -16.295  47.150 0.0000000000
70031  11.303  -16.141  47.743 0.0000000000
88831  45.427  -2.666  20.892 0.0000000000
88830  45.991  -2.488  20.894 0.0000000000
87560  46.310  -2.863  21.703 0.0000000000
87524  47.856  -2.815  23.672 0.0000000000
62956  8.161  -21.836  44.200 0.0000000000
62923  7.008  -22.245  46.001 0.0000000000
62912  6.950  -22.546  46.510 0.0000000000
61605  6.679  -22.740  46.629 0.0000000000
86232  39.397  -3.714  16.724 0.0000000000
86204  39.805  -4.236  18.603 0.0000000000
74160  30.911  -13.451  29.934 0.0000000000
74142  31.133  -13.297  30.880 0.0000000000
74126  31.982  -12.930  31.999 0.0000000000
74107  32.644  -12.591  33.473 0.0000000000
75425  23.059  -13.237  39.648 0.0000000000
73957  23.972  -13.755  41.323 0.0000000000
75405  23.003  -13.101  40.163 0.0000000000
75426  22.189  -13.011  39.640 0.0000000000
75406  21.938  -13.011  40.122 0.0000000000
74044  20.711  -13.542  37.307 0.0000000000
75445  20.674  -13.085  38.954 0.0000000000
74045  20.038  -13.569  37.386 0.0000000000
74023  19.765  -13.469  38.249 0.0000000000
72696  19.345  -14.250  36.558 0.0000000000
68804  14.948  -17.289  33.539 0.0000000000
68771  15.169  -17.792  35.566 0.0000000000
67344  14.847  -17.887  36.207 0.0000000000
67366  14.596  -18.025  35.751 0.0000000000
67345  14.279  -17.976  36.248 0.0000000000
75559  22.348  -12.266  29.005 0.0000000000
75543  22.740  -12.269  29.813 0.0000000000
75528  23.078  -12.674  30.762 0.0000000000
75514  23.374  -13.051  31.532 0.0000000000
75515  22.779  -13.208  31.378 0.0000000000
74116  23.070  -13.514  33.308 0.0000000000
74100  22.343  -13.676  34.257 0.0000000000
74062  22.821  -13.849  36.319 0.0000000000
74042  22.863  -13.697  37.346 0.0000000000
74000  23.482  -13.432  39.336 0.0000000000
104877  57.170  11.954  6.541 0.0000000000
104867  58.213  11.792  7.583 0.0000000000
104868  57.515  11.457  7.189 0.0000000000
104855  57.973  10.978  7.946 0.0000000000
103591  58.798  10.829  10.065 0.0000000000
102359  57.555  9.920  8.293 0.0000000000
103582  58.637  10.950  10.954 0.0000000000
103573  58.504  10.993  11.367 0.0000000000
104811  57.990  11.183  12.289 0.0000000000
103548  53.378  9.869  14.747 0.0000000000
103530  53.796  10.614  15.624 0.0000000000
104760  53.936  11.018  16.560 0.0000000000
103493  53.099  10.792  17.063 0.0000000000
104747  53.326  10.965  17.273 0.0000000000
104746  54.137  11.376  17.280 0.0000000000
99797  42.323  6.934  11.965 0.0000000000
98473  43.078  6.247  12.287 0.0000000000
98472  43.710  6.167  12.648 0.0000000000
96141  44.689  4.679  12.543 0.0000000000
97255  45.057  5.261  12.862 0.0000000000
97239  46.991  5.225  13.703 0.0000000000
96131  48.426  4.404  14.588 0.0000000000
91377  51.121  0.339  22.059 0.0000000000
84726  33.827  -4.758  21.288 0.0000000000
84725  34.456  -5.153  21.568 0.0000000000
86145  34.621  -4.775  22.148 0.0000000000
86072  36.243  -4.385  24.786 0.0000000000
87512  34.624  -3.750  24.272 0.0000000000
86047  36.080  -4.006  25.311 0.0000000000
86046  36.665  -4.228  25.797 0.0000000000
86029  37.312  -4.109  26.779 0.0000000000
86016  38.300  -4.418  27.603 0.0000000000
86003  39.025  -4.437  28.477 0.0000000000
76887  35.301  -11.221  29.467 0.0000000000
76886  36.086  -10.840  29.662 0.0000000000
76885  36.922  -10.742  29.853 0.0000000000
78111  38.192  -10.299  30.419 0.0000000000
76852  38.530  -10.900  32.234 0.0000000000
78077  38.946  -10.597  32.287 0.0000000000
78093  39.014  -10.161  31.501 0.0000000000
78110  39.101  -9.381  30.314 0.0000000000
79348  39.675  -8.717  31.110 0.0000000000
79329  39.816  -8.086  31.784 0.0000000000
107238  46.949  12.679  2.174 0.0000000000
106110  47.741  12.270  2.142 0.0000000000
106109  48.556  12.194  2.310 0.0000000000
106118  48.878  11.769  1.853 0.0000000000
104935  50.133  11.647  2.143 0.0000000000
104934  51.168  11.391  2.181 0.0000000000
107219  52.022  12.942  3.505 0.0000000000
106073  54.531  12.876  4.608 0.0000000000
103778  56.800  10.117  -4.557 0.0000000000
103764  56.686  10.093  -3.569 0.0000000000
103688  58.373  10.425  1.513 0.0000000000
103675  57.295  10.481  2.918 0.0000000000
74129  27.483  -13.404  32.573 0.0000000000
74128  28.436  -13.691  32.907 0.0000000000
74110  28.520  -13.307  34.004 0.0000000000
74093  28.901  -13.144  34.853 0.0000000000
74076  29.212  -13.198  35.742 0.0000000000
74057  28.868  -13.120  36.534 0.0000000000
74056  29.707  -13.098  36.523 0.0000000000
75440  30.473  -12.306  38.679 0.0000000000
75399  28.782  -12.327  40.418 0.0000000000
75374  29.482  -12.031  41.133 0.0000000000
76702  30.103  -11.714  41.643 0.0000000000
75398  29.717  -12.186  40.348 0.0000000000
73947  17.042  -13.903  43.799 0.0000000000
75342  17.280  -13.510  43.862 0.0000000000
73932  16.770  -13.957  44.460 0.0000000000
73917  16.641  -14.202  45.109 0.0000000000
73901  15.965  -14.638  45.951 0.0000000000
72587  15.493  -14.698  45.073 0.0000000000
72547  15.748  -14.339  46.731 0.0000000000
72540  15.282  -14.156  47.434 0.0000000000
70076  13.506  -16.016  43.689 0.0000000000
71308  13.453  -15.033  44.996 0.0000000000
72573  13.526  -14.324  46.369 0.0000000000
71276  12.473  -14.552  47.038 0.0000000000
72557  13.098  -14.106  47.069 0.0000000000
101135  54.244  8.770  6.672 0.0000000000
101122  54.128  8.034  7.358 0.0000000000
101108  54.342  7.797  8.012 0.0000000000
99844  54.511  7.638  9.082 0.0000000000
101063  54.169  7.677  11.742 0.0000000000
101047  53.817  7.815  12.540 0.0000000000
99847  52.096  6.734  10.219 0.0000000000
99832  51.835  6.612  11.249 0.0000000000
99789  52.962  7.354  12.790 0.0000000000
101031  53.166  8.134  13.499 0.0000000000
102263  51.300  9.320  14.874 0.0000000000
101033  50.795  7.990  14.153 0.0000000000
103533  50.477  9.531  15.277 0.0000000000
103514  50.647  9.646  15.892 0.0000000000
103497  49.966  9.694  16.193 0.0000000000
102226  50.284  9.451  16.921 0.0000000000
93838  43.458  1.642  14.734 0.0000000000
93837  44.186  1.687  15.043 0.0000000000
93820  44.526  1.615  15.695 0.0000000000
93803  45.309  1.485  16.778 0.0000000000
92621  46.299  1.525  17.192 0.0000000000
91467  45.557  0.405  17.596 0.0000000000
92609  45.921  0.721  17.740 0.0000000000
92608  46.708  1.129  17.824 0.0000000000
92592  47.329  0.790  18.699 0.0000000000
91432  48.314  0.406  19.752 0.0000000000
91415  49.573  0.503  20.818 0.0000000000
88829  47.012  -2.269  20.983 0.0000000000
88844  47.530  -1.530  20.533 0.0000000000
88843  47.985  -1.479  20.710 0.0000000000
90166  48.943  -0.866  20.937 0.0000000000
91398  49.440  -0.160  20.958 0.0000000000
91397  50.051  0.230  21.252 0.0000000000
84676  33.396  -4.925  23.357 0.0000000000
83242  34.762  -5.044  24.944 0.0000000000
107224  46.654  12.979  3.145 0.0000000000
106078  49.083  12.215  3.941 0.0000000000
104918  49.421  10.980  3.795 0.0000000000
103652  50.304  10.533  3.685 0.0000000000
103651  51.367  10.425  3.956 0.0000000000
102397  52.651  9.583  4.791 0.0000000000
105019  52.726  11.757  -4.323 0.0000000000
106167  52.238  11.989  -3.954 0.0000000000
64405  11.055  -19.530  42.906 0.0000000000
64390  10.987  -19.654  43.277 0.0000000000
64365  10.749  -20.041  45.395 0.0000000000
62954  10.366  -20.657  44.830 0.0000000000
64351  10.627  -20.201  46.046 0.0000000000
64341  10.500  -20.355  46.499 0.0000000000
64334  10.155  -20.511  47.848 0.0000000000
62908  9.799  -21.208  48.223 0.0000000000
60370  8.718  -22.787  47.742 0.0000000000
60365  8.971  -22.742  47.932 0.0000000000
96152  42.549  4.067  11.873 0.0000000000
95028  42.744  3.164  12.002 0.0000000000
93879  42.895  2.455  12.500 0.0000000000
93864  43.039  1.956  13.183 0.0000000000
93881  41.130  2.381  12.093 0.0000000000
93865  42.078  1.879  13.064 0.0000000000
93852  43.109  1.720  14.063 0.0000000000
92652  43.491  1.372  15.175 0.0000000000
92639  42.963  0.693  15.648 0.0000000000
91490  43.642  0.129  16.375 0.0000000000
91508  41.885  0.049  15.175 0.0000000000
91491  43.093  0.091  15.930 0.0000000000
90243  43.462  -0.546  16.784 0.0000000000
90226  43.792  -1.080  17.804 0.0000000000
90210  43.814  -1.495  18.540 0.0000000000
90284  39.854  -1.380  14.468 0.0000000000
88909  40.857  -1.817  15.571 0.0000000000
87620  40.958  -2.694  16.811 0.0000000000
87619  41.542  -2.566  17.298 0.0000000000
88885  42.116  -2.253  17.561 0.0000000000
88875  42.828  -2.057  18.279 0.0000000000
88864  43.642  -2.050  19.180 0.0000000000
88847  44.278  -2.352  19.944 0.0000000000
87575  44.452  -2.855  20.650 0.0000000000
87562  44.516  -3.084  21.469 0.0000000000
87546  44.555  -3.210  22.453 0.0000000000
86140  43.413  -3.416  22.075 0.0000000000
87527  44.625  -3.142  23.531 0.0000000000
87454  44.994  -2.741  26.168 0.0000000000
75610  33.063  -11.445  25.746 0.0000000000
76907  34.298  -11.214  27.980 0.0000000000
74235  30.431  -13.146  27.197 0.0000000000
74179  32.271  -12.879  29.116 0.0000000000
75575  32.770  -12.463  28.144 0.0000000000
75573  34.237  -11.529  28.667 0.0000000000
76871  35.405  -11.256  30.486 0.0000000000
76855  36.196  -11.033  31.529 0.0000000000
76837  36.939  -11.185  32.656 0.0000000000
76818  36.919  -11.451  33.661 0.0000000000
76799  37.627  -11.635  34.964 0.0000000000
75454  38.600  -11.748  36.903 0.0000000000
72748  29.185  -13.519  33.650 0.0000000000
72747  30.019  -13.596  33.499 0.0000000000
74074  30.883  -13.357  35.653 0.0000000000
72706  30.980  -13.409  34.889 0.0000000000
72723  31.313  -13.293  34.230 0.0000000000
74091  31.979  -12.972  34.037 0.0000000000
74090  32.686  -12.674  34.530 0.0000000000
75473  33.353  -12.198  35.020 0.0000000000
76749  33.252  -11.789  38.735 0.0000000000
76760  33.535  -11.805  38.147 0.0000000000
75455  33.583  -11.895  37.357 0.0000000000
75472  33.996  -11.916  35.643 0.0000000000
76787  34.691  -11.739  35.105 0.0000000000
76770  36.406  -11.388  36.515 0.0000000000
77997  36.266  -11.236  38.051 0.0000000000
77996  36.608  -11.292  38.072 0.0000000000
76756  36.790  -11.424  37.519 0.0000000000
76744  38.399  -11.551  37.930 0.0000000000
67244  26.061  -17.309  43.321 0.0000000000
67245  25.545  -17.397  43.248 0.0000000000
67246  24.804  -17.631  43.136 0.0000000000
67247  23.565  -18.004  42.994 0.0000000000
67261  22.282  -17.988  42.654 0.0000000000
72599  24.045  -14.597  41.203 0.0000000000
71334  24.090  -15.722  41.251 0.0000000000
70071  23.795  -16.635  41.669 0.0000000000
72635  22.043  -14.941  40.696 0.0000000000
70086  22.651  -16.541  41.416 0.0000000000
68672  22.884  -16.869  41.757 0.0000000000
67271  22.578  -17.396  42.063 0.0000000000
67272  21.726  -17.488  42.105 0.0000000000
67262  21.169  -17.887  42.580 0.0000000000
67263  20.407  -17.519  42.586 0.0000000000
68664  19.778  -16.969  42.846 0.0000000000
70059  19.322  -16.297  43.266 0.0000000000
72619  19.454  -14.482  41.864 0.0000000000
71319  19.071  -14.804  43.000 0.0000000000
75321  18.385  -13.034  43.253 0.0000000000
72769  19.083  -14.815  32.681 0.0000000000
71475  18.546  -15.134  32.421 0.0000000000
71446  18.979  -14.710  34.866 0.0000000000
72714  19.045  -14.724  35.908 0.0000000000
72682  19.214  -14.308  37.571 0.0000000000
70203  17.232  -16.315  33.842 0.0000000000
71448  17.819  -15.885  34.646 0.0000000000
72697  18.905  -14.793  36.669 0.0000000000
72669  19.035  -14.275  38.342 0.0000000000
74025  18.836  -13.924  38.983 0.0000000000
74003  18.438  -13.861  39.844 0.0000000000
71399  18.199  -15.404  38.807 0.0000000000
73986  18.092  -13.811  40.987 0.0000000000
73973  17.864  -13.632  41.764 0.0000000000
75364  17.520  -13.479  43.033 0.0000000000
73962  17.201  -13.947  43.189 0.0000000000
71340  16.415  -15.676  43.178 0.0000000000
70104  16.862  -16.109  41.427 0.0000000000
70090  15.795  -16.024  42.582 0.0000000000
68723  14.522  -17.666  38.528 0.0000000000
68724  13.513  -17.600  38.124 0.0000000000
68700  14.075  -17.040  40.354 0.0000000000
68691  13.354  -16.856  41.473 0.0000000000
62998  9.634  -21.234  42.136 0.0000000000
62983  8.802  -21.517  42.756 0.0000000000
74237  28.366  -13.100  27.504 0.0000000000
74267  27.037  -12.553  26.657 0.0000000000
74238  27.423  -12.987  27.550 0.0000000000
72844  28.140  -13.633  29.447 0.0000000000
74182  27.737  -13.468  29.836 0.0000000000
74162  27.179  -13.222  30.521 0.0000000000
75597  25.294  -11.892  27.321 0.0000000000
75577  24.965  -11.741  28.097 0.0000000000
75576  25.543  -12.074  28.214 0.0000000000
74184  26.325  -12.787  29.347 0.0000000000
74144  27.177  -13.352  31.548 0.0000000000
75496  27.059  -13.058  33.092 0.0000000000
74095  27.002  -13.019  34.501 0.0000000000
75485  26.051  -13.080  33.696 0.0000000000
75484  26.496  -13.045  33.902 0.0000000000
74038  26.836  -13.364  37.444 0.0000000000
74115  24.123  -13.525  33.289 0.0000000000
74098  24.464  -13.745  34.354 0.0000000000
72728  24.740  -13.664  35.096 0.0000000000
72679  24.387  -13.902  37.368 0.0000000000
72692  25.026  -13.830  36.509 0.0000000000
72691  25.560  -13.727  36.996 0.0000000000
74039  25.947  -13.571  37.526 0.0000000000
73997  26.276  -13.291  39.229 0.0000000000
73981  26.872  -12.990  39.951 0.0000000000
75354  27.030  -12.689  41.982 0.0000000000
73927  26.842  -13.250  43.006 0.0000000000
75336  26.224  -13.012  42.325 0.0000000000
73928  26.528  -13.569  42.930 0.0000000000
72568  26.779  -14.024  42.998 0.0000000000
70043  26.918  -14.916  42.851 0.0000000000
73898  17.681  -14.004  45.210 0.0000000000
72544  17.687  -14.941  45.958 0.0000000000
68640  10.936  -17.677  45.726 0.0000000000
67223  10.641  -18.455  47.310 0.0000000000
68633  10.677  -17.576  46.958 0.0000000000
68637  10.969  -17.486  46.302 0.0000000000
70036  10.905  -16.927  47.152 0.0000000000
68618  11.006  -17.144  48.221 0.0000000000
106012  59.161  11.759  9.318 0.0000000000
105991  59.379  11.925  9.959 0.0000000000
101094  56.604  8.741  8.806 0.0000000000
102325  57.189  9.129  10.702 0.0000000000
102313  57.256  10.065  11.733 0.0000000000
103575  57.359  10.877  12.360 0.0000000000
104794  57.002  11.233  13.191 0.0000000000
103547  54.826  10.548  14.399 0.0000000000
103546  55.563  10.774  14.066 0.0000000000
104783  55.911  11.053  14.314 0.0000000000
104768  57.263  11.241  14.362 0.0000000000
98530  46.131  5.707  10.504 0.0000000000
98513  45.760  6.312  10.856 0.0000000000
98512  46.530  6.305  11.188 0.0000000000
99813  46.970  7.106  11.893 0.0000000000
101052  44.099  7.736  11.733 0.0000000000
102304  44.826  7.700  12.241 0.0000000000
101051  45.034  7.798  11.886 0.0000000000
101065  46.386  7.724  11.884 0.0000000000
99795  47.170  7.666  12.255 0.0000000000
101048  47.507  7.995  12.736 0.0000000000
101036  47.754  8.243  13.191 0.0000000000
102285  48.151  8.734  14.046 0.0000000000
102268  47.085  8.690  14.304 0.0000000000
102267  47.873  9.041  14.451 0.0000000000
103517  48.421  9.496  15.157 0.0000000000
102237  49.538  9.407  16.458 0.0000000000
100973  50.394  8.893  17.411 0.0000000000
93836  45.036  2.137  15.267 0.0000000000
95006  46.121  2.780  15.089 0.0000000000
95005  46.607  2.976  14.625 0.0000000000
94982  47.274  2.909  16.248 0.0000000000
95004  47.750  3.494  14.683 0.0000000000
95003  48.444  3.859  15.200 0.0000000000
96124  49.111  4.654  15.447 0.0000000000
93753  49.824  1.931  19.772 0.0000000000
93767  49.875  2.503  19.226 0.0000000000
94952  49.710  3.386  18.581 0.0000000000
94939  50.659  3.524  19.927 0.0000000000
94940  50.179  3.488  19.301 0.0000000000
94965  49.475  3.702  17.909 0.0000000000
96102  49.799  4.293  17.249 0.0000000000
96113  49.914  5.087  16.295 0.0000000000
96123  49.538  5.356  15.696 0.0000000000
97219  49.674  6.015  15.910 0.0000000000
97218  50.257  6.179  16.543 0.0000000000
98420  50.113  7.153  16.667 0.0000000000
98404  51.171  6.771  18.089 0.0000000000
99712  50.281  7.698  16.960 0.0000000000
99701  50.715  7.934  17.572 0.0000000000
100963  51.039  8.822  18.012 0.0000000000
102207  52.027  9.575  19.237 0.0000000000
84805  38.483  -5.003  18.431 0.0000000000
84804  39.085  -4.754  18.856 0.0000000000
84749  39.602  -4.588  20.637 0.0000000000
84724  35.484  -5.366  21.640 0.0000000000
84723  36.706  -5.546  21.335 0.0000000000
84722  37.822  -5.447  21.567 0.0000000000
84697  38.107  -5.273  22.699 0.0000000000
84721  38.834  -5.073  21.672 0.0000000000
84720  39.726  -4.698  21.794 0.0000000000
86144  40.389  -4.300  21.027 0.0000000000
86121  40.494  -4.312  21.972 0.0000000000
86095  41.301  -3.926  23.162 0.0000000000
86067  42.339  -3.422  24.448 0.0000000000
86042  41.850  -3.732  25.428 0.0000000000
87483  43.687  -3.002  25.205 0.0000000000
87455  44.145  -2.927  26.167 0.0000000000
76947  35.490  -10.454  26.741 0.0000000000
78178  36.974  -9.571  27.078 0.0000000000
78179  36.380  -9.945  26.650 0.0000000000
81985  34.900  -6.849  23.709 0.0000000000
81976  35.346  -6.510  24.306 0.0000000000
83241  35.207  -5.475  25.040 0.0000000000
84634  34.882  -4.895  25.291 0.0000000000
78013  40.139  -9.440  35.999 0.0000000000
79284  40.043  -8.723  34.581 0.0000000000
80613  39.960  -8.090  33.163 0.0000000000
80614  39.703  -7.485  32.419 0.0000000000
81825  40.043  -6.543  35.839 0.0000000000
83121  39.665  -5.536  35.322 0.0000000000
81826  39.825  -6.084  35.520 0.0000000000
81835  39.807  -6.359  34.995 0.0000000000
81878  39.575  -6.520  32.008 0.0000000000
80633  39.587  -7.212  31.307 0.0000000000
81899  38.860  -6.198  30.094 0.0000000000
81911  38.092  -6.063  29.147 0.0000000000
83209  37.405  -5.738  28.256 0.0000000000
83186  38.066  -5.089  30.383 0.0000000000
83201  37.468  -5.369  28.886 0.0000000000
83210  36.959  -5.302  28.019 0.0000000000
84602  36.158  -4.783  27.082 0.0000000000
84618  35.324  -4.803  26.009 0.0000000000
86019  35.710  -3.914  26.861 0.0000000000
86018  36.012  -3.648  27.479 0.0000000000
87436  36.026  -3.564  27.171 0.0000000000
87418  36.706  -3.285  28.265 0.0000000000
87417  37.432  -3.275  28.429 0.0000000000
87416  37.931  -3.372  28.873 0.0000000000
85986  38.774  -3.766  29.321 0.0000000000
85985  39.768  -4.440  29.200 0.0000000000
88674  39.527  -2.962  32.016 0.0000000000
87370  39.781  -3.309  31.416 0.0000000000
87391  40.126  -3.735  30.746 0.0000000000
85969  40.441  -4.290  30.068 0.0000000000
85984  40.778  -4.748  29.243 0.0000000000
85983  41.742  -4.316  29.309 0.0000000000
87401  42.523  -3.597  29.226 0.0000000000
87400  43.230  -2.896  28.995 0.0000000000
88725  43.832  -2.575  29.652 0.0000000000
87414  43.533  -2.965  28.049 0.0000000000
106168  51.743  12.481  -3.649 0.0000000000
104992  52.072  11.239  -2.500 0.0000000000
103732  54.144  9.962  -1.252 0.0000000000
103720  54.332  9.743  -0.620 0.0000000000
102447  53.311  9.383  0.692 0.0000000000
102459  54.807  9.434  0.378 0.0000000000
102445  55.283  9.392  1.090 0.0000000000
102431  56.468  9.753  2.265 0.0000000000
102422  56.723  10.151  2.787 0.0000000000
103662  56.963  11.332  3.434 0.0000000000
103678  54.234  10.749  2.720 0.0000000000
103677  55.377  11.022  3.153 0.0000000000
104915  57.438  12.112  3.628 0.0000000000
106091  57.888  12.849  3.791 0.0000000000
107192  57.996  13.496  4.859 0.0000000000
61599  10.316  -21.254  48.825 0.0000000000
64324  10.478  -19.891  49.052 0.0000000000
65780  10.415  -19.163  48.124 0.0000000000
65826  11.158  -19.040  44.337 0.0000000000
65833  21.365  -18.239  42.887 0.0000000000
67207  10.705  -18.205  48.405 0.0000000000
67216  10.433  -18.996  47.830 0.0000000000
67224  10.592  -18.914  47.819 0.0000000000
67229  10.693  -18.347  46.544 0.0000000000
67237  11.011  -17.863  45.346 0.0000000000
67249  20.579  -17.972  42.883 0.0000000000
67270  23.037  -17.165  42.103 0.0000000000
68627  10.965  -16.986  47.796 0.0000000000
68663  23.453  -16.974  41.950 0.0000000000
68684  21.477  -16.569  41.289 0.0000000000
68685  20.803  -16.516  41.429 0.0000000000
68687  16.756  -16.365  41.027 0.0000000000
68688  16.359  -16.540  41.139 0.0000000000
68697  16.686  -16.536  40.654 0.0000000000
70038  18.324  -15.833  45.530 0.0000000000
70040  11.203  -16.649  46.668 0.0000000000
70041  10.850  -17.120  46.812 0.0000000000
70062  11.900  -16.452  44.669 0.0000000000
70073  19.412  -15.645  42.786 0.0000000000
70084  23.849  -15.912  41.216 0.0000000000
70085  23.289  -16.217  41.351 0.0000000000
70088  19.648  -15.792  42.209 0.0000000000
70089  16.679  -15.876  42.310 0.0000000000
70100  22.836  -15.865  40.998 0.0000000000
70101  22.213  -16.181  41.033 0.0000000000
70131  17.219  -16.397  40.336 0.0000000000
71269  17.988  -15.364  46.016 0.0000000000
71271  17.111  -15.086  46.691 0.0000000000
71278  11.293  -15.810  46.915 0.0000000000
71288  14.427  -14.568  45.426 0.0000000000
71291  12.102  -15.579  45.814 0.0000000000
71302  26.693  -14.817  42.797 0.0000000000
71318  23.988  -15.027  41.144 0.0000000000
71335  23.558  -15.380  41.028 0.0000000000
71336  22.974  -15.088  40.903 0.0000000000
71337  19.916  -15.542  41.449 0.0000000000
71338  19.607  -15.303  41.920 0.0000000000
71355  22.637  -15.440  40.822 0.0000000000
71357  20.331  -15.599  40.964 0.0000000000
71386  18.040  -15.456  39.565 0.0000000000
71433  18.900  -14.843  35.253 0.0000000000
71486  18.797  -14.960  31.603 0.0000000000
72537  17.079  -15.076  46.966 0.0000000000
72543  17.895  -15.105  45.761 0.0000000000
72552  17.624  -14.417  45.507 0.0000000000
72570  17.977  -14.029  44.962 0.0000000000
72574  12.975  -14.441  46.670 0.0000000000
72600  23.628  -14.341  41.149 0.0000000000
72616  22.984  -14.639  40.953 0.0000000000
72637  19.926  -14.956  41.196 0.0000000000
72668  24.473  -13.964  37.913 0.0000000000
72678  25.212  -13.823  37.452 0.0000000000
72693  24.073  -13.753  36.438 0.0000000000
72694  23.391  -13.801  36.315 0.0000000000
72695  19.658  -14.027  36.044 0.0000000000
72707  30.308  -13.518  35.030 0.0000000000
72709  25.070  -13.681  35.650 0.0000000000
72751  18.875  -14.843  33.321 0.0000000000
72784  30.623  -13.430  31.686 0.0000000000
72786  28.994  -13.783  31.793 0.0000000000
73895  17.009  -14.578  46.013 0.0000000000
73896  16.765  -14.572  46.009 0.0000000000
73897  16.173  -14.725  46.054 0.0000000000
73899  17.245  -14.206  45.503 0.0000000000
73913  26.967  -13.710  43.100 0.0000000000
73914  18.316  -13.652  44.195 0.0000000000
73915  17.821  -13.610  44.719 0.0000000000
73916  17.108  -13.826  45.076 0.0000000000
73918  15.897  -14.608  45.702 0.0000000000
73930  18.556  -13.379  43.404 0.0000000000
73931  18.217  -13.359  44.073 0.0000000000
73945  23.898  -14.209  41.257 0.0000000000
73958  23.458  -13.954  41.142 0.0000000000
73959  22.101  -13.990  40.743 0.0000000000
73960  20.737  -13.989  40.696 0.0000000000
73985  23.850  -13.269  39.743 0.0000000000
73995  28.082  -12.823  39.042 0.0000000000
74001  22.842  -13.277  39.206 0.0000000000
74040  24.234  -13.903  37.879 0.0000000000
74041  23.835  -13.786  37.770 0.0000000000
74046  19.585  -13.865  37.533 0.0000000000
74061  25.446  -13.662  36.006 0.0000000000
74097  25.236  -13.465  34.573 0.0000000000
74112  26.918  -13.006  33.663 0.0000000000
74181  30.681  -13.402  29.064 0.0000000000
75302  27.998  -12.862  43.190 0.0000000000
75305  17.361  -13.460  44.589 0.0000000000
75317  27.924  -12.596  43.097 0.0000000000
75318  27.192  -12.998  42.920 0.0000000000
75319  26.341  -13.190  42.754 0.0000000000
75320  26.001  -13.407  42.662 0.0000000000
75323  17.518  -13.288  44.074 0.0000000000
75324  17.086  -13.608  44.474 0.0000000000
75337  25.448  -13.377  42.125 0.0000000000
75340  18.239  -12.876  42.994 0.0000000000
75357  24.081  -13.463  41.287 0.0000000000
75359  21.262  -13.552  40.558 0.0000000000
75360  20.154  -13.378  40.984 0.0000000000
75385  18.531  -13.045  41.108 0.0000000000
75387  17.755  -13.373  42.236 0.0000000000
75409  18.881  -12.934  40.438 0.0000000000
75427  21.094  -12.973  39.649 0.0000000000
75429  19.241  -13.105  39.458 0.0000000000
75444  21.663  -13.061  39.035 0.0000000000
75446  19.891  -13.168  38.904 0.0000000000
75453  38.825  -11.636  36.918 0.0000000000
75463  38.883  -11.573  36.659 0.0000000000
75464  38.403  -11.757  36.510 0.0000000000
75471  38.313  -11.769  35.881 0.0000000000
75480  38.231  -11.760  35.201 0.0000000000
75491  38.696  -11.543  34.768 0.0000000000
75523  26.630  -12.864  31.718 0.0000000000
76689  18.535  -12.728  41.878 0.0000000000
76690  18.151  -12.868  41.841 0.0000000000
76705  19.454  -12.573  41.128 0.0000000000
76706  18.899  -12.687  41.219 0.0000000000
76720  20.262  -12.682  40.317 0.0000000000
76721  19.734  -12.412  40.382 0.0000000000
76736  20.457  -12.735  39.972 0.0000000000
76737  20.100  -12.531  40.081 0.0000000000
76746  36.856  -11.317  38.092 0.0000000000
76783  37.682  -11.650  35.768 0.0000000000
76815  39.550  -10.569  34.117 0.0000000000
76817  37.879  -11.556  33.922 0.0000000000
76835  38.775  -11.091  32.963 0.0000000000
76838  36.172  -11.253  32.416 0.0000000000
76872  24.780  -11.863  29.266 0.0000000000
76874  23.825  -11.720  29.460 0.0000000000
78028  39.985  -9.525  35.165 0.0000000000
78092  39.590  -9.732  31.991 0.0000000000
78094  38.202  -10.558  31.218 0.0000000000
78112  37.531  -10.611  30.042 0.0000000000
78160  37.308  -9.500  27.664 0.0000000000
79217  40.801  -8.324  37.644 0.0000000000
79377  38.500  -8.467  28.754 0.0000000000
79403  37.799  -8.639  27.520 0.0000000000
79419  36.693  -8.954  26.184 0.0000000000
80563  40.122  -7.079  35.080 0.0000000000
80573  40.154  -7.798  34.875 0.0000000000
80634  39.319  -6.816  30.472 0.0000000000
80668  38.770  -7.507  29.087 0.0000000000
81869  39.473  -5.915  32.299 0.0000000000
81888  39.173  -6.152  30.981 0.0000000000
81900  38.421  -5.953  29.685 0.0000000000
81910  38.665  -6.545  29.384 0.0000000000
81935  37.533  -6.680  27.651 0.0000000000
81950  36.238  -6.176  25.969 0.0000000000
81977  34.888  -6.187  23.946 0.0000000000
83148  39.382  -5.415  33.131 0.0000000000
83176  38.790  -5.359  31.385 0.0000000000
83220  36.065  -4.986  26.788 0.0000000000
83295  36.537  -5.564  20.915 0.0000000000
83312  37.267  -5.535  19.901 0.0000000000
83313  36.702  -5.614  20.420 0.0000000000
83314  35.740  -6.011  20.582 0.0000000000
83315  34.783  -6.078  20.359 0.0000000000
84516  39.336  -4.819  32.956 0.0000000000
84558  37.479  -4.866  29.627 0.0000000000
84568  39.824  -4.718  28.763 0.0000000000
84582  40.470  -4.962  28.349 0.0000000000
84583  39.665  -4.958  28.324 0.0000000000
84584  39.169  -4.829  28.084 0.0000000000
84601  38.574  -4.822  27.113 0.0000000000
84603  36.003  -4.626  27.053 0.0000000000
84633  38.018  -5.158  25.386 0.0000000000
84653  37.518  -5.230  24.505 0.0000000000
84675  36.500  -5.249  23.444 0.0000000000
84779  39.306  -4.725  19.624 0.0000000000
85925  39.544  -3.895  33.791 0.0000000000
85971  38.968  -3.602  29.899 0.0000000000
85987  38.205  -3.477  29.045 0.0000000000
86002  39.596  -4.641  28.700 0.0000000000
86004  38.054  -3.667  28.454 0.0000000000
86005  37.544  -3.340  28.018 0.0000000000
86007  35.893  -4.018  27.246 0.0000000000
86015  38.893  -4.707  27.934 0.0000000000
86027  40.823  -4.426  26.036 0.0000000000
86028  38.165  -4.702  26.697 0.0000000000
86030  36.735  -3.877  26.405 0.0000000000
86032  34.750  -4.082  25.428 0.0000000000
86044  38.306  -5.006  26.228 0.0000000000
86065  43.745  -3.020  24.282 0.0000000000
86070  37.726  -5.102  25.217 0.0000000000
86092  43.887  -3.101  23.733 0.0000000000
86096  40.625  -4.282  22.867 0.0000000000
86098  35.663  -4.561  23.727 0.0000000000
86099  34.797  -4.195  23.272 0.0000000000
86116  44.188  -3.226  23.216 0.0000000000
86186  41.657  -3.528  19.599 0.0000000000
86187  40.897  -3.936  19.534 0.0000000000
86217  39.765  -3.887  17.502 0.0000000000
87374  37.756  -3.886  30.838 0.0000000000
87460  35.421  -3.677  25.941 0.0000000000
87510  43.706  -3.014  24.578 0.0000000000
87511  35.495  -3.922  24.750 0.0000000000
87528  44.214  -3.075  23.878 0.0000000000
87548  33.725  -3.791  22.657 0.0000000000
87563  43.734  -3.184  21.271 0.0000000000
87574  45.037  -2.869  20.913 0.0000000000
87585  43.484  -2.711  19.782 0.0000000000
87586  42.911  -2.900  19.580 0.0000000000
87587  42.270  -3.074  19.348 0.0000000000
87608  40.994  -3.125  17.783 0.0000000000
88676  38.518  -3.164  31.767 0.0000000000
88828  48.227  -1.836  21.233 0.0000000000
88927  39.448  -1.536  14.507 0.0000000000
88928  38.896  -1.554  14.295 0.0000000000
90164  50.283  -0.279  21.517 0.0000000000
90165  49.749  -0.795  21.461 0.0000000000
90186  48.156  -0.988  20.450 0.0000000000
90224  45.316  -0.323  18.217 0.0000000000
90225  44.723  -0.541  18.222 0.0000000000
90227  43.105  -1.549  17.576 0.0000000000
90262  43.350  -0.363  16.233 0.0000000000
91396  50.583  0.156  21.622 0.0000000000
91448  46.530  0.340  18.379 0.0000000000
91449  45.911  0.097  18.062 0.0000000000
92637  44.527  1.367  16.099 0.0000000000
92671  39.874  0.364  13.352 0.0000000000
93785  48.440  2.441  17.880 0.0000000000
93817  46.737  2.659  16.390 0.0000000000
93818  46.193  2.449  16.226 0.0000000000
93848  46.186  2.858  14.509 0.0000000000
93849  45.802  2.650  14.688 0.0000000000
93853  42.406  1.657  13.712 0.0000000000
93862  44.793  2.442  13.528 0.0000000000
93866  41.375  1.773  12.610 0.0000000000
93878  43.735  2.482  12.731 0.0000000000
94966  48.882  3.357  17.392 0.0000000000
94967  48.236  3.026  16.971 0.0000000000
94981  48.083  3.165  16.354 0.0000000000
94995  47.104  3.056  15.458 0.0000000000
94996  46.387  2.831  15.505 0.0000000000
95016  44.836  2.911  12.965 0.0000000000
95025  44.969  3.396  12.771 0.0000000000
96077  50.107  4.081  18.904 0.0000000000
96112  50.390  5.494  16.724 0.0000000000
97210  50.327  5.026  17.510 0.0000000000
97253  46.564  4.612  13.395 0.0000000000
97257  43.348  5.625  11.971 0.0000000000
97272  43.764  4.488  12.199 0.0000000000
98421  49.655  6.949  16.226 0.0000000000
98433  48.352  6.583  15.028 0.0000000000
98448  48.135  5.893  14.615 0.0000000000
98469  46.097  5.853  13.500 0.0000000000
98487  50.765  6.337  12.679 0.0000000000
98488  50.395  6.251  12.679 0.0000000000
98491  42.518  6.174  12.241 0.0000000000
98531  45.256  5.880  10.183 0.0000000000
99693  51.225  7.951  18.345 0.0000000000
99713  49.561  7.984  16.591 0.0000000000
99735  48.554  7.725  15.536 0.0000000000
99737  47.319  7.913  14.886 0.0000000000
99773  52.442  7.552  13.370 0.0000000000
99779  44.310  6.873  12.910 0.0000000000
99781  42.778  6.595  12.288 0.0000000000
99855  54.401  7.759  8.373 0.0000000000
99867  53.601  7.728  7.446 0.0000000000
100962  51.559  8.764  18.721 0.0000000000
100990  47.948  8.936  15.465 0.0000000000
101009  47.665  8.529  15.219 0.0000000000
101020  46.420  8.073  14.231 0.0000000000
101064  46.876  7.736  12.138 0.0000000000
101080  56.565  8.572  9.761 0.0000000000
101105  56.614  8.911  8.260 0.0000000000
101120  55.733  9.038  7.340 0.0000000000
101134  54.750  9.075  6.640 0.0000000000
101137  52.310  8.226  6.048 0.0000000000
102217  50.920  9.569  17.667 0.0000000000
102227  49.816  9.304  16.752 0.0000000000
102236  50.098  9.609  16.542 0.0000000000
102238  48.615  9.302  15.784 0.0000000000
102239  48.112  9.098  15.585 0.0000000000
102249  48.408  9.490  15.404 0.0000000000
102259  58.077  10.172  14.313 0.0000000000
102266  48.539  9.246  14.530 0.0000000000
102301  46.835  8.669  13.077 0.0000000000
102344  57.818  9.709  9.050 0.0000000000
102345  57.154  9.230  8.454 0.0000000000
102361  56.207  9.506  7.303 0.0000000000
102371  55.159  9.591  6.564 0.0000000000
102372  54.472  9.350  6.298 0.0000000000
102383  53.274  9.264  5.352 0.0000000000
102421  57.037  10.218  2.732 0.0000000000
102430  57.036  10.075  2.438 0.0000000000
102436  51.940  9.748  1.078 0.0000000000
102446  54.270  9.298  0.945 0.0000000000
102461  53.012  9.521  -0.182 0.0000000000
102475  54.027  9.745  -0.710 0.0000000000
102476  53.516  9.738  -0.795 0.0000000000
103458  52.253  10.281  19.234 0.0000000000
103469  51.437  10.153  17.966 0.0000000000
103479  52.481  10.724  17.620 0.0000000000
103498  49.310  9.591  15.912 0.0000000000
103515  49.769  9.657  15.636 0.0000000000
103536  48.272  9.421  14.845 0.0000000000
103549  52.588  9.634  14.850 0.0000000000
103605  58.648  10.859  9.206 0.0000000000
103619  57.509  10.503  7.773 0.0000000000
103627  56.448  10.896  6.562 0.0000000000
103628  55.790  10.502  6.358 0.0000000000
103629  55.129  10.126  6.168 0.0000000000
103663  56.115  11.491  3.426 0.0000000000
103665  49.482  10.605  3.721 0.0000000000
103681  51.218  10.765  1.906 0.0000000000
103705  55.282  9.541  0.391 0.0000000000
103708  49.541  10.791  0.602 0.0000000000
104717  52.812  11.031  18.769 0.0000000000
104730  54.087  11.502  17.707 0.0000000000
104733  52.346  10.798  17.931 0.0000000000
104748  52.919  10.845  17.451 0.0000000000
104886  56.012  12.100  5.630 0.0000000000
104887  55.388  11.561  5.537 0.0000000000
104899  52.841  11.494  4.385 0.0000000000
104917  55.807  12.172  3.367 0.0000000000
104919  49.121  10.975  3.812 0.0000000000
104936  49.627  11.762  2.024 0.0000000000
104948  48.152  11.617  0.996 0.0000000000
104956  49.036  11.130  0.800 0.0000000000
105933  53.982  11.634  18.389 0.0000000000
106059  56.588  12.573  5.789 0.0000000000
106062  54.026  11.842  4.758 0.0000000000
106072  55.135  13.152  4.691 0.0000000000
106079  48.103  12.122  4.010 0.0000000000
106094  55.210  13.121  3.422 0.0000000000
106111  47.414  12.309  1.765 0.0000000000
106117  49.376  11.779  1.969 0.0000000000
106126  47.674  12.247  0.475 0.0000000000
106176  52.288  12.509  -4.447 0.0000000000
106187  52.814  12.523  -5.107 0.0000000000
107182  56.741  13.185  5.365 0.0000000000
107216  55.161  13.352  3.771 0.0000000000
107217  54.090  13.380  3.715 0.0000000000
107243  46.409  13.086  1.001 0.0000000000
107251  47.018  13.040  0.303 0.0000000000
107291  51.937  13.516  -3.927 0.0000000000
