#!ascii label  , from subject 198451 vox2ras=TkReg
1028
83061  8.755  -7.095  43.164 0.0000000000
63062  8.192  -20.182  35.516 0.0000000000
73953  3.548  -12.843  41.756 0.0000000000
72737  3.284  -13.118  34.642 0.0000000000
75647  7.536  -11.683  24.900 0.0000000000
77935  4.775  -10.613  42.930 0.0000000000
79191  3.859  -10.249  39.366 0.0000000000
76658  11.891  -8.850  43.140 0.0000000000
72589  8.138  -11.688  42.953 0.0000000000
70048  5.511  -14.289  43.035 0.0000000000
76861  5.945  -10.697  31.867 0.0000000000
72832  4.005  -13.490  30.463 0.0000000000
80693  6.013  -7.762  28.679 0.0000000000
67285  3.278  -17.690  41.222 0.0000000000
68728  3.845  -16.840  38.060 0.0000000000
74008  3.416  -12.841  39.471 0.0000000000
78038  4.297  -11.329  35.383 0.0000000000
65958  3.648  -18.478  33.207 0.0000000000
66038  3.970  -18.315  28.634 0.0000000000
67575  3.919  -16.887  22.931 0.0000000000
78278  3.223  -9.501  21.101 0.0000000000
81727  6.437  -8.661  43.496 0.0000000000
80483  6.362  -8.888  41.596 0.0000000000
77911  10.066  -8.150  44.584 0.0000000000
75345  9.810  -10.265  42.805 0.0000000000
76642  8.094  -9.949  44.429 0.0000000000
73904  6.831  -11.391  44.081 0.0000000000
78139  6.778  -9.078  30.028 0.0000000000
70082  3.805  -15.626  41.640 0.0000000000
71377  3.793  -15.008  40.455 0.0000000000
73978  3.343  -12.990  40.920 0.0000000000
79237  5.615  -10.360  38.007 0.0000000000
79239  4.190  -10.917  37.823 0.0000000000
71296  4.500  -13.785  42.861 0.0000000000
68656  4.836  -16.107  42.895 0.0000000000
70052  3.984  -14.861  42.421 0.0000000000
67267  3.549  -17.674  42.354 0.0000000000
70190  3.834  -14.935  36.443 0.0000000000
67373  4.074  -17.633  35.544 0.0000000000
71452  3.737  -14.720  33.951 0.0000000000
74245  6.500  -13.055  28.155 0.0000000000
71527  4.503  -15.043  29.107 0.0000000000
71547  5.027  -14.823  26.350 0.0000000000
67524  3.855  -17.558  25.907 0.0000000000
71566  4.381  -14.727  24.085 0.0000000000
75328  3.895  -12.207  42.400 0.0000000000
76694  3.401  -11.840  40.769 0.0000000000
79157  4.218  -10.301  41.201 0.0000000000
79189  5.680  -9.916  39.619 0.0000000000
76691  13.036  -9.405  41.713 0.0000000000
75412  12.345  -10.526  39.856 0.0000000000
75391  10.883  -10.261  41.350 0.0000000000
72622  9.085  -11.695  41.503 0.0000000000
71312  6.648  -13.213  43.065 0.0000000000
72561  5.397  -12.511  43.700 0.0000000000
76830  3.578  -11.662  33.099 0.0000000000
72773  3.396  -13.227  32.532 0.0000000000
76881  4.598  -11.589  31.574 0.0000000000
75564  6.168  -11.217  29.634 0.0000000000
78192  7.117  -9.824  27.217 0.0000000000
85873  10.700  -5.036  41.974 0.0000000000
81768  15.041  -5.517  40.293 0.0000000000
83059  15.430  -4.306  42.393 0.0000000000
80425  13.155  -6.921  44.104 0.0000000000
85818  11.452  -5.257  44.591 0.0000000000
63016  2.979  -20.286  41.008 0.0000000000
63037  3.066  -20.256  39.282 0.0000000000
67301  3.366  -17.728  39.864 0.0000000000
71403  3.810  -14.535  39.083 0.0000000000
74070  3.305  -12.449  36.519 0.0000000000
77969  3.207  -11.107  39.640 0.0000000000
78010  3.559  -11.363  37.009 0.0000000000
76795  3.494  -11.680  35.307 0.0000000000
76827  5.268  -11.265  33.463 0.0000000000
63057  3.200  -20.510  36.407 0.0000000000
61730  3.701  -21.314  35.354 0.0000000000
61749  4.718  -20.997  33.729 0.0000000000
71492  3.868  -15.190  31.460 0.0000000000
65993  3.742  -18.418  30.848 0.0000000000
63115  4.819  -20.190  31.474 0.0000000000
63147  5.250  -19.853  29.436 0.0000000000
64670  5.882  -18.798  26.017 0.0000000000
79414  4.361  -7.436  27.309 0.0000000000
79445  5.377  -8.145  24.924 0.0000000000
81991  3.647  -6.261  24.081 0.0000000000
77028  4.588  -10.627  22.536 0.0000000000
72924  3.939  -13.499  21.752 0.0000000000
83052  8.020  -8.330  43.564 0.0000000000
81750  7.230  -8.508  42.797 0.0000000000
83084  8.900  -7.368  42.203 0.0000000000
83024  8.920  -6.914  44.367 0.0000000000
76640  9.099  -9.467  44.346 0.0000000000
81708  7.841  -8.115  44.286 0.0000000000
79114  6.974  -8.857  44.319 0.0000000000
63060  9.795  -20.988  34.929 0.0000000000
64487  8.211  -19.500  34.067 0.0000000000
71327  3.662  -14.538  41.574 0.0000000000
72641  3.582  -13.817  40.848 0.0000000000
73966  3.442  -12.886  41.338 0.0000000000
76738  13.784  -9.628  38.635 0.0000000000
72592  4.007  -13.280  42.143 0.0000000000
71297  4.226  -13.937  42.367 0.0000000000
71314  3.999  -14.080  42.071 0.0000000000
70081  3.842  -15.459  41.925 0.0000000000
72720  3.296  -13.146  35.733 0.0000000000
70199  3.930  -14.791  35.544 0.0000000000
71468  3.350  -13.918  33.813 0.0000000000
74270  7.347  -12.731  26.545 0.0000000000
72873  5.373  -14.730  27.300 0.0000000000
72882  5.982  -13.926  25.545 0.0000000000
71557  4.599  -14.944  25.244 0.0000000000
74312  5.453  -13.483  24.236 0.0000000000
76662  4.278  -11.539  42.525 0.0000000000
77938  4.215  -11.130  42.072 0.0000000000
80456  4.878  -10.191  42.093 0.0000000000
80497  5.889  -9.528  40.856 0.0000000000
79210  7.316  -9.844  39.071 0.0000000000
76671  12.927  -9.191  42.577 0.0000000000
75365  12.125  -10.119  41.393 0.0000000000
76693  11.777  -9.738  42.350 0.0000000000
73951  8.776  -11.310  42.882 0.0000000000
73964  9.484  -10.971  41.839 0.0000000000
73965  8.853  -11.471  42.220 0.0000000000
72605  7.462  -12.408  42.727 0.0000000000
76646  5.715  -10.722  44.008 0.0000000000
73905  6.296  -11.620  43.934 0.0000000000
75298  5.408  -11.419  43.804 0.0000000000
73922  4.608  -12.308  43.151 0.0000000000
76847  4.463  -11.465  32.767 0.0000000000
76864  4.124  -11.584  32.169 0.0000000000
76862  5.174  -11.321  31.996 0.0000000000
78140  6.578  -9.514  29.499 0.0000000000
76896  6.060  -10.977  30.305 0.0000000000
78155  6.302  -9.138  28.610 0.0000000000
76939  6.701  -10.073  28.001 0.0000000000
78174  6.506  -9.270  27.747 0.0000000000
80453  13.571  -6.942  42.742 0.0000000000
65859  3.115  -18.606  40.960 0.0000000000
65869  3.135  -18.600  40.225 0.0000000000
67291  3.205  -17.685  40.616 0.0000000000
72663  3.669  -13.923  39.843 0.0000000000
71390  3.828  -14.970  39.786 0.0000000000
72675  3.543  -13.497  38.865 0.0000000000
72689  3.315  -13.295  37.877 0.0000000000
74051  3.269  -12.508  37.549 0.0000000000
79171  3.386  -10.510  39.997 0.0000000000
76711  3.286  -11.702  40.126 0.0000000000
79192  3.360  -10.682  39.069 0.0000000000
78008  4.057  -11.063  36.996 0.0000000000
77991  3.620  -11.042  37.710 0.0000000000
78025  3.904  -11.225  36.234 0.0000000000
76779  3.704  -11.745  36.185 0.0000000000
78039  3.949  -11.421  35.524 0.0000000000
78053  3.854  -11.542  34.613 0.0000000000
78051  4.826  -11.487  34.485 0.0000000000
73989  11.544  -10.833  39.542 0.0000000000
74006  11.768  -11.404  38.953 0.0000000000
70064  6.061  -14.392  42.500 0.0000000000
68667  5.866  -15.705  42.103 0.0000000000
70065  5.641  -15.092  42.645 0.0000000000
67239  4.345  -16.641  42.602 0.0000000000
67254  4.886  -17.462  42.340 0.0000000000
67278  3.272  -17.687  41.697 0.0000000000
65852  3.143  -18.633  41.545 0.0000000000
65895  3.415  -18.623  38.752 0.0000000000
64469  3.518  -19.694  37.736 0.0000000000
65916  3.432  -19.209  37.178 0.0000000000
67390  4.225  -17.653  34.478 0.0000000000
64490  3.351  -19.911  35.366 0.0000000000
64505  3.555  -19.249  33.564 0.0000000000
61740  4.254  -21.126  34.392 0.0000000000
63104  3.768  -19.635  33.027 0.0000000000
72792  3.676  -13.245  31.686 0.0000000000
72772  3.719  -13.874  32.187 0.0000000000
71507  3.798  -14.365  30.718 0.0000000000
68866  4.166  -16.711  29.257 0.0000000000
68854  4.001  -16.723  30.160 0.0000000000
66016  3.857  -18.381  29.849 0.0000000000
63133  3.873  -19.806  30.922 0.0000000000
63149  4.128  -19.702  30.037 0.0000000000
63131  5.099  -19.976  30.466 0.0000000000
63168  4.269  -19.683  29.202 0.0000000000
67543  3.761  -17.368  24.824 0.0000000000
64672  4.428  -18.737  25.717 0.0000000000
66163  4.524  -17.985  23.753 0.0000000000
81945  3.022  -5.592  27.602 0.0000000000
79430  4.481  -7.732  26.359 0.0000000000
79447  4.037  -7.153  25.789 0.0000000000
82010  3.555  -6.763  22.024 0.0000000000
80757  3.774  -7.252  22.516 0.0000000000
79479  4.888  -8.931  22.502 0.0000000000
77030  3.794  -10.288  21.872 0.0000000000
74364  3.831  -11.796  22.093 0.0000000000
75725  3.562  -11.264  21.280 0.0000000000
80429  5.696  -9.408  43.487 0.0000000000
80455  5.415  -9.726  42.495 0.0000000000
81751  6.538  -8.579  42.740 0.0000000000
77927  10.837  -8.512  44.241 0.0000000000
76674  10.920  -9.491  42.982 0.0000000000
76661  10.052  -9.571  43.670 0.0000000000
75327  9.014  -10.454  43.533 0.0000000000
73919  8.553  -10.859  43.774 0.0000000000
72575  7.505  -11.693  43.752 0.0000000000
75294  7.911  -10.694  44.136 0.0000000000
77923  6.536  -9.806  44.369 0.0000000000
78106  6.779  -10.153  31.208 0.0000000000
78107  6.226  -10.400  31.204 0.0000000000
78123  7.178  -9.200  30.621 0.0000000000
80677  6.779  -7.845  29.709 0.0000000000
80678  6.179  -7.477  29.355 0.0000000000
68681  3.577  -16.738  41.352 0.0000000000
70111  3.757  -15.815  40.949 0.0000000000
71362  3.698  -14.773  40.940 0.0000000000
72653  3.628  -14.053  40.539 0.0000000000
73992  3.288  -13.134  40.342 0.0000000000
79212  5.124  -10.174  38.807 0.0000000000
79213  4.292  -10.272  38.626 0.0000000000
79238  4.746  -10.649  37.931 0.0000000000
78006  5.202  -10.876  37.122 0.0000000000
78036  5.664  -11.235  35.312 0.0000000000
76794  5.678  -11.321  34.832 0.0000000000
71295  4.825  -13.901  43.374 0.0000000000
70066  5.260  -15.293  42.927 0.0000000000
70050  4.570  -14.716  43.138 0.0000000000
68642  4.375  -15.792  42.980 0.0000000000
68658  3.932  -16.587  42.438 0.0000000000
67257  3.859  -17.630  42.460 0.0000000000
68659  3.762  -16.407  42.254 0.0000000000
68669  3.497  -16.810  41.892 0.0000000000
70176  4.116  -16.062  36.736 0.0000000000
67352  3.941  -17.657  36.550 0.0000000000
68777  4.198  -16.755  35.952 0.0000000000
68795  4.215  -16.644  35.036 0.0000000000
68808  4.044  -16.640  33.129 0.0000000000
74247  5.164  -13.461  29.305 0.0000000000
71519  4.040  -14.321  30.055 0.0000000000
71538  4.982  -14.304  28.764 0.0000000000
71537  4.877  -14.865  27.951 0.0000000000
68877  4.275  -16.778  28.244 0.0000000000
67509  3.877  -17.804  26.787 0.0000000000
70265  4.484  -15.675  26.371 0.0000000000
70272  4.038  -15.609  24.887 0.0000000000
70283  3.757  -15.473  23.745 0.0000000000
80780  3.826  -7.553  20.236 0.0000000000
77079  3.888  -10.475  20.132 0.0000000000
78296  5.027  -9.399  19.816 0.0000000000
75346  3.447  -12.500  42.127 0.0000000000
75347  3.280  -12.384  41.666 0.0000000000
76676  3.440  -11.899  41.355 0.0000000000
77948  3.745  -11.382  41.024 0.0000000000
79170  4.257  -10.119  40.412 0.0000000000
80484  5.621  -9.522  41.365 0.0000000000
80498  5.007  -9.995  40.533 0.0000000000
79190  4.718  -9.968  39.772 0.0000000000
79211  6.141  -10.053  38.905 0.0000000000
76708  13.474  -9.103  40.473 0.0000000000
76724  13.116  -9.606  39.961 0.0000000000
76709  12.915  -9.564  40.802 0.0000000000
75367  10.714  -10.087  41.915 0.0000000000
73963  10.209  -10.568  41.523 0.0000000000
73991  9.975  -11.348  40.479 0.0000000000
71325  6.483  -14.001  42.376 0.0000000000
71313  5.952  -13.978  42.882 0.0000000000
72576  7.063  -12.159  43.687 0.0000000000
71292  6.647  -12.806  43.552 0.0000000000
71294  5.374  -13.690  43.403 0.0000000000
71282  4.726  -13.287  43.270 0.0000000000
73923  4.198  -12.534  42.652 0.0000000000
75488  3.103  -11.881  34.326 0.0000000000
72755  3.335  -13.100  33.593 0.0000000000
75518  3.618  -12.083  32.522 0.0000000000
75532  3.694  -12.371  31.996 0.0000000000
75567  4.296  -12.439  30.859 0.0000000000
75565  5.771  -11.792  30.158 0.0000000000
75586  5.550  -12.357  29.874 0.0000000000
74217  6.030  -12.618  29.037 0.0000000000
75604  7.495  -11.427  27.576 0.0000000000
76974  7.628  -10.458  25.786 0.0000000000
84447  9.878  -6.130  42.601 0.0000000000
80493  14.286  -7.024  40.072 0.0000000000
84444  18.029  -3.829  41.530 0.0000000000
84437  17.206  -3.682  41.918 0.0000000000
84446  16.753  -3.959  41.594 0.0000000000
83082  14.804  -5.592  41.005 0.0000000000
81769  14.407  -6.351  40.700 0.0000000000
79156  13.771  -7.616  41.214 0.0000000000
77936  12.990  -8.345  43.000 0.0000000000
77932  12.444  -8.268  43.648 0.0000000000
80416  12.266  -6.884  44.496 0.0000000000
77926  11.741  -8.103  44.181 0.0000000000
81704  10.618  -6.842  45.076 0.0000000000
85848  10.041  -5.694  44.000 0.0000000000
65883  3.276  -18.615  39.386 0.0000000000
67316  3.545  -17.818  38.878 0.0000000000
70134  3.747  -15.873  40.045 0.0000000000
70148  3.846  -15.738  39.197 0.0000000000
70147  3.783  -16.109  38.439 0.0000000000
70177  3.881  -15.054  37.444 0.0000000000
72704  3.250  -13.182  36.823 0.0000000000
74087  3.172  -12.423  35.491 0.0000000000
75392  3.204  -12.345  40.573 0.0000000000
75414  3.263  -12.230  39.876 0.0000000000
75434  3.330  -12.091  39.072 0.0000000000
79215  3.421  -10.931  38.343 0.0000000000
77981  3.190  -11.220  38.728 0.0000000000
75450  3.263  -12.029  38.211 0.0000000000
75460  3.372  -12.012  37.269 0.0000000000
75468  3.569  -12.049  36.289 0.0000000000
75476  3.232  -11.930  35.337 0.0000000000
76812  3.474  -11.574  34.341 0.0000000000
76829  3.867  -11.488  33.696 0.0000000000
76846  5.195  -11.246  32.727 0.0000000000
76826  6.092  -11.204  33.485 0.0000000000
76844  6.873  -10.739  32.813 0.0000000000
76860  6.836  -10.529  31.951 0.0000000000
68679  5.848  -16.265  41.720 0.0000000000
68655  5.272  -16.215  42.624 0.0000000000
65925  3.386  -19.223  36.435 0.0000000000
61731  3.255  -21.072  35.962 0.0000000000
63072  5.971  -20.279  34.067 0.0000000000
71481  3.565  -13.840  32.886 0.0000000000
71466  3.817  -15.400  32.605 0.0000000000
68822  3.923  -16.721  32.525 0.0000000000
71506  3.869  -15.084  30.715 0.0000000000
68842  3.916  -16.762  31.033 0.0000000000
65957  3.690  -18.486  32.570 0.0000000000
63103  3.807  -20.319  32.629 0.0000000000
63102  4.426  -20.437  32.320 0.0000000000
63085  6.536  -19.878  33.521 0.0000000000
64504  6.766  -19.461  32.776 0.0000000000
64627  4.281  -19.052  27.165 0.0000000000
64625  5.671  -19.337  27.573 0.0000000000
80694  5.538  -7.253  28.613 0.0000000000
80695  3.954  -6.112  28.781 0.0000000000
79397  4.957  -7.403  27.959 0.0000000000
79413  5.248  -8.199  27.070 0.0000000000
78211  6.569  -8.972  25.519 0.0000000000
78228  6.626  -9.303  24.411 0.0000000000
79460  4.349  -7.251  24.796 0.0000000000
79467  5.467  -9.076  23.045 0.0000000000
77012  5.879  -10.869  23.154 0.0000000000
74347  4.837  -12.079  22.984 0.0000000000
72913  3.963  -13.536  22.531 0.0000000000
70315  3.770  -15.143  22.093 0.0000000000
71606  4.896  -14.879  21.097 0.0000000000
83051  8.434  -7.657  43.622 0.0000000000
83062  8.780  -8.026  42.871 0.0000000000
83072  8.843  -7.356  42.827 0.0000000000
83050  8.744  -6.919  43.554 0.0000000000
81712  8.395  -7.443  44.351 0.0000000000
83039  8.312  -7.482  43.922 0.0000000000
81725  7.892  -7.864  44.146 0.0000000000
63055  9.240  -20.905  35.874 0.0000000000
63061  9.270  -20.704  35.345 0.0000000000
63068  9.563  -20.681  34.631 0.0000000000
63070  7.664  -19.763  34.642 0.0000000000
72607  3.745  -13.539  41.521 0.0000000000
72625  3.633  -13.704  41.188 0.0000000000
77980  13.867  -8.563  39.043 0.0000000000
76723  13.621  -9.248  39.603 0.0000000000
72606  3.871  -13.392  41.838 0.0000000000
71326  3.810  -14.313  41.848 0.0000000000
71453  3.590  -14.115  34.895 0.0000000000
75629  7.724  -11.669  25.514 0.0000000000
74289  7.172  -12.839  25.689 0.0000000000
74310  6.694  -12.662  24.619 0.0000000000
72893  5.765  -13.877  24.644 0.0000000000
74328  6.434  -12.435  24.151 0.0000000000
76652  4.754  -11.237  43.114 0.0000000000
79138  4.804  -10.311  42.444 0.0000000000
76672  12.151  -9.288  42.664 0.0000000000
76673  11.411  -9.429  42.751 0.0000000000
72604  8.032  -11.787  42.582 0.0000000000
72623  8.181  -11.938  41.724 0.0000000000
72590  7.661  -11.939  43.363 0.0000000000
77930  4.943  -10.616  43.503 0.0000000000
76651  5.145  -10.984  43.670 0.0000000000
79385  6.340  -8.357  28.886 0.0000000000
79396  5.887  -8.178  28.091 0.0000000000
74030  3.356  -12.624  38.536 0.0000000000
78024  4.144  -10.988  36.212 0.0000000000
70080  5.844  -15.283  42.299 0.0000000000
67256  4.115  -17.303  42.493 0.0000000000
67334  3.628  -17.885  38.238 0.0000000000
65907  3.568  -18.586  37.949 0.0000000000
67333  3.767  -17.667  37.744 0.0000000000
65945  3.668  -18.492  34.036 0.0000000000
63088  3.553  -20.235  33.687 0.0000000000
64526  3.725  -19.031  32.929 0.0000000000
72812  3.980  -13.165  31.071 0.0000000000
71494  3.752  -13.843  31.318 0.0000000000
71508  3.820  -13.747  30.865 0.0000000000
67476  3.983  -17.401  28.646 0.0000000000
67460  3.979  -17.531  29.486 0.0000000000
64584  4.044  -19.128  29.380 0.0000000000
67561  3.905  -17.173  23.777 0.0000000000
66138  4.066  -17.908  24.288 0.0000000000
67560  4.257  -17.452  23.265 0.0000000000
83223  3.065  -5.072  28.042 0.0000000000
81957  3.159  -5.466  27.596 0.0000000000
80721  3.433  -6.293  26.668 0.0000000000
83234  3.270  -5.122  27.037 0.0000000000
80764  3.620  -7.368  21.644 0.0000000000
80758  3.588  -6.949  22.303 0.0000000000
79487  3.792  -8.091  21.851 0.0000000000
78266  3.692  -9.184  21.734 0.0000000000
75702  3.662  -11.115  21.725 0.0000000000
77058  3.264  -10.484  20.801 0.0000000000
80428  6.239  -8.992  43.690 0.0000000000
80440  6.095  -9.103  43.121 0.0000000000
81741  6.543  -8.592  43.193 0.0000000000
81759  8.077  -8.559  42.404 0.0000000000
77919  10.294  -8.318  44.539 0.0000000000
76648  10.536  -9.152  44.060 0.0000000000
77928  10.273  -8.925  44.333 0.0000000000
76641  8.584  -9.758  44.384 0.0000000000
76650  9.307  -9.707  44.142 0.0000000000
75308  8.905  -10.248  43.886 0.0000000000
75309  8.684  -10.600  44.040 0.0000000000
73920  7.946  -11.222  43.972 0.0000000000
75293  8.210  -10.420  44.199 0.0000000000
80420  6.812  -8.705  44.128 0.0000000000
77922  6.879  -9.570  44.529 0.0000000000
80421  6.291  -9.128  43.948 0.0000000000
79121  5.831  -9.781  44.017 0.0000000000
79372  7.207  -8.314  29.913 0.0000000000
70097  3.803  -15.710  41.321 0.0000000000
71344  3.571  -14.678  41.270 0.0000000000
78022  5.788  -10.981  36.053 0.0000000000
76793  6.283  -10.967  35.069 0.0000000000
70049  5.013  -14.773  43.249 0.0000000000
70051  4.205  -14.780  42.805 0.0000000000
68643  4.103  -15.721  42.858 0.0000000000
68644  3.890  -15.741  42.389 0.0000000000
68670  3.552  -16.694  41.727 0.0000000000
70189  4.135  -15.750  35.714 0.0000000000
70198  3.977  -15.454  34.632 0.0000000000
68809  4.200  -16.609  33.983 0.0000000000
70209  3.961  -15.636  33.430 0.0000000000
74246  5.769  -13.373  28.720 0.0000000000
72861  4.963  -13.865  29.247 0.0000000000
72860  5.395  -14.147  28.224 0.0000000000
72872  5.697  -14.398  26.575 0.0000000000
70259  4.679  -15.927  27.943 0.0000000000
68894  4.148  -16.877  26.902 0.0000000000
71565  4.720  -14.367  24.594 0.0000000000
82036  4.009  -6.565  20.343 0.0000000000
80779  4.152  -7.550  19.951 0.0000000000
79516  4.501  -8.411  19.922 0.0000000000
80778  4.896  -7.516  19.772 0.0000000000
76675  3.639  -11.880  41.993 0.0000000000
77947  3.953  -11.134  41.502 0.0000000000
79148  3.902  -10.834  41.256 0.0000000000
79158  3.699  -10.693  40.748 0.0000000000
80470  5.518  -9.603  41.911 0.0000000000
80515  5.410  -9.918  40.220 0.0000000000
80516  4.983  -9.863  40.183 0.0000000000
77957  13.364  -9.041  41.238 0.0000000000
75390  11.486  -10.212  40.892 0.0000000000
75325  10.231  -9.707  43.124 0.0000000000
75344  10.594  -9.864  42.571 0.0000000000
73949  9.978  -10.388  42.184 0.0000000000
73977  9.736  -11.140  41.125 0.0000000000
72639  9.241  -11.753  40.685 0.0000000000
72640  8.472  -12.240  40.994 0.0000000000
71324  7.060  -13.247  42.448 0.0000000000
73921  7.440  -11.542  43.928 0.0000000000
72558  6.947  -11.739  43.907 0.0000000000
72560  5.970  -12.299  43.798 0.0000000000
72559  6.515  -12.205  43.817 0.0000000000
71279  6.106  -12.667  43.760 0.0000000000
71293  6.151  -13.181  43.509 0.0000000000
71280  5.695  -12.927  43.676 0.0000000000
71281  5.115  -13.173  43.559 0.0000000000
75311  4.396  -11.926  42.855 0.0000000000
73937  3.816  -12.735  42.314 0.0000000000
75503  3.337  -11.996  33.304 0.0000000000
76865  3.899  -12.040  32.063 0.0000000000
76882  4.142  -12.095  31.527 0.0000000000
75549  4.014  -12.481  31.472 0.0000000000
76898  4.441  -12.069  31.062 0.0000000000
78124  6.559  -10.105  30.551 0.0000000000
76879  5.837  -10.857  31.211 0.0000000000
75566  4.920  -12.182  30.527 0.0000000000
75585  6.353  -11.659  29.163 0.0000000000
78173  6.903  -9.916  27.718 0.0000000000
76938  7.069  -10.570  27.886 0.0000000000
76957  7.752  -10.620  26.847 0.0000000000
78210  7.137  -9.798  26.187 0.0000000000
85869  10.316  -5.553  42.519 0.0000000000
85874  10.277  -5.654  42.075 0.0000000000
85877  10.470  -5.034  41.282 0.0000000000
81780  15.354  -5.398  39.511 0.0000000000
81797  15.224  -6.035  38.934 0.0000000000
81781  14.843  -6.233  39.797 0.0000000000
84430  15.971  -3.921  42.689 0.0000000000
85856  16.579  -3.478  42.522 0.0000000000
84438  16.463  -3.993  42.009 0.0000000000
83070  16.016  -4.428  41.617 0.0000000000
81758  14.325  -6.147  41.569 0.0000000000
80480  13.993  -7.119  40.761 0.0000000000
80468  13.955  -6.919  41.402 0.0000000000
80439  13.427  -6.917  43.326 0.0000000000
79136  13.400  -7.546  42.548 0.0000000000
79127  12.943  -7.763  43.360 0.0000000000
77931  12.816  -8.134  43.387 0.0000000000
79128  12.725  -7.799  43.776 0.0000000000
84395  12.164  -5.162  44.855 0.0000000000
81702  11.920  -6.152  44.699 0.0000000000
79124  12.044  -7.675  44.359 0.0000000000
80407  11.498  -6.779  44.813 0.0000000000
80418  11.171  -7.280  44.896 0.0000000000
84397  10.956  -5.856  44.833 0.0000000000
85868  10.725  -5.020  42.479 0.0000000000
87225  10.561  -5.285  43.249 0.0000000000
85863  10.222  -5.615  42.968 0.0000000000
85864  9.741  -6.177  43.269 0.0000000000
61677  2.825  -21.037  40.634 0.0000000000
63028  3.136  -20.271  40.204 0.0000000000
68713  3.656  -16.795  39.554 0.0000000000
70122  3.678  -16.035  40.584 0.0000000000
70162  3.890  -15.242  38.372 0.0000000000
71416  3.733  -14.208  38.159 0.0000000000
71427  3.565  -14.064  37.151 0.0000000000
75368  3.217  -12.367  41.133 0.0000000000
76725  3.225  -11.612  39.392 0.0000000000
79214  3.757  -10.630  38.349 0.0000000000
77992  3.358  -11.291  37.828 0.0000000000
76751  3.275  -11.666  37.997 0.0000000000
76763  3.488  -11.742  37.067 0.0000000000
78070  4.086  -11.515  33.964 0.0000000000
76828  4.502  -11.431  33.578 0.0000000000
76808  6.229  -11.298  34.262 0.0000000000
75411  12.870  -10.145  39.513 0.0000000000
75433  12.589  -10.599  39.179 0.0000000000
63051  3.272  -20.476  37.335 0.0000000000
61703  3.182  -21.203  37.913 0.0000000000
61717  3.335  -21.116  36.877 0.0000000000
67372  3.980  -17.859  36.134 0.0000000000
65923  3.940  -18.052  36.385 0.0000000000
65924  3.806  -18.456  36.102 0.0000000000
63074  3.377  -20.159  35.087 0.0000000000
63065  3.165  -20.479  35.538 0.0000000000
63064  3.229  -20.965  35.354 0.0000000000
60489  3.843  -21.636  36.235 0.0000000000
61729  4.542  -21.220  35.304 0.0000000000
61750  4.018  -20.890  33.401 0.0000000000
61739  4.996  -21.080  34.604 0.0000000000
61738  5.827  -20.495  35.007 0.0000000000
61748  5.397  -20.744  33.969 0.0000000000
71493  3.759  -14.337  31.490 0.0000000000
71480  3.711  -14.632  32.228 0.0000000000
71479  3.843  -15.427  32.000 0.0000000000
70208  3.937  -16.088  32.763 0.0000000000
70221  3.903  -16.059  32.206 0.0000000000
71518  4.036  -15.066  29.923 0.0000000000
67442  3.921  -17.580  30.455 0.0000000000
67430  3.883  -17.609  31.391 0.0000000000
65975  3.689  -18.446  31.789 0.0000000000
64525  3.772  -19.291  32.276 0.0000000000
64545  3.665  -19.206  31.306 0.0000000000
63116  4.110  -20.253  31.590 0.0000000000
63101  5.209  -20.302  32.468 0.0000000000
63086  5.713  -20.340  33.298 0.0000000000
63100  6.098  -19.892  32.558 0.0000000000
63146  5.866  -19.501  29.170 0.0000000000
66063  3.855  -18.535  27.280 0.0000000000
66087  3.943  -18.269  26.245 0.0000000000
64671  5.210  -18.864  25.641 0.0000000000
64649  4.695  -19.046  26.493 0.0000000000
64648  5.448  -19.138  26.620 0.0000000000
64647  6.337  -18.782  26.718 0.0000000000
81932  3.560  -5.655  28.966 0.0000000000
79398  4.166  -6.738  28.111 0.0000000000
79387  4.256  -6.381  28.754 0.0000000000
79429  5.173  -8.213  25.893 0.0000000000
78212  5.777  -8.517  25.443 0.0000000000
79444  6.026  -8.649  24.645 0.0000000000
83272  3.375  -5.686  23.870 0.0000000000
83259  3.255  -5.469  24.902 0.0000000000
81981  3.309  -5.995  25.293 0.0000000000
80743  3.648  -6.488  24.802 0.0000000000
80742  4.085  -6.813  24.376 0.0000000000
79468  5.166  -8.061  23.200 0.0000000000
78257  5.009  -9.936  22.749 0.0000000000
79466  5.862  -9.448  23.334 0.0000000000
77013  5.145  -10.757  22.809 0.0000000000
75667  5.298  -11.672  22.988 0.0000000000
75683  4.698  -11.479  22.705 0.0000000000
74363  3.877  -12.584  21.999 0.0000000000
71589  3.705  -14.431  22.325 0.0000000000
71608  3.837  -14.484  21.684 0.0000000000
74412  4.423  -12.061  20.336 0.0000000000
81726  7.217  -8.475  43.756 0.0000000000
81740  7.157  -8.613  43.209 0.0000000000
83063  8.010  -8.740  42.955 0.0000000000
83073  8.680  -8.384  42.810 0.0000000000
83085  8.713  -8.427  42.249 0.0000000000
81706  9.268  -7.382  44.721 0.0000000000
77920  9.422  -8.903  44.498 0.0000000000
79111  9.196  -8.499  44.625 0.0000000000
77914  8.409  -9.040  44.590 0.0000000000
76636  8.050  -9.588  44.881 0.0000000000
79113  7.725  -8.886  44.540 0.0000000000
81714  7.290  -8.447  43.921 0.0000000000
63083  8.982  -19.721  33.928 0.0000000000
64502  8.642  -19.327  33.428 0.0000000000
72579  4.197  -13.151  42.493 0.0000000000
70067  3.879  -15.104  42.147 0.0000000000
71439  3.523  -14.001  36.092 0.0000000000
74244  7.154  -12.425  27.423 0.0000000000
72859  6.088  -13.754  27.594 0.0000000000
72871  6.340  -13.760  26.485 0.0000000000
71546  5.274  -14.523  25.863 0.0000000000
71556  4.982  -14.430  25.290 0.0000000000
72894  5.227  -13.981  24.308 0.0000000000
72895  4.771  -14.107  23.964 0.0000000000
79147  4.383  -10.595  41.740 0.0000000000
80514  6.257  -9.572  40.311 0.0000000000
79188  6.692  -9.620  39.669 0.0000000000
76710  12.604  -9.856  41.354 0.0000000000
76692  12.363  -9.731  42.013 0.0000000000
75366  11.546  -10.061  41.770 0.0000000000
73934  9.191  -10.678  43.085 0.0000000000
73950  9.368  -10.883  42.539 0.0000000000
71311  7.210  -12.676  43.043 0.0000000000
75296  6.586  -10.922  44.300 0.0000000000
75297  6.013  -11.164  44.044 0.0000000000
73906  5.710  -11.849  43.815 0.0000000000
73907  5.129  -12.081  43.561 0.0000000000
75310  4.892  -11.665  43.356 0.0000000000
76848  3.994  -11.577  32.649 0.0000000000
76849  3.846  -11.809  32.447 0.0000000000
76863  4.479  -11.543  32.022 0.0000000000
76880  5.206  -11.508  31.349 0.0000000000
76918  6.583  -10.373  28.861 0.0000000000
76917  6.667  -11.002  28.527 0.0000000000
80452  13.751  -6.818  42.196 0.0000000000
81739  13.547  -6.287  43.746 0.0000000000
81724  13.422  -6.167  44.157 0.0000000000
87215  11.111  -4.669  43.483 0.0000000000
64443  3.055  -19.468  40.606 0.0000000000
68704  3.611  -16.830  40.317 0.0000000000
77958  3.504  -11.239  40.366 0.0000000000
78007  4.462  -10.996  37.064 0.0000000000
79240  3.918  -11.003  37.640 0.0000000000
78009  3.773  -11.146  36.979 0.0000000000
78026  3.801  -11.478  36.217 0.0000000000
78040  3.751  -11.561  35.458 0.0000000000
78054  3.717  -11.526  35.007 0.0000000000
78052  4.354  -11.551  34.440 0.0000000000
76810  4.799  -11.453  34.044 0.0000000000
73988  12.124  -10.861  39.226 0.0000000000
70079  6.157  -15.029  42.060 0.0000000000
68668  5.605  -16.248  42.258 0.0000000000
67268  3.323  -17.692  42.084 0.0000000000
64426  3.093  -19.497  41.314 0.0000000000
64462  3.220  -19.376  38.734 0.0000000000
63044  3.094  -20.343  38.296 0.0000000000
64475  3.315  -19.850  36.840 0.0000000000
65935  3.798  -18.536  35.050 0.0000000000
64489  3.458  -19.569  34.631 0.0000000000
63073  3.432  -20.559  34.812 0.0000000000
61741  3.782  -20.814  34.193 0.0000000000
61751  3.734  -20.677  33.625 0.0000000000
72791  3.670  -13.676  31.840 0.0000000000
70252  4.389  -15.907  29.093 0.0000000000
70245  4.004  -15.877  29.968 0.0000000000
64564  3.800  -19.156  30.372 0.0000000000
63132  4.394  -20.118  30.678 0.0000000000
63148  4.611  -19.963  29.741 0.0000000000
63167  4.707  -19.800  28.732 0.0000000000
64673  4.109  -18.518  25.908 0.0000000000
66113  4.006  -18.283  25.291 0.0000000000
66112  4.410  -18.607  25.190 0.0000000000
64692  5.031  -18.698  25.053 0.0000000000
81944  3.150  -5.640  28.186 0.0000000000
79400  3.681  -6.432  27.685 0.0000000000
79432  3.765  -6.589  27.039 0.0000000000
79448  3.742  -6.725  26.404 0.0000000000
79446  4.649  -7.763  25.339 0.0000000000
82002  3.711  -6.358  22.964 0.0000000000
82001  3.862  -6.631  23.372 0.0000000000
80749  4.047  -6.879  23.544 0.0000000000
79480  4.443  -8.007  22.437 0.0000000000
78259  4.246  -9.451  22.135 0.0000000000
77029  4.223  -10.452  22.166 0.0000000000
75684  4.253  -11.299  22.393 0.0000000000
75685  3.921  -11.114  22.074 0.0000000000
74387  3.632  -11.852  21.688 0.0000000000
74386  3.915  -12.413  21.283 0.0000000000
79129  5.226  -9.801  43.268 0.0000000000
79137  5.224  -9.874  42.864 0.0000000000
80441  5.617  -9.415  43.168 0.0000000000
80454  6.083  -9.143  42.611 0.0000000000
80469  6.110  -9.029  42.110 0.0000000000
76659  11.317  -9.100  43.353 0.0000000000
76660  10.698  -9.317  43.547 0.0000000000
75326  9.640  -10.055  43.239 0.0000000000
76639  9.714  -9.148  44.422 0.0000000000
75307  9.432  -9.887  43.773 0.0000000000
73935  8.702  -11.091  43.401 0.0000000000
73903  7.391  -11.307  44.134 0.0000000000
75290  7.624  -10.121  44.414 0.0000000000
75295  7.206  -10.651  44.393 0.0000000000
76645  6.236  -10.490  44.439 0.0000000000
77929  5.452  -10.241  43.872 0.0000000000
79384  6.697  -8.400  29.490 0.0000000000
78005  6.228  -10.791  37.276 0.0000000000
78023  4.747  -11.065  36.180 0.0000000000
78037  5.033  -11.353  35.146 0.0000000000
68641  4.690  -15.342  43.140 0.0000000000
67240  4.181  -16.387  42.718 0.0000000000
70161  3.916  -16.036  37.725 0.0000000000
68743  3.892  -17.356  37.097 0.0000000000
68744  3.916  -17.007  37.231 0.0000000000
68759  4.021  -17.041  36.568 0.0000000000
67402  4.062  -17.623  33.338 0.0000000000
74219  4.555  -12.982  30.061 0.0000000000
71529  4.270  -13.543  29.995 0.0000000000
74248  4.820  -13.438  29.621 0.0000000000
71528  4.594  -14.183  29.481 0.0000000000
67492  3.956  -17.644  27.724 0.0000000000
68912  3.890  -16.577  25.530 0.0000000000
68932  3.794  -16.427  24.320 0.0000000000
68949  3.696  -16.270  23.252 0.0000000000
82014  3.701  -6.936  21.071 0.0000000000
79518  3.210  -8.710  20.488 0.0000000000
77080  3.421  -10.338  20.380 0.0000000000
78298  3.348  -9.470  20.405 0.0000000000
79515  5.385  -8.399  19.774 0.0000000000
61725  7.524  -20.432  35.722 0.0000000000
77939  3.795  -11.540  41.544 0.0000000000
80471  4.897  -10.100  41.744 0.0000000000
80485  4.876  -9.985  41.116 0.0000000000
80499  4.678  -10.027  40.682 0.0000000000
79169  4.598  -9.995  40.241 0.0000000000
79236  6.744  -10.308  38.198 0.0000000000
75388  12.649  -9.944  40.148 0.0000000000
75389  12.309  -10.141  40.701 0.0000000000
75413  11.808  -10.430  40.234 0.0000000000
73990  10.576  -11.156  39.857 0.0000000000
75343  11.220  -9.838  42.275 0.0000000000
73976  10.450  -10.543  40.679 0.0000000000
71343  6.703  -14.272  41.897 0.0000000000
72591  7.195  -12.543  43.367 0.0000000000
72577  6.621  -12.599  43.710 0.0000000000
72562  4.829  -12.714  43.463 0.0000000000
72578  4.486  -12.942  42.963 0.0000000000
73952  3.698  -12.874  42.034 0.0000000000
74105  3.156  -12.410  34.446 0.0000000000
74122  3.338  -12.482  33.411 0.0000000000
74137  3.382  -12.578  32.402 0.0000000000
74151  3.719  -12.751  31.687 0.0000000000
74169  4.069  -12.789  31.306 0.0000000000
74190  4.222  -12.864  30.784 0.0000000000
76897  5.159  -11.819  30.896 0.0000000000
75587  4.768  -12.561  30.222 0.0000000000
74218  5.289  -12.892  29.582 0.0000000000
74216  6.681  -12.212  28.377 0.0000000000
75584  6.886  -11.455  28.255 0.0000000000
74215  7.081  -11.892  27.950 0.0000000000
75603  7.615  -11.737  27.046 0.0000000000
75615  7.843  -11.454  26.378 0.0000000000
76973  7.830  -11.079  25.616 0.0000000000
84448  9.292  -6.691  42.773 0.0000000000
84452  9.674  -6.345  42.137 0.0000000000
85878  10.215  -5.743  41.705 0.0000000000
79168  13.838  -7.719  40.438 0.0000000000
84445  17.334  -3.746  41.519 0.0000000000
83081  15.635  -4.854  40.754 0.0000000000
83071  14.930  -5.292  41.646 0.0000000000
77956  13.718  -8.414  41.051 0.0000000000
77946  13.455  -8.542  42.044 0.0000000000
77937  12.515  -8.856  43.103 0.0000000000
81709  13.283  -5.935  44.499 0.0000000000
81710  12.699  -6.213  44.559 0.0000000000
80415  12.999  -6.542  44.334 0.0000000000
79123  12.478  -7.647  44.141 0.0000000000
77925  12.230  -8.017  44.035 0.0000000000
77933  11.705  -8.608  43.647 0.0000000000
77918  11.197  -8.000  44.470 0.0000000000
79108  10.761  -7.571  44.816 0.0000000000
79109  10.225  -7.854  44.679 0.0000000000
85831  10.562  -5.495  44.412 0.0000000000
84409  10.022  -6.030  44.564 0.0000000000
83012  9.802  -6.697  44.790 0.0000000000
84422  9.496  -6.359  43.980 0.0000000000
84432  9.378  -6.501  43.562 0.0000000000
64457  3.071  -19.444  39.754 0.0000000000
67315  3.700  -17.410  38.351 0.0000000000
68694  3.601  -16.808  40.892 0.0000000000
68729  3.764  -16.788  38.774 0.0000000000
76740  3.233  -11.685  38.722 0.0000000000
76811  3.669  -11.518  34.210 0.0000000000
76809  5.372  -11.430  34.248 0.0000000000
76845  5.986  -10.884  32.724 0.0000000000
84453  9.141  -6.877  42.542 0.0000000000
76739  13.382  -9.849  39.302 0.0000000000
75432  13.154  -10.344  38.610 0.0000000000
74005  12.326  -10.967  38.540 0.0000000000
67253  5.175  -17.012  42.277 0.0000000000
65905  3.829  -18.002  37.029 0.0000000000
65936  3.552  -19.307  35.595 0.0000000000
64480  3.222  -19.890  36.015 0.0000000000
61716  3.545  -21.593  36.474 0.0000000000
63071  6.647  -20.008  34.555 0.0000000000
71467  3.666  -14.661  33.124 0.0000000000
67401  3.977  -17.150  32.839 0.0000000000
70239  3.796  -15.920  30.799 0.0000000000
70231  3.834  -16.006  31.556 0.0000000000
68832  3.881  -16.788  31.849 0.0000000000
67415  3.867  -17.612  32.391 0.0000000000
67416  3.778  -18.050  32.869 0.0000000000
61761  4.173  -20.663  32.804 0.0000000000
63117  3.804  -19.826  31.727 0.0000000000
61760  4.584  -20.644  33.011 0.0000000000
61759  5.105  -20.626  33.294 0.0000000000
63084  7.178  -19.711  34.035 0.0000000000
64503  7.542  -19.366  33.389 0.0000000000
64523  7.353  -19.134  32.365 0.0000000000
64605  4.127  -19.363  28.201 0.0000000000
64604  4.627  -19.592  28.136 0.0000000000
64650  4.158  -18.740  26.442 0.0000000000
64626  4.863  -19.317  27.536 0.0000000000
63166  5.429  -19.599  28.467 0.0000000000
63165  5.916  -19.429  28.629 0.0000000000
80679  5.200  -6.618  29.420 0.0000000000
79386  4.688  -6.734  28.707 0.0000000000
79412  5.975  -8.500  27.461 0.0000000000
78175  6.049  -8.701  27.030 0.0000000000
78194  5.840  -8.670  26.263 0.0000000000
78193  6.523  -9.199  26.658 0.0000000000
78227  7.247  -9.786  25.111 0.0000000000
78242  7.012  -10.108  24.231 0.0000000000
80733  3.915  -6.811  25.115 0.0000000000
79459  4.948  -7.772  24.321 0.0000000000
79469  4.516  -7.398  23.759 0.0000000000
79458  5.599  -8.330  23.930 0.0000000000
79457  6.076  -9.015  23.735 0.0000000000
78243  6.358  -9.896  23.534 0.0000000000
77011  6.671  -11.066  23.847 0.0000000000
75666  6.012  -11.890  23.418 0.0000000000
74330  5.188  -12.757  23.629 0.0000000000
74331  4.662  -13.089  23.346 0.0000000000
74348  4.396  -12.417  22.657 0.0000000000
72904  4.450  -13.729  23.310 0.0000000000
71576  3.983  -14.564  23.106 0.0000000000
70297  3.775  -15.344  22.771 0.0000000000
68966  4.044  -16.050  22.213 0.0000000000
75724  3.679  -11.396  20.791 0.0000000000
74413  4.079  -11.965  20.698 0.0000000000
72923  4.130  -13.983  21.504 0.0000000000
70331  4.018  -15.251  21.600 0.0000000000
67574  4.544  -16.968  22.645 0.0000000000
61724  9.531  -21.199  35.730 0.0000000000
63056  8.804  -20.666  35.948 0.0000000000
63063  7.203  -20.186  35.244 0.0000000000
63069  8.827  -20.055  34.616 0.0000000000
63087  3.725  -20.590  33.312 0.0000000000
63185  5.214  -19.481  27.931 0.0000000000
63186  4.942  -19.628  28.142 0.0000000000
64488  7.626  -19.557  34.046 0.0000000000
64603  5.939  -19.311  28.216 0.0000000000
64693  4.728  -18.714  25.228 0.0000000000
65906  3.763  -18.141  37.254 0.0000000000
65914  3.846  -18.119  36.763 0.0000000000
65915  3.569  -18.629  36.943 0.0000000000
66137  4.641  -18.528  24.607 0.0000000000
66164  4.107  -17.695  23.722 0.0000000000
67332  3.867  -17.680  37.066 0.0000000000
67353  4.034  -17.395  36.136 0.0000000000
68758  3.923  -17.355  36.850 0.0000000000
68977  4.314  -15.599  21.700 0.0000000000
70330  4.588  -15.275  21.331 0.0000000000
71520  4.058  -13.684  30.323 0.0000000000
71607  4.449  -14.476  21.269 0.0000000000
72849  4.583  -13.527  29.781 0.0000000000
72850  4.342  -13.298  29.799 0.0000000000
72857  7.066  -12.987  26.929 0.0000000000
72858  6.761  -13.327  27.223 0.0000000000
72870  6.854  -13.197  26.418 0.0000000000
72881  6.523  -13.368  25.584 0.0000000000
72883  5.446  -14.205  25.353 0.0000000000
72892  6.114  -13.453  24.912 0.0000000000
72903  4.761  -13.491  23.787 0.0000000000
73902  7.812  -10.888  44.143 0.0000000000
73936  8.197  -11.315  43.552 0.0000000000
74189  4.347  -12.734  30.655 0.0000000000
74220  4.255  -13.026  30.344 0.0000000000
74243  7.554  -12.136  26.697 0.0000000000
74269  7.568  -12.209  25.994 0.0000000000
74288  7.417  -12.243  25.181 0.0000000000
74309  7.264  -12.121  24.702 0.0000000000
74311  5.822  -13.148  24.350 0.0000000000
74329  6.079  -12.495  24.006 0.0000000000
74349  4.064  -11.663  22.276 0.0000000000
75291  7.348  -10.232  44.458 0.0000000000
75292  8.837  -9.995  44.110 0.0000000000
75548  4.200  -12.322  31.282 0.0000000000
75568  4.000  -12.766  31.261 0.0000000000
75588  4.594  -12.399  30.435 0.0000000000
75616  7.856  -11.304  27.025 0.0000000000
75648  7.140  -11.787  24.357 0.0000000000
75665  6.551  -12.101  23.959 0.0000000000
75753  3.975  -11.369  20.357 0.0000000000
76635  8.476  -9.413  44.532 0.0000000000
76637  7.417  -9.868  44.582 0.0000000000
76638  7.022  -9.676  44.683 0.0000000000
76643  7.120  -10.310  44.509 0.0000000000
76644  6.891  -10.179  44.560 0.0000000000
76647  11.107  -8.748  43.829 0.0000000000
76649  10.268  -9.379  44.082 0.0000000000
76883  3.942  -12.271  31.789 0.0000000000
76899  4.268  -12.201  31.129 0.0000000000
76956  7.897  -10.859  26.167 0.0000000000
76992  7.718  -11.318  25.174 0.0000000000
76993  7.432  -10.881  24.825 0.0000000000
77041  3.380  -10.323  21.455 0.0000000000
77057  3.586  -10.828  20.457 0.0000000000
77912  9.736  -8.331  44.561 0.0000000000
77913  9.012  -8.780  44.557 0.0000000000
77915  7.874  -9.281  44.625 0.0000000000
77916  7.360  -9.382  44.565 0.0000000000
77917  11.567  -7.900  44.451 0.0000000000
77921  8.751  -9.619  44.406 0.0000000000
77924  5.987  -10.055  44.168 0.0000000000
77934  5.115  -10.108  43.542 0.0000000000
78071  3.958  -11.530  34.178 0.0000000000
78244  5.575  -9.974  23.111 0.0000000000
78258  4.595  -9.806  22.444 0.0000000000
78267  3.373  -8.596  21.336 0.0000000000
78279  3.144  -8.890  20.793 0.0000000000
78299  3.142  -9.045  20.531 0.0000000000
79110  9.568  -8.098  44.622 0.0000000000
79112  8.152  -8.540  44.776 0.0000000000
79115  12.213  -7.359  44.396 0.0000000000
79116  11.723  -7.587  44.533 0.0000000000
79117  11.054  -7.678  44.723 0.0000000000
79118  10.571  -7.825  44.669 0.0000000000
79119  6.749  -9.145  44.354 0.0000000000
79120  6.258  -9.425  44.084 0.0000000000
79122  12.972  -7.437  43.800 0.0000000000
79125  6.059  -9.352  43.834 0.0000000000
79126  5.711  -9.591  43.756 0.0000000000
79130  4.980  -10.129  42.894 0.0000000000
79135  13.608  -7.284  42.242 0.0000000000
79399  4.019  -6.778  27.886 0.0000000000
79415  3.954  -6.867  27.429 0.0000000000
79416  3.778  -6.537  27.491 0.0000000000
79431  3.985  -7.124  26.732 0.0000000000
79478  4.978  -9.429  22.632 0.0000000000
79488  3.620  -7.941  21.485 0.0000000000
79497  3.560  -7.909  20.549 0.0000000000
79498  3.428  -8.041  20.893 0.0000000000
79517  3.630  -8.250  20.183 0.0000000000
80408  10.814  -7.203  44.959 0.0000000000
80409  10.087  -7.466  44.794 0.0000000000
80410  9.441  -7.759  44.713 0.0000000000
80411  8.824  -8.063  44.646 0.0000000000
80412  8.202  -8.416  44.537 0.0000000000
80413  7.562  -8.569  44.277 0.0000000000
80414  6.991  -8.652  44.178 0.0000000000
80417  11.624  -7.096  44.684 0.0000000000
80419  7.383  -8.461  44.144 0.0000000000
80426  12.627  -7.071  44.352 0.0000000000
80427  6.717  -8.633  43.909 0.0000000000
80697  3.557  -6.367  27.891 0.0000000000
80709  3.243  -5.982  27.882 0.0000000000
80710  3.503  -6.177  27.501 0.0000000000
80750  3.868  -6.536  24.202 0.0000000000
80763  3.716  -7.651  21.853 0.0000000000
80766  3.726  -7.519  20.633 0.0000000000
80767  3.672  -7.453  21.062 0.0000000000
81701  12.549  -5.887  44.689 0.0000000000
81703  11.321  -6.512  44.974 0.0000000000
81705  9.935  -7.098  44.841 0.0000000000
81707  8.534  -7.648  44.552 0.0000000000
81711  12.074  -6.474  44.611 0.0000000000
81713  7.937  -8.094  43.931 0.0000000000
81958  3.207  -5.756  27.104 0.0000000000
81990  4.001  -6.661  23.776 0.0000000000
82013  3.779  -7.120  20.661 0.0000000000
82024  4.604  -6.766  19.917 0.0000000000
82025  3.899  -6.995  20.302 0.0000000000
82026  3.872  -6.663  20.695 0.0000000000
82035  4.369  -6.744  19.770 0.0000000000
82037  3.989  -6.604  20.602 0.0000000000
83008  12.392  -5.551  44.813 0.0000000000
83009  11.750  -5.853  44.793 0.0000000000
83010  11.124  -6.176  45.034 0.0000000000
83011  10.446  -6.471  45.100 0.0000000000
83013  9.172  -7.049  44.626 0.0000000000
83023  9.497  -6.649  44.516 0.0000000000
83025  8.402  -7.273  44.166 0.0000000000
83038  8.806  -6.844  43.956 0.0000000000
83040  8.031  -8.018  43.853 0.0000000000
83048  15.183  -4.243  42.710 0.0000000000
83074  7.904  -8.650  42.754 0.0000000000
83235  3.283  -5.493  26.585 0.0000000000
83306  3.598  -6.060  22.421 0.0000000000
83339  4.049  -6.092  20.961 0.0000000000
83356  4.254  -6.185  20.407 0.0000000000
83357  4.018  -6.258  20.672 0.0000000000
83358  3.921  -6.450  20.797 0.0000000000
84396  11.566  -5.525  44.768 0.0000000000
84398  10.376  -6.156  44.970 0.0000000000
84408  10.664  -5.799  44.700 0.0000000000
84410  9.553  -6.403  44.321 0.0000000000
84421  9.837  -5.957  44.184 0.0000000000
84439  9.990  -5.965  42.805 0.0000000000
84440  9.434  -6.585  42.946 0.0000000000
84588  2.922  -4.551  28.740 0.0000000000
84641  3.361  -4.723  25.684 0.0000000000
84795  4.443  -5.721  20.939 0.0000000000
84796  4.071  -5.926  21.113 0.0000000000
84816  4.187  -6.009  20.830 0.0000000000
84817  3.909  -5.923  20.923 0.0000000000
85817  11.898  -4.657  44.614 0.0000000000
85830  11.124  -5.234  44.405 0.0000000000
85846  10.837  -5.170  44.130 0.0000000000
85847  10.315  -5.404  44.049 0.0000000000
85857  10.232  -5.479  43.533 0.0000000000
85858  9.838  -5.965  43.537 0.0000000000
85862  10.795  -4.975  42.774 0.0000000000
87202  11.296  -4.724  43.917 0.0000000000
87203  10.952  -5.031  43.857 0.0000000000
87216  10.743  -5.159  43.520 0.0000000000
