#!ascii label  , from subject 198451 vox2ras=TkReg
867
67244  26.061  -17.309  43.321 0.0000000000
87453  45.917  -2.568  26.304 0.0000000000
88795  54.791  -1.703  24.577 0.0000000000
85915  43.168  -4.099  34.539 0.0000000000
75419  31.882  -11.569  39.515 0.0000000000
72597  29.939  -13.071  42.581 0.0000000000
87449  51.706  -2.717  26.687 0.0000000000
85962  50.670  -3.245  29.132 0.0000000000
81786  41.314  -6.780  37.971 0.0000000000
75370  37.676  -11.930  40.279 0.0000000000
103465  55.019  10.936  18.588 0.0000000000
96049  52.454  4.515  23.123 0.0000000000
87340  39.223  -3.271  33.091 0.0000000000
91199  45.451  -0.657  32.767 0.0000000000
76669  28.835  -12.207  42.843 0.0000000000
70053  28.095  -15.221  42.371 0.0000000000
88787  48.733  -2.260  26.323 0.0000000000
87411  51.778  -2.783  28.362 0.0000000000
90051  49.137  -1.054  28.891 0.0000000000
75462  42.446  -11.952  36.750 0.0000000000
73939  33.662  -12.040  41.686 0.0000000000
77965  34.455  -11.062  40.063 0.0000000000
72629  36.249  -13.211  40.795 0.0000000000
104704  53.309  11.031  19.698 0.0000000000
102182  54.069  9.486  20.390 0.0000000000
102140  53.278  8.868  21.838 0.0000000000
90122  52.935  -0.052  23.747 0.0000000000
93740  51.410  2.959  21.843 0.0000000000
92526  54.257  1.290  24.494 0.0000000000
94902  55.359  2.880  23.030 0.0000000000
88824  54.002  -0.980  21.885 0.0000000000
83105  41.720  -5.759  36.983 0.0000000000
84476  40.162  -4.900  36.284 0.0000000000
87277  42.017  -2.946  35.827 0.0000000000
88617  41.973  -1.849  33.498 0.0000000000
87310  44.693  -2.527  34.559 0.0000000000
87352  46.755  -2.609  32.405 0.0000000000
83143  46.212  -5.306  34.012 0.0000000000
76666  30.955  -11.545  42.254 0.0000000000
88806  51.000  -1.960  23.255 0.0000000000
87472  53.975  -2.166  25.686 0.0000000000
84590  52.934  -4.257  27.103 0.0000000000
84592  50.865  -4.423  27.358 0.0000000000
76728  40.350  -10.818  38.933 0.0000000000
77970  41.890  -9.073  38.582 0.0000000000
79241  42.356  -8.708  36.697 0.0000000000
81833  41.913  -6.865  34.260 0.0000000000
80592  44.832  -7.422  33.430 0.0000000000
77974  38.391  -11.386  38.843 0.0000000000
73980  39.331  -12.262  39.720 0.0000000000
102235  54.843  9.665  16.983 0.0000000000
99666  52.034  7.366  20.530 0.0000000000
97160  53.191  5.537  22.551 0.0000000000
94929  55.710  3.426  20.791 0.0000000000
90032  45.980  -1.173  29.692 0.0000000000
91212  48.347  -0.848  31.161 0.0000000000
85965  47.945  -2.769  29.962 0.0000000000
65814  26.803  -17.917  43.371 0.0000000000
68646  27.064  -16.366  42.826 0.0000000000
65813  27.553  -17.820  42.979 0.0000000000
88774  47.289  -2.142  26.607 0.0000000000
88756  49.238  -1.664  27.964 0.0000000000
90074  47.042  -1.657  28.014 0.0000000000
73955  35.004  -12.268  41.074 0.0000000000
103467  52.389  10.626  19.075 0.0000000000
103433  53.116  10.338  20.485 0.0000000000
102184  52.531  9.514  20.130 0.0000000000
90096  54.098  -0.717  25.089 0.0000000000
91337  53.291  0.673  24.227 0.0000000000
90108  54.759  -0.571  24.561 0.0000000000
90121  55.303  -0.166  23.555 0.0000000000
84484  41.801  -4.799  35.490 0.0000000000
85882  41.676  -4.215  36.340 0.0000000000
87293  42.533  -3.486  35.193 0.0000000000
88539  42.947  -2.625  35.273 0.0000000000
85914  44.004  -3.825  34.509 0.0000000000
84496  45.570  -3.977  34.589 0.0000000000
84497  44.836  -4.383  34.443 0.0000000000
76667  30.520  -11.835  42.583 0.0000000000
73925  30.802  -12.498  42.973 0.0000000000
73941  32.016  -12.227  42.273 0.0000000000
87503  50.343  -2.520  25.048 0.0000000000
87540  50.467  -2.240  23.309 0.0000000000
87502  51.506  -2.389  24.906 0.0000000000
87500  53.011  -1.824  24.948 0.0000000000
87473  53.198  -2.260  25.513 0.0000000000
86024  53.810  -3.372  26.250 0.0000000000
87426  53.039  -3.113  27.297 0.0000000000
85976  51.772  -3.248  28.827 0.0000000000
84575  51.740  -4.222  28.147 0.0000000000
84561  51.314  -3.894  28.541 0.0000000000
84593  49.722  -4.289  27.319 0.0000000000
85996  49.917  -3.832  28.385 0.0000000000
75416  41.045  -11.417  39.040 0.0000000000
76727  40.831  -10.676  38.886 0.0000000000
75415  41.635  -11.223  38.740 0.0000000000
77994  42.511  -9.529  37.413 0.0000000000
80548  42.124  -7.713  35.924 0.0000000000
77951  35.649  -11.158  40.383 0.0000000000
77963  36.102  -10.937  39.724 0.0000000000
76715  37.920  -11.562  39.767 0.0000000000
76714  38.550  -11.578  39.578 0.0000000000
73968  38.106  -12.313  40.224 0.0000000000
105938  54.996  11.507  17.467 0.0000000000
102223  55.205  10.188  17.580 0.0000000000
99664  53.996  7.625  21.256 0.0000000000
94921  51.736  3.628  22.037 0.0000000000
96067  51.024  4.459  20.297 0.0000000000
97168  51.742  5.523  21.396 0.0000000000
98386  51.455  6.376  19.913 0.0000000000
98345  52.140  6.392  21.672 0.0000000000
99625  52.743  7.381  22.059 0.0000000000
97150  52.853  4.941  22.996 0.0000000000
92558  55.361  1.592  21.848 0.0000000000
94911  55.874  3.111  22.090 0.0000000000
80518  40.890  -7.622  37.708 0.0000000000
81802  40.504  -6.699  37.226 0.0000000000
85917  39.913  -4.046  34.587 0.0000000000
84501  39.652  -4.702  34.449 0.0000000000
89920  43.575  -1.454  33.266 0.0000000000
88671  42.962  -2.596  31.948 0.0000000000
88670  43.963  -1.891  31.985 0.0000000000
88701  44.813  -1.823  30.368 0.0000000000
91249  45.671  -0.836  31.391 0.0000000000
91246  47.496  -0.388  30.691 0.0000000000
92390  46.885  -0.445  32.096 0.0000000000
85941  46.596  -3.233  32.301 0.0000000000
87366  47.546  -2.237  31.167 0.0000000000
85966  47.047  -2.920  30.624 0.0000000000
85999  47.673  -3.469  29.030 0.0000000000
72564  29.013  -12.934  43.224 0.0000000000
71298  29.202  -13.569  42.798 0.0000000000
70068  28.839  -15.124  41.949 0.0000000000
68661  28.039  -16.220  42.273 0.0000000000
87476  50.157  -2.387  26.184 0.0000000000
87427  52.258  -2.858  27.473 0.0000000000
87429  50.647  -2.474  27.455 0.0000000000
88738  50.856  -2.219  28.508 0.0000000000
88698  50.993  -2.225  29.453 0.0000000000
76699  32.502  -10.923  40.809 0.0000000000
76716  33.334  -11.167  39.961 0.0000000000
77942  34.354  -11.202  40.867 0.0000000000
75349  35.612  -11.908  40.844 0.0000000000
73970  36.465  -12.542  40.787 0.0000000000
72627  37.864  -12.888  40.314 0.0000000000
71346  36.817  -13.704  40.464 0.0000000000
104715  54.531  11.382  19.029 0.0000000000
103456  54.263  10.333  19.968 0.0000000000
104684  54.030  10.766  20.296 0.0000000000
102162  53.971  9.388  21.184 0.0000000000
99640  53.904  7.542  21.819 0.0000000000
91376  51.795  0.537  22.647 0.0000000000
92549  51.956  1.555  22.887 0.0000000000
93723  52.208  2.493  23.200 0.0000000000
94905  53.152  3.356  23.776 0.0000000000
94904  54.006  3.383  23.693 0.0000000000
93713  54.621  2.142  24.017 0.0000000000
91375  55.201  0.254  22.596 0.0000000000
83095  41.388  -5.946  37.783 0.0000000000
83106  40.598  -5.840  37.440 0.0000000000
84468  41.256  -4.897  37.265 0.0000000000
87279  40.804  -3.619  36.074 0.0000000000
87314  40.254  -3.069  34.769 0.0000000000
88619  40.483  -2.491  33.517 0.0000000000
89872  41.847  -1.964  34.836 0.0000000000
89870  43.485  -1.552  34.571 0.0000000000
89867  45.351  -1.389  33.881 0.0000000000
88616  46.717  -1.686  32.958 0.0000000000
85911  45.935  -2.718  33.988 0.0000000000
84523  46.399  -3.931  33.468 0.0000000000
84534  45.883  -4.868  32.580 0.0000000000
76703  29.455  -11.939  41.749 0.0000000000
75373  30.174  -11.811  41.004 0.0000000000
76700  31.767  -11.140  41.140 0.0000000000
76664  32.691  -11.590  41.810 0.0000000000
72594  32.771  -12.403  41.895 0.0000000000
88804  52.595  -0.824  23.552 0.0000000000
88783  53.689  -1.296  25.194 0.0000000000
87471  54.437  -2.394  25.403 0.0000000000
86040  53.984  -3.493  25.583 0.0000000000
84625  52.917  -4.017  25.370 0.0000000000
84626  52.170  -4.316  25.484 0.0000000000
85993  53.042  -3.479  27.778 0.0000000000
84591  51.941  -4.423  27.267 0.0000000000
77973  39.587  -11.089  38.518 0.0000000000
77972  40.585  -10.168  38.544 0.0000000000
79174  41.232  -8.673  38.507 0.0000000000
79173  41.695  -8.496  38.660 0.0000000000
76742  42.232  -10.412  38.209 0.0000000000
79193  42.247  -8.456  38.359 0.0000000000
80517  42.152  -7.633  37.777 0.0000000000
81801  42.006  -6.688  37.006 0.0000000000
83119  41.763  -5.835  35.419 0.0000000000
84500  42.004  -5.093  34.669 0.0000000000
83145  44.072  -5.853  33.700 0.0000000000
81867  42.953  -6.772  33.388 0.0000000000
77960  38.973  -11.274  39.112 0.0000000000
75394  39.917  -11.591  39.448 0.0000000000
73994  40.463  -12.189  39.214 0.0000000000
72644  38.373  -13.320  40.065 0.0000000000
71363  39.588  -13.472  39.356 0.0000000000
102248  56.033  9.649  15.949 0.0000000000
100952  51.953  8.562  19.423 0.0000000000
100912  52.616  8.201  21.594 0.0000000000
99624  53.225  7.505  22.270 0.0000000000
97159  53.691  5.330  21.711 0.0000000000
94913  54.697  3.615  22.479 0.0000000000
94920  55.152  3.506  21.471 0.0000000000
96064  55.991  4.261  20.779 0.0000000000
83120  39.846  -5.968  35.759 0.0000000000
88744  44.004  -2.477  28.792 0.0000000000
88742  45.604  -2.022  28.322 0.0000000000
90053  47.734  -0.919  28.900 0.0000000000
91244  48.932  -0.527  30.049 0.0000000000
88667  49.666  -1.974  30.020 0.0000000000
88638  47.520  -1.676  32.035 0.0000000000
88700  48.832  -2.257  30.202 0.0000000000
85963  49.766  -3.034  29.382 0.0000000000
85998  48.390  -3.492  28.685 0.0000000000
80569  46.030  -6.752  33.827 0.0000000000
83174  45.826  -5.930  32.636 0.0000000000
67243  26.646  -17.157  43.260 0.0000000000
65800  26.208  -18.222  43.599 0.0000000000
65816  25.884  -17.796  43.516 0.0000000000
88775  46.524  -2.277  26.757 0.0000000000
88758  47.522  -1.767  27.445 0.0000000000
88759  46.806  -2.059  27.421 0.0000000000
103457  52.633  10.484  19.615 0.0000000000
102206  52.360  10.002  19.562 0.0000000000
91317  54.277  -0.267  24.842 0.0000000000
88794  55.012  -0.892  23.940 0.0000000000
88803  54.918  -1.636  23.604 0.0000000000
85916  42.368  -4.349  34.796 0.0000000000
85900  42.206  -4.038  35.218 0.0000000000
87313  42.669  -3.828  34.886 0.0000000000
87312  43.234  -3.465  34.794 0.0000000000
84498  43.931  -4.726  34.182 0.0000000000
72581  29.656  -12.926  42.988 0.0000000000
73926  30.102  -12.573  43.170 0.0000000000
72580  30.369  -12.681  43.037 0.0000000000
72614  30.096  -13.499  41.918 0.0000000000
87475  51.097  -2.495  25.886 0.0000000000
87474  52.151  -2.596  25.690 0.0000000000
87448  52.717  -2.819  26.545 0.0000000000
85961  51.277  -3.044  29.188 0.0000000000
85995  51.822  -3.795  28.688 0.0000000000
85977  51.222  -3.556  28.898 0.0000000000
84576  50.559  -4.019  28.169 0.0000000000
85978  50.230  -3.548  28.773 0.0000000000
75437  41.506  -11.746  38.713 0.0000000000
76697  36.329  -11.509  40.432 0.0000000000
77950  36.596  -11.192  40.029 0.0000000000
77949  37.138  -11.356  39.769 0.0000000000
76696  37.300  -11.542  40.064 0.0000000000
76695  37.983  -11.686  39.973 0.0000000000
104714  55.021  11.181  18.508 0.0000000000
104729  55.294  11.266  17.766 0.0000000000
103477  55.137  10.810  18.141 0.0000000000
103492  55.693  10.747  17.033 0.0000000000
96050  52.067  4.597  22.503 0.0000000000
96056  51.698  4.653  21.801 0.0000000000
97162  52.094  5.539  22.078 0.0000000000
97161  52.548  5.490  22.625 0.0000000000
92560  53.986  0.872  21.133 0.0000000000
93738  54.778  1.993  21.097 0.0000000000
80502  41.148  -7.671  38.164 0.0000000000
81787  40.981  -6.763  37.664 0.0000000000
87341  38.926  -3.523  32.825 0.0000000000
85934  38.874  -3.841  32.651 0.0000000000
91200  44.736  -1.004  33.070 0.0000000000
89947  44.150  -1.432  32.593 0.0000000000
91216  44.924  -1.006  32.475 0.0000000000
89973  44.865  -1.230  32.053 0.0000000000
91215  45.604  -0.622  32.146 0.0000000000
92403  46.117  -0.398  31.882 0.0000000000
92379  46.184  -0.458  32.490 0.0000000000
85952  46.253  -3.805  32.039 0.0000000000
85951  46.651  -3.015  31.519 0.0000000000
85967  46.196  -3.452  31.157 0.0000000000
85982  46.424  -3.397  30.339 0.0000000000
71300  28.047  -14.407  42.821 0.0000000000
72565  28.390  -13.505  43.076 0.0000000000
72583  28.536  -13.816  42.857 0.0000000000
72582  28.961  -13.449  42.972 0.0000000000
71299  28.672  -14.075  42.570 0.0000000000
71316  28.681  -14.753  42.299 0.0000000000
87479  47.453  -2.498  25.574 0.0000000000
87505  48.164  -2.684  24.646 0.0000000000
87478  48.482  -2.452  25.526 0.0000000000
87477  49.401  -2.474  25.732 0.0000000000
88785  49.914  -2.295  26.614 0.0000000000
87450  50.659  -2.448  26.871 0.0000000000
88771  49.868  -2.257  27.125 0.0000000000
88740  49.294  -1.329  28.488 0.0000000000
88739  49.801  -1.592  28.587 0.0000000000
88720  50.923  -2.172  28.924 0.0000000000
88721  50.192  -1.670  28.990 0.0000000000
76681  33.197  -11.206  41.530 0.0000000000
77943  33.554  -11.044  41.064 0.0000000000
76680  33.965  -11.359  41.348 0.0000000000
72608  35.630  -12.740  41.011 0.0000000000
73954  35.799  -12.313  40.924 0.0000000000
75372  36.188  -12.098  40.783 0.0000000000
72628  37.062  -13.056  40.515 0.0000000000
104717  52.812  11.031  18.769 0.0000000000
104716  53.811  11.506  18.921 0.0000000000
105932  54.284  11.632  18.431 0.0000000000
104703  53.998  11.248  19.763 0.0000000000
104702  54.323  10.882  19.753 0.0000000000
103407  53.429  9.982  21.095 0.0000000000
103406  53.819  9.961  21.131 0.0000000000
102163  53.557  9.435  21.421 0.0000000000
100911  53.964  8.308  21.536 0.0000000000
102139  53.712  8.801  21.756 0.0000000000
91356  52.431  0.738  23.230 0.0000000000
92527  53.605  1.419  24.434 0.0000000000
92539  53.063  1.590  23.979 0.0000000000
93715  53.368  2.327  24.139 0.0000000000
93722  52.765  2.446  23.738 0.0000000000
94897  53.741  2.848  24.142 0.0000000000
93714  53.970  2.187  24.440 0.0000000000
88811  54.976  -0.756  22.787 0.0000000000
91374  55.437  0.576  23.017 0.0000000000
90140  54.907  -0.378  22.477 0.0000000000
91394  54.887  0.486  22.066 0.0000000000
90162  54.394  -0.428  22.006 0.0000000000
84460  41.405  -5.350  37.631 0.0000000000
84467  41.516  -5.035  37.063 0.0000000000
87263  41.704  -3.548  36.076 0.0000000000
87264  41.361  -3.612  36.361 0.0000000000
88524  41.316  -3.179  36.170 0.0000000000
87295  40.593  -3.382  35.531 0.0000000000
88561  40.781  -2.736  35.406 0.0000000000
88577  40.982  -2.444  35.059 0.0000000000
88576  41.488  -2.299  35.213 0.0000000000
87291  43.927  -2.443  34.824 0.0000000000
88558  43.443  -2.182  35.139 0.0000000000
88557  44.035  -2.019  34.741 0.0000000000
89869  44.085  -1.344  34.459 0.0000000000
88575  44.986  -1.826  34.251 0.0000000000
87308  45.901  -2.098  33.834 0.0000000000
87309  45.485  -2.307  34.223 0.0000000000
84511  46.073  -4.368  34.116 0.0000000000
84510  46.325  -3.814  33.699 0.0000000000
84524  46.278  -4.518  33.437 0.0000000000
85942  46.417  -4.000  32.817 0.0000000000
76687  28.446  -12.116  42.378 0.0000000000
75375  28.629  -12.100  41.333 0.0000000000
76686  28.983  -11.982  42.117 0.0000000000
76702  30.103  -11.714  41.643 0.0000000000
76684  30.678  -11.593  42.091 0.0000000000
76701  30.879  -11.458  41.311 0.0000000000
76683  31.458  -11.452  41.822 0.0000000000
76665  31.706  -11.390  42.037 0.0000000000
88814  51.175  -1.117  22.562 0.0000000000
88805  51.819  -1.463  23.325 0.0000000000
88784  53.277  -1.673  25.028 0.0000000000
86039  54.367  -3.057  25.227 0.0000000000
86023  54.213  -3.032  25.759 0.0000000000
84589  53.484  -3.957  26.601 0.0000000000
84607  53.521  -3.865  25.919 0.0000000000
84608  52.927  -4.221  26.182 0.0000000000
87410  52.622  -3.161  27.920 0.0000000000
84574  52.550  -4.216  27.826 0.0000000000
84610  51.050  -4.497  26.465 0.0000000000
77959  39.791  -11.027  38.872 0.0000000000
77971  41.344  -9.536  38.667 0.0000000000
75435  42.356  -11.135  37.996 0.0000000000
76752  42.510  -10.898  37.403 0.0000000000
79216  42.440  -8.537  37.658 0.0000000000
80532  42.246  -7.638  36.950 0.0000000000
80561  41.894  -7.772  34.825 0.0000000000
81814  41.874  -6.731  36.188 0.0000000000
81824  41.789  -6.796  35.198 0.0000000000
83131  41.906  -5.986  34.539 0.0000000000
83147  42.347  -6.179  33.898 0.0000000000
81849  42.407  -6.880  33.614 0.0000000000
77966  33.736  -11.113  40.300 0.0000000000
76733  33.604  -11.459  39.313 0.0000000000
77979  34.027  -11.245  39.712 0.0000000000
77975  37.323  -11.321  38.878 0.0000000000
76731  37.439  -11.304  38.549 0.0000000000
75395  39.102  -11.745  39.690 0.0000000000
73979  40.013  -12.071  39.482 0.0000000000
72642  39.854  -12.682  39.498 0.0000000000
71378  40.056  -13.969  38.887 0.0000000000
102234  55.576  10.027  16.683 0.0000000000
100985  55.225  9.389  16.208 0.0000000000
100986  54.418  9.159  16.443 0.0000000000
93741  50.944  2.440  21.449 0.0000000000
93752  50.355  2.462  20.259 0.0000000000
98395  51.402  7.030  19.070 0.0000000000
99684  51.777  7.621  19.706 0.0000000000
99692  51.549  7.903  18.991 0.0000000000
100931  52.134  8.452  20.250 0.0000000000
100930  52.536  8.722  20.862 0.0000000000
100913  52.280  8.046  20.984 0.0000000000
98343  52.952  6.531  22.293 0.0000000000
98342  53.526  6.691  22.108 0.0000000000
94903  54.841  2.959  23.392 0.0000000000
96040  53.594  4.089  23.077 0.0000000000
93737  55.523  2.643  21.337 0.0000000000
96053  55.386  3.632  21.035 0.0000000000
96054  54.684  3.960  20.884 0.0000000000
84470  40.430  -4.990  36.964 0.0000000000
83107  40.254  -5.716  36.879 0.0000000000
83114  39.806  -5.270  35.707 0.0000000000
88618  41.447  -2.034  33.768 0.0000000000
90033  45.240  -1.632  29.977 0.0000000000
88724  44.636  -2.145  29.628 0.0000000000
88723  45.349  -1.697  29.148 0.0000000000
88743  44.773  -2.113  28.555 0.0000000000
90055  46.020  -1.543  28.810 0.0000000000
90054  46.804  -1.188  28.752 0.0000000000
90031  47.050  -0.740  29.867 0.0000000000
91228  47.777  -0.421  31.225 0.0000000000
91245  48.224  -0.405  30.471 0.0000000000
91211  49.114  -1.023  30.644 0.0000000000
89970  49.729  -1.361  30.145 0.0000000000
88637  49.276  -1.717  30.402 0.0000000000
88615  47.198  -1.646  32.510 0.0000000000
87338  47.050  -2.034  32.495 0.0000000000
87386  47.780  -2.527  30.620 0.0000000000
87365  48.258  -2.194  30.649 0.0000000000
87385  48.507  -2.489  30.123 0.0000000000
87384  49.277  -2.549  29.788 0.0000000000
85964  48.833  -2.762  29.539 0.0000000000
85979  49.151  -3.225  29.010 0.0000000000
85980  48.199  -3.039  29.246 0.0000000000
84579  47.431  -3.848  28.395 0.0000000000
81848  44.775  -6.531  33.790 0.0000000000
83144  44.817  -5.975  33.967 0.0000000000
80591  45.607  -7.465  33.664 0.0000000000
71301  27.458  -14.931  42.773 0.0000000000
70054  27.486  -15.448  42.533 0.0000000000
68645  27.560  -16.271  42.512 0.0000000000
67242  27.202  -17.135  42.910 0.0000000000
88788  48.003  -2.283  26.184 0.0000000000
88772  48.945  -2.060  27.099 0.0000000000
88773  48.118  -2.035  26.892 0.0000000000
88757  48.304  -1.631  27.639 0.0000000000
90072  48.397  -1.201  28.332 0.0000000000
73956  34.158  -12.361  41.457 0.0000000000
73938  34.377  -11.990  41.454 0.0000000000
72609  34.718  -12.755  41.147 0.0000000000
102164  52.991  9.304  21.132 0.0000000000
90109  53.777  -0.492  24.943 0.0000000000
91336  53.882  0.326  24.729 0.0000000000
91335  54.574  0.396  24.561 0.0000000000
92525  54.913  1.156  24.085 0.0000000000
90107  55.096  -0.330  24.042 0.0000000000
88802  55.110  -0.898  23.221 0.0000000000
84475  41.687  -4.896  36.350 0.0000000000
85892  41.883  -3.976  35.697 0.0000000000
87262  41.843  -3.708  35.906 0.0000000000
87276  42.323  -3.133  35.512 0.0000000000
88540  42.384  -2.599  35.489 0.0000000000
87275  42.822  -2.833  35.322 0.0000000000
87311  43.977  -3.063  34.729 0.0000000000
85912  45.466  -3.070  34.444 0.0000000000
85913  44.790  -3.461  34.585 0.0000000000
83128  45.602  -4.977  34.326 0.0000000000
76668  29.794  -12.167  42.593 0.0000000000
75314  29.905  -12.715  42.983 0.0000000000
76655  30.393  -12.162  42.734 0.0000000000
75313  30.901  -12.220  42.863 0.0000000000
75312  31.262  -11.718  42.851 0.0000000000
73942  31.594  -12.693  42.801 0.0000000000
87523  48.903  -2.674  23.778 0.0000000000
87522  49.952  -2.568  23.955 0.0000000000
87521  51.024  -2.254  23.963 0.0000000000
87520  51.863  -2.046  24.189 0.0000000000
88798  52.314  -1.740  24.153 0.0000000000
87501  52.473  -2.078  24.799 0.0000000000
87446  54.110  -2.770  25.998 0.0000000000
87447  53.561  -2.875  26.418 0.0000000000
86011  53.417  -3.585  27.130 0.0000000000
85994  52.469  -3.634  28.329 0.0000000000
84577  49.462  -4.020  27.986 0.0000000000
76712  40.271  -11.087  39.194 0.0000000000
76726  41.704  -10.375  38.658 0.0000000000
78011  42.571  -10.599  37.043 0.0000000000
79262  42.088  -8.818  35.513 0.0000000000
77978  34.773  -11.083  39.303 0.0000000000
77964  35.249  -10.919  39.886 0.0000000000
77977  35.649  -10.899  39.212 0.0000000000
77976  36.463  -10.979  39.087 0.0000000000
77962  36.890  -11.205  39.506 0.0000000000
77961  37.797  -11.494  39.433 0.0000000000
75369  38.367  -11.878  39.990 0.0000000000
73967  38.707  -12.158  39.968 0.0000000000
100928  54.012  8.602  20.941 0.0000000000
94931  51.145  3.491  20.805 0.0000000000
94930  51.505  3.922  21.438 0.0000000000
96066  51.462  4.578  21.049 0.0000000000
97180  51.068  5.271  19.823 0.0000000000
97179  51.418  5.445  20.589 0.0000000000
98366  51.897  6.397  20.917 0.0000000000
99641  52.472  7.519  21.790 0.0000000000
98344  52.468  6.431  22.164 0.0000000000
92548  55.836  1.778  22.545 0.0000000000
94912  55.574  3.249  22.457 0.0000000000
92557  55.913  2.154  22.001 0.0000000000
79194  40.955  -8.705  38.107 0.0000000000
84485  40.062  -4.587  35.702 0.0000000000
84486  39.842  -4.754  35.294 0.0000000000
84515  39.395  -4.564  33.396 0.0000000000
89921  43.003  -1.608  33.556 0.0000000000
88641  42.289  -2.101  33.057 0.0000000000
89948  43.178  -1.741  33.102 0.0000000000
88640  43.417  -1.923  32.563 0.0000000000
88702  44.074  -2.309  30.820 0.0000000000
90003  44.508  -1.760  31.447 0.0000000000
90002  45.253  -1.306  31.007 0.0000000000
91248  46.038  -0.628  31.073 0.0000000000
90000  46.713  -0.623  30.332 0.0000000000
91230  46.398  -0.346  31.355 0.0000000000
92401  47.175  -0.362  31.640 0.0000000000
91213  47.521  -0.664  31.921 0.0000000000
87367  46.989  -2.599  31.736 0.0000000000
87387  47.208  -2.622  31.134 0.0000000000
85981  47.208  -3.238  29.684 0.0000000000
75333  28.515  -12.277  43.027 0.0000000000
75301  28.631  -12.657  43.325 0.0000000000
75300  29.207  -12.544  43.593 0.0000000000
72563  29.327  -12.755  43.417 0.0000000000
71315  29.355  -13.877  42.453 0.0000000000
68660  28.401  -16.155  41.988 0.0000000000
67241  27.718  -17.076  42.486 0.0000000000
87504  49.206  -2.649  24.776 0.0000000000
87428  51.227  -2.579  27.662 0.0000000000
87412  51.245  -2.485  28.206 0.0000000000
88755  50.339  -2.284  27.889 0.0000000000
88754  50.939  -2.409  28.105 0.0000000000
88737  51.322  -2.431  28.731 0.0000000000
87399  51.456  -2.675  28.957 0.0000000000
87382  51.191  -2.568  29.347 0.0000000000
74010  41.537  -12.430  38.420 0.0000000000
76718  31.981  -11.163  40.345 0.0000000000
76735  32.362  -11.251  39.817 0.0000000000
77967  33.114  -10.875  40.508 0.0000000000
77954  33.462  -10.981  40.711 0.0000000000
77953  34.068  -11.058  40.598 0.0000000000
75351  34.373  -11.577  41.288 0.0000000000
76679  34.660  -11.406  41.021 0.0000000000
77941  35.069  -11.150  40.757 0.0000000000
76698  35.807  -11.436  40.547 0.0000000000
75371  36.806  -11.951  40.560 0.0000000000
73969  37.331  -12.442  40.453 0.0000000000
71366  37.363  -14.200  40.146 0.0000000000
105931  54.785  11.490  18.188 0.0000000000
103466  54.704  10.688  19.012 0.0000000000
104683  54.196  10.576  20.206 0.0000000000
103431  54.027  10.139  20.655 0.0000000000
103432  53.693  10.407  20.720 0.0000000000
103405  54.029  9.868  21.034 0.0000000000
98365  53.988  6.581  21.501 0.0000000000
92561  50.619  1.155  21.628 0.0000000000
93731  51.071  1.881  21.967 0.0000000000
93730  51.588  2.492  22.341 0.0000000000
91355  52.855  0.938  23.742 0.0000000000
92540  52.512  1.641  23.500 0.0000000000
94915  52.150  3.554  22.935 0.0000000000
94914  52.582  3.825  23.465 0.0000000000
96041  52.956  4.286  23.333 0.0000000000
93721  55.004  2.309  23.564 0.0000000000
92524  55.177  0.893  23.909 0.0000000000
92537  55.350  1.166  23.504 0.0000000000
91393  55.483  0.890  22.392 0.0000000000
91395  54.180  0.320  21.571 0.0000000000
83096  41.033  -5.976  37.729 0.0000000000
84469  40.869  -5.089  37.359 0.0000000000
85883  41.424  -4.261  36.674 0.0000000000
85884  41.069  -4.283  36.757 0.0000000000
85894  40.495  -4.179  36.332 0.0000000000
87296  40.284  -3.651  35.205 0.0000000000
87315  40.063  -3.585  34.790 0.0000000000
87328  39.807  -3.198  34.114 0.0000000000
88620  39.745  -2.768  33.364 0.0000000000
88599  40.095  -2.673  33.943 0.0000000000
88597  41.110  -2.278  34.521 0.0000000000
89923  41.968  -1.748  33.966 0.0000000000
89824  42.785  -2.170  35.303 0.0000000000
89871  42.826  -1.596  34.579 0.0000000000
89897  42.864  -1.563  34.014 0.0000000000
91171  43.756  -1.277  34.275 0.0000000000
91169  44.637  -1.103  33.795 0.0000000000
91183  45.063  -1.024  33.454 0.0000000000
89893  46.229  -1.078  33.246 0.0000000000
88596  45.792  -1.394  33.633 0.0000000000
87326  46.251  -2.297  33.489 0.0000000000
87339  46.583  -2.509  33.011 0.0000000000
84495  46.005  -3.506  34.148 0.0000000000
85924  46.342  -3.048  33.625 0.0000000000
85931  46.544  -3.411  33.109 0.0000000000
75420  30.984  -11.841  39.420 0.0000000000
76685  29.959  -11.643  41.988 0.0000000000
75397  30.645  -11.727  40.361 0.0000000000
76719  31.324  -11.323  40.683 0.0000000000
75396  31.360  -11.480  40.084 0.0000000000
76682  32.437  -11.181  41.465 0.0000000000
75331  33.122  -11.811  41.804 0.0000000000
75332  32.166  -11.938  42.241 0.0000000000
73940  32.824  -12.084  41.910 0.0000000000
72593  33.398  -12.387  41.656 0.0000000000
90123  52.323  -0.310  23.022 0.0000000000
88797  52.984  -1.251  24.366 0.0000000000
88796  53.522  -0.823  24.779 0.0000000000
88782  54.365  -1.361  25.142 0.0000000000
87499  54.550  -2.563  24.783 0.0000000000
86087  54.385  -2.743  24.430 0.0000000000
86062  54.293  -2.999  24.686 0.0000000000
86063  53.851  -3.469  24.778 0.0000000000
84642  53.452  -3.693  24.796 0.0000000000
84624  53.483  -3.747  25.203 0.0000000000
86012  53.005  -3.878  27.720 0.0000000000
84609  52.080  -4.388  26.375 0.0000000000
77985  40.436  -10.087  37.715 0.0000000000
77984  40.724  -9.481  38.104 0.0000000000
80501  41.532  -7.685  38.319 0.0000000000
75436  42.086  -11.389  38.245 0.0000000000
77993  42.583  -10.333  37.371 0.0000000000
77983  42.266  -9.474  38.179 0.0000000000
80500  41.920  -7.895  38.333 0.0000000000
81785  41.705  -6.744  37.757 0.0000000000
83112  41.714  -5.770  36.281 0.0000000000
84499  42.830  -4.714  34.232 0.0000000000
84514  42.463  -5.411  34.003 0.0000000000
83146  43.045  -5.832  33.666 0.0000000000
81866  43.485  -6.877  33.265 0.0000000000
80594  42.884  -7.575  33.224 0.0000000000
80593  43.878  -7.584  33.135 0.0000000000
75438  32.509  -11.854  38.946 0.0000000000
76732  34.168  -11.313  39.096 0.0000000000
76713  39.704  -11.166  39.188 0.0000000000
75393  40.507  -11.270  39.249 0.0000000000
75417  40.402  -11.690  39.318 0.0000000000
73993  41.020  -12.300  38.859 0.0000000000
72626  38.607  -12.654  40.084 0.0000000000
72643  39.086  -13.016  39.720 0.0000000000
101005  55.655  8.925  15.352 0.0000000000
102185  52.202  9.044  19.762 0.0000000000
102141  52.962  8.700  21.753 0.0000000000
100892  53.028  8.211  22.052 0.0000000000
100891  53.445  8.257  22.072 0.0000000000
99623  53.583  7.674  22.081 0.0000000000
97167  54.084  5.647  21.040 0.0000000000
97149  53.256  4.774  22.999 0.0000000000
96048  53.515  4.747  22.449 0.0000000000
96047  53.890  3.990  21.846 0.0000000000
96055  54.017  4.664  21.063 0.0000000000
87430  45.292  -2.543  26.910 0.0000000000
81803  40.188  -6.220  36.780 0.0000000000
88725  43.832  -2.575  29.652 0.0000000000
87413  44.286  -2.613  27.881 0.0000000000
88761  45.080  -2.411  27.693 0.0000000000
88760  45.949  -2.291  27.384 0.0000000000
88741  46.379  -1.803  28.139 0.0000000000
90052  48.502  -0.923  28.925 0.0000000000
91264  47.779  -0.557  30.146 0.0000000000
91263  48.446  -0.514  29.882 0.0000000000
90028  49.108  -0.813  29.437 0.0000000000
89997  50.061  -1.546  29.628 0.0000000000
88666  50.210  -2.509  29.911 0.0000000000
85949  50.154  -2.881  29.529 0.0000000000
89919  46.805  -1.074  32.766 0.0000000000
89918  47.339  -1.244  32.384 0.0000000000
89945  48.011  -1.307  31.502 0.0000000000
87351  47.312  -2.127  31.857 0.0000000000
88669  47.976  -1.769  31.234 0.0000000000
89971  48.356  -1.548  31.073 0.0000000000
88699  49.286  -2.221  30.034 0.0000000000
85950  49.770  -2.758  29.642 0.0000000000
85997  49.296  -3.699  28.515 0.0000000000
84578  48.479  -3.902  28.053 0.0000000000
83130  44.230  -5.281  34.009 0.0000000000
81832  45.477  -5.600  34.400 0.0000000000
81846  46.081  -6.316  33.876 0.0000000000
80611  46.334  -7.377  32.997 0.0000000000
81864  46.165  -6.642  33.307 0.0000000000
83160  46.095  -5.758  33.263 0.0000000000
62944  27.103  -18.851  43.632 0.0000000000
62945  26.314  -18.981  43.684 0.0000000000
64356  26.807  -18.409  43.491 0.0000000000
64357  26.438  -18.544  43.623 0.0000000000
65799  26.534  -18.277  43.504 0.0000000000
65815  26.165  -17.782  43.464 0.0000000000
70069  28.409  -15.508  42.171 0.0000000000
73909  29.066  -12.676  43.454 0.0000000000
73910  28.549  -12.891  43.234 0.0000000000
73924  31.646  -12.491  42.889 0.0000000000
75316  28.701  -12.431  43.243 0.0000000000
75329  34.413  -11.786  41.400 0.0000000000
75330  33.992  -11.741  41.571 0.0000000000
75348  36.176  -11.812  40.674 0.0000000000
75350  34.810  -11.776  41.080 0.0000000000
75418  32.403  -11.467  39.468 0.0000000000
75451  42.425  -11.256  37.772 0.0000000000
75461  42.428  -11.408  37.296 0.0000000000
76653  31.114  -11.605  42.461 0.0000000000
76654  30.929  -11.838  42.773 0.0000000000
76657  28.905  -12.303  43.053 0.0000000000
76663  33.447  -11.571  41.682 0.0000000000
76677  35.875  -11.643  40.664 0.0000000000
76678  35.376  -11.430  40.771 0.0000000000
76717  32.690  -11.016  40.175 0.0000000000
76734  32.874  -11.378  39.507 0.0000000000
76741  42.449  -10.785  37.881 0.0000000000
76764  42.465  -11.043  36.882 0.0000000000
77940  35.379  -11.208  40.653 0.0000000000
77944  32.974  -10.867  41.308 0.0000000000
77952  34.820  -11.020  40.456 0.0000000000
77955  32.964  -10.777  40.963 0.0000000000
77982  42.459  -10.096  37.851 0.0000000000
79172  42.022  -8.423  38.663 0.0000000000
79307  45.388  -8.273  33.333 0.0000000000
80570  45.776  -6.804  33.872 0.0000000000
80571  45.264  -6.901  33.812 0.0000000000
80590  46.146  -7.087  33.648 0.0000000000
81831  45.870  -5.729  34.329 0.0000000000
81847  45.402  -6.178  34.110 0.0000000000
81865  44.153  -6.777  33.451 0.0000000000
81876  46.051  -6.624  32.871 0.0000000000
83094  41.590  -5.643  37.526 0.0000000000
83113  39.943  -5.765  36.175 0.0000000000
83129  44.852  -5.365  34.167 0.0000000000
83161  43.773  -6.441  33.469 0.0000000000
83162  43.351  -6.313  33.448 0.0000000000
83163  42.790  -6.358  33.571 0.0000000000
84459  41.505  -5.324  37.433 0.0000000000
84461  41.192  -5.393  37.718 0.0000000000
84477  39.939  -5.050  35.869 0.0000000000
84512  43.925  -5.254  33.953 0.0000000000
84513  43.380  -5.236  33.883 0.0000000000
84526  39.024  -4.491  32.602 0.0000000000
84562  50.885  -3.759  28.622 0.0000000000
84643  53.037  -3.799  24.597 0.0000000000
85885  40.713  -4.499  36.831 0.0000000000
85893  40.816  -3.999  36.481 0.0000000000
85901  40.293  -4.130  35.728 0.0000000000
85902  40.129  -4.135  35.209 0.0000000000
85932  46.426  -3.981  33.240 0.0000000000
86064  53.410  -3.652  24.543 0.0000000000
87278  41.096  -3.496  36.206 0.0000000000
87290  44.280  -2.223  34.655 0.0000000000
87292  43.159  -2.860  35.129 0.0000000000
87294  40.922  -3.036  35.809 0.0000000000
87327  40.137  -2.810  34.305 0.0000000000
87353  38.979  -3.129  32.536 0.0000000000
87354  38.693  -3.375  32.311 0.0000000000
87362  51.043  -2.784  29.646 0.0000000000
87363  50.113  -2.850  29.783 0.0000000000
87364  49.762  -2.508  29.779 0.0000000000
87383  50.824  -2.882  29.489 0.0000000000
87431  44.591  -2.728  26.998 0.0000000000
87451  50.149  -2.326  26.687 0.0000000000
87518  54.577  -2.394  24.058 0.0000000000
87541  49.672  -2.393  22.992 0.0000000000
88523  41.595  -3.079  36.018 0.0000000000
88541  41.958  -2.602  35.737 0.0000000000
88542  41.305  -2.761  35.926 0.0000000000
88556  44.468  -2.030  34.524 0.0000000000
88559  41.619  -2.410  35.523 0.0000000000
88560  41.122  -2.531  35.514 0.0000000000
88573  45.886  -1.854  33.760 0.0000000000
88574  45.670  -1.770  33.908 0.0000000000
88578  40.606  -2.630  34.971 0.0000000000
88595  46.067  -1.727  33.547 0.0000000000
88598  40.581  -2.541  34.272 0.0000000000
88636  49.502  -1.758  30.250 0.0000000000
88639  43.855  -1.727  32.415 0.0000000000
88644  39.266  -2.928  32.564 0.0000000000
88665  50.829  -2.478  29.754 0.0000000000
88668  48.803  -1.858  30.517 0.0000000000
88722  49.800  -1.402  28.958 0.0000000000
88770  50.354  -2.440  27.344 0.0000000000
88786  49.503  -2.267  26.507 0.0000000000
89825  42.246  -2.274  35.379 0.0000000000
89826  41.949  -2.337  35.481 0.0000000000
89844  44.358  -1.675  34.495 0.0000000000
89845  43.749  -1.748  34.741 0.0000000000
89846  43.124  -1.791  34.984 0.0000000000
89847  42.450  -1.898  35.126 0.0000000000
89848  41.934  -2.172  35.256 0.0000000000
89868  44.769  -1.271  34.066 0.0000000000
89873  41.403  -2.159  34.685 0.0000000000
89894  45.564  -1.128  33.516 0.0000000000
89895  45.192  -1.185  33.733 0.0000000000
89896  43.471  -1.353  33.698 0.0000000000
89898  42.206  -1.683  34.280 0.0000000000
89899  41.635  -1.922  34.375 0.0000000000
89922  42.278  -1.730  33.708 0.0000000000
89943  49.514  -1.600  30.417 0.0000000000
89944  48.813  -1.388  30.851 0.0000000000
89946  44.659  -1.204  32.396 0.0000000000
89949  42.685  -1.815  33.398 0.0000000000
89968  50.689  -2.099  29.673 0.0000000000
89969  50.204  -1.863  29.760 0.0000000000
89972  48.138  -1.529  31.285 0.0000000000
89974  44.601  -1.542  31.860 0.0000000000
89996  50.632  -1.579  29.044 0.0000000000
89998  49.608  -1.103  29.803 0.0000000000
89999  49.311  -0.834  29.741 0.0000000000
90001  46.279  -0.709  30.419 0.0000000000
90025  50.214  -1.554  29.122 0.0000000000
90026  50.002  -1.389  29.393 0.0000000000
90027  49.672  -1.172  29.320 0.0000000000
90029  48.691  -0.736  29.399 0.0000000000
90030  48.047  -0.680  29.514 0.0000000000
90050  49.489  -1.184  28.981 0.0000000000
90071  48.932  -1.176  28.511 0.0000000000
90073  47.633  -1.378  28.190 0.0000000000
90095  54.396  -0.729  24.951 0.0000000000
90110  53.483  -0.289  24.427 0.0000000000
90139  55.209  -0.255  22.945 0.0000000000
91170  44.278  -1.127  34.041 0.0000000000
91172  43.355  -1.454  34.388 0.0000000000
91181  46.141  -0.705  33.016 0.0000000000
91182  45.739  -0.832  33.137 0.0000000000
91184  44.446  -1.031  33.593 0.0000000000
91185  43.910  -1.133  33.860 0.0000000000
91186  43.381  -1.397  34.147 0.0000000000
91196  47.073  -0.823  32.442 0.0000000000
91197  46.547  -0.650  32.645 0.0000000000
91198  45.983  -0.570  32.802 0.0000000000
91201  44.080  -1.136  33.271 0.0000000000
91214  47.024  -0.613  32.308 0.0000000000
91217  44.462  -1.114  32.857 0.0000000000
91226  49.254  -0.795  30.262 0.0000000000
91227  48.683  -0.547  30.701 0.0000000000
91229  47.047  -0.324  31.224 0.0000000000
91231  45.866  -0.566  31.609 0.0000000000
91232  45.376  -0.892  31.792 0.0000000000
91243  49.161  -0.535  29.944 0.0000000000
91247  46.781  -0.451  30.658 0.0000000000
91262  48.815  -0.607  29.701 0.0000000000
91265  47.285  -0.537  30.356 0.0000000000
91318  53.994  -0.285  24.939 0.0000000000
91334  55.143  0.370  24.025 0.0000000000
91354  55.381  0.471  23.546 0.0000000000
91377  51.121  0.339  22.059 0.0000000000
92378  46.484  -0.462  32.347 0.0000000000
92380  45.870  -0.514  32.590 0.0000000000
92389  47.257  -0.448  31.855 0.0000000000
92391  46.360  -0.390  32.144 0.0000000000
92392  45.921  -0.481  32.335 0.0000000000
92400  47.439  -0.438  31.683 0.0000000000
92402  46.654  -0.339  31.724 0.0000000000
92538  55.076  1.816  23.669 0.0000000000
92547  56.056  2.196  22.239 0.0000000000
92550  51.350  1.342  22.257 0.0000000000
92559  54.521  1.207  21.401 0.0000000000
93720  55.507  2.376  23.159 0.0000000000
93728  56.008  2.648  22.120 0.0000000000
93729  55.901  2.555  22.617 0.0000000000
94895  54.573  2.611  23.841 0.0000000000
94896  54.285  2.712  23.992 0.0000000000
94906  52.502  3.166  23.526 0.0000000000
94919  55.670  3.199  21.617 0.0000000000
94922  51.386  3.274  21.504 0.0000000000
96039  54.228  3.675  22.928 0.0000000000
96046  54.743  3.714  21.736 0.0000000000
99626  52.429  7.030  21.844 0.0000000000
99642  52.261  7.305  21.377 0.0000000000
100890  53.761  8.166  21.917 0.0000000000
102207  52.027  9.575  19.237 0.0000000000
104685  53.633  10.847  20.257 0.0000000000
