#!ascii label  , from subject 198451 vox2ras=TkReg
2102
91504  53.695  0.654  15.892 0.0000000000
72743  39.058  -13.713  33.705 0.0000000000
67384  23.279  -16.688  34.899 0.0000000000
60481  17.292  -22.154  35.474 0.0000000000
71349  33.976  -13.548  40.642 0.0000000000
64595  29.193  -19.911  28.674 0.0000000000
86261  46.201  -3.065  13.886 0.0000000000
99753  53.739  7.141  14.795 0.0000000000
83238  46.673  -5.028  25.428 0.0000000000
74319  41.577  -12.391  22.844 0.0000000000
72919  31.293  -13.702  21.413 0.0000000000
65864  25.165  -18.077  40.384 0.0000000000
64486  19.194  -19.605  34.561 0.0000000000
61672  20.221  -20.517  40.383 0.0000000000
68720  29.405  -16.594  38.484 0.0000000000
84646  50.385  -4.424  24.680 0.0000000000
73993  41.020  -12.300  38.859 0.0000000000
76796  42.175  -10.691  34.214 0.0000000000
78109  44.741  -9.862  29.992 0.0000000000
74199  40.496  -12.506  28.240 0.0000000000
75680  36.289  -11.733  22.514 0.0000000000
72856  35.455  -13.694  27.225 0.0000000000
68904  24.798  -16.372  25.390 0.0000000000
63277  27.065  -20.477  22.529 0.0000000000
94976  55.923  3.215  16.994 0.0000000000
91532  55.681  0.435  13.095 0.0000000000
67471  21.512  -17.577  28.407 0.0000000000
63144  18.361  -20.960  28.960 0.0000000000
68732  37.604  -16.089  37.457 0.0000000000
68814  34.733  -16.775  32.615 0.0000000000
70183  32.926  -15.770  35.192 0.0000000000
67411  26.993  -16.633  31.721 0.0000000000
88925  49.841  -1.368  14.393 0.0000000000
61652  18.113  -20.932  43.424 0.0000000000
63034  14.600  -19.603  39.148 0.0000000000
97167  54.084  5.647  21.040 0.0000000000
91414  53.128  0.293  20.487 0.0000000000
87584  49.786  -2.953  18.999 0.0000000000
84776  45.641  -4.348  19.531 0.0000000000
83324  41.739  -5.619  19.222 0.0000000000
84555  45.711  -4.009  30.641 0.0000000000
80722  41.794  -6.995  25.912 0.0000000000
77070  38.339  -10.725  18.842 0.0000000000
75797  36.590  -11.737  16.546 0.0000000000
67513  30.057  -17.413  25.531 0.0000000000
62988  26.698  -19.421  42.724 0.0000000000
64434  22.294  -19.358  40.651 0.0000000000
61646  24.277  -20.036  42.838 0.0000000000
65853  28.669  -17.643  41.441 0.0000000000
71418  41.234  -14.663  36.026 0.0000000000
71440  42.174  -13.978  33.845 0.0000000000
72797  42.874  -12.854  31.208 0.0000000000
72800  40.229  -13.040  30.861 0.0000000000
74201  38.326  -12.723  27.723 0.0000000000
72803  36.541  -13.234  30.465 0.0000000000
64689  22.715  -19.224  24.190 0.0000000000
63278  23.255  -20.187  22.698 0.0000000000
91485  56.014  0.827  16.726 0.0000000000
90256  58.142  0.447  16.017 0.0000000000
88920  55.374  -1.428  14.605 0.0000000000
67440  22.271  -17.270  30.898 0.0000000000
64597  19.770  -19.125  28.735 0.0000000000
65970  20.328  -18.529  31.269 0.0000000000
61719  18.384  -21.482  35.594 0.0000000000
61757  17.442  -22.065  32.002 0.0000000000
59312  16.926  -23.285  33.044 0.0000000000
59315  15.062  -23.128  33.743 0.0000000000
71365  38.144  -14.019  40.040 0.0000000000
70127  35.806  -15.053  39.067 0.0000000000
68735  35.406  -16.235  36.422 0.0000000000
71395  33.626  -14.369  37.930 0.0000000000
67339  26.346  -16.979  36.441 0.0000000000
65932  28.173  -18.017  35.279 0.0000000000
68800  25.093  -16.430  33.415 0.0000000000
68853  23.697  -16.846  30.092 0.0000000000
87650  47.664  -2.385  13.958 0.0000000000
86313  49.640  -3.615  11.410 0.0000000000
83439  47.769  -4.725  11.789 0.0000000000
63024  12.358  -20.379  40.769 0.0000000000
88859  51.215  -1.584  19.137 0.0000000000
86137  51.901  -3.283  21.788 0.0000000000
83236  48.366  -4.720  25.033 0.0000000000
84717  47.949  -4.342  21.724 0.0000000000
83290  45.754  -4.773  22.101 0.0000000000
83321  44.270  -4.946  20.110 0.0000000000
83276  43.671  -5.587  22.746 0.0000000000
75609  43.565  -11.539  26.305 0.0000000000
79375  42.586  -8.724  29.063 0.0000000000
76984  41.939  -10.364  24.605 0.0000000000
79484  40.423  -8.817  21.654 0.0000000000
75713  39.963  -11.496  20.904 0.0000000000
73019  38.630  -13.001  17.418 0.0000000000
74378  38.533  -12.632  20.020 0.0000000000
75743  34.069  -11.334  19.631 0.0000000000
65966  31.770  -19.011  31.167 0.0000000000
68848  32.473  -16.982  29.141 0.0000000000
64617  29.877  -19.610  27.502 0.0000000000
64745  27.406  -19.923  21.160 0.0000000000
97290  55.209  5.720  11.249 0.0000000000
97271  53.545  5.088  12.547 0.0000000000
67322  23.698  -16.998  37.624 0.0000000000
65921  20.962  -17.897  35.215 0.0000000000
65900  21.458  -18.166  37.687 0.0000000000
63045  20.009  -19.905  38.329 0.0000000000
60440  18.769  -21.824  37.944 0.0000000000
72612  31.910  -12.939  41.769 0.0000000000
72656  32.273  -13.607  39.970 0.0000000000
71353  29.659  -14.419  41.063 0.0000000000
65872  27.979  -18.391  39.463 0.0000000000
84665  52.569  -3.841  23.991 0.0000000000
84594  48.655  -4.271  27.363 0.0000000000
76833  44.015  -10.606  32.729 0.0000000000
74196  43.595  -12.465  29.025 0.0000000000
74255  42.110  -12.343  26.091 0.0000000000
74322  38.668  -11.891  23.206 0.0000000000
74258  38.571  -12.364  26.097 0.0000000000
74281  36.202  -12.944  25.532 0.0000000000
72891  33.614  -14.093  24.199 0.0000000000
67483  27.771  -17.640  26.936 0.0000000000
63219  27.979  -20.334  25.241 0.0000000000
67568  25.802  -18.213  22.562 0.0000000000
97217  52.257  5.421  16.599 0.0000000000
95002  51.915  3.380  14.697 0.0000000000
93844  55.298  1.913  15.269 0.0000000000
64519  18.671  -19.934  31.686 0.0000000000
71393  39.727  -14.672  38.721 0.0000000000
70180  38.520  -15.212  35.815 0.0000000000
71472  36.481  -14.601  33.202 0.0000000000
68779  36.001  -16.487  34.698 0.0000000000
67393  33.617  -18.122  33.749 0.0000000000
64514  30.358  -20.025  32.462 0.0000000000
70156  31.322  -14.994  36.668 0.0000000000
64483  29.697  -19.120  34.262 0.0000000000
67437  28.579  -17.735  30.287 0.0000000000
68850  26.324  -16.351  29.100 0.0000000000
68889  23.100  -16.602  27.065 0.0000000000
90295  51.757  -0.453  14.523 0.0000000000
88963  53.589  -1.847  13.417 0.0000000000
87686  51.347  -2.207  12.042 0.0000000000
60420  18.724  -21.943  41.657 0.0000000000
61680  17.269  -21.386  39.386 0.0000000000
62995  16.962  -19.946  41.625 0.0000000000
61695  15.546  -20.485  37.301 0.0000000000
100960  53.256  8.592  18.686 0.0000000000
97196  55.030  4.936  19.156 0.0000000000
93780  55.706  2.697  18.731 0.0000000000
92620  53.151  1.660  17.928 0.0000000000
90241  51.013  -0.363  17.150 0.0000000000
88883  49.640  -2.113  16.940 0.0000000000
86227  48.014  -3.040  17.172 0.0000000000
84715  49.963  -4.005  22.021 0.0000000000
86184  47.825  -3.693  19.215 0.0000000000
86215  45.797  -3.752  16.946 0.0000000000
84819  44.320  -4.144  17.406 0.0000000000
83370  41.978  -5.002  16.814 0.0000000000
84596  46.513  -4.352  27.904 0.0000000000
81885  45.218  -6.784  31.938 0.0000000000
83208  43.532  -5.718  28.944 0.0000000000
81972  44.031  -5.870  25.868 0.0000000000
81994  41.307  -6.531  22.754 0.0000000000
80768  39.642  -7.517  19.128 0.0000000000
75741  36.287  -11.258  19.440 0.0000000000
71500  34.774  -14.707  30.010 0.0000000000
70263  33.388  -15.364  26.808 0.0000000000
70303  30.585  -15.566  22.933 0.0000000000
64706  28.371  -20.018  23.733 0.0000000000
67567  28.663  -17.830  22.650 0.0000000000
62990  25.302  -19.788  42.470 0.0000000000
64358  25.873  -18.674  43.816 0.0000000000
71442  40.620  -14.238  34.641 0.0000000000
71417  41.918  -14.229  35.527 0.0000000000
71456  40.797  -13.871  33.714 0.0000000000
72759  41.124  -13.540  32.543 0.0000000000
72781  39.617  -13.058  31.838 0.0000000000
72802  37.841  -12.945  30.721 0.0000000000
72782  38.261  -13.068  32.032 0.0000000000
91503  54.800  0.465  15.998 0.0000000000
90276  55.753  -0.290  15.697 0.0000000000
90292  54.923  -0.734  14.969 0.0000000000
67412  22.993  -16.930  33.210 0.0000000000
67429  21.573  -17.582  31.321 0.0000000000
67400  21.570  -17.425  33.324 0.0000000000
60480  17.763  -22.089  35.114 0.0000000000
60493  17.662  -22.308  34.195 0.0000000000
60494  17.204  -22.566  34.473 0.0000000000
59331  15.994  -24.277  32.671 0.0000000000
60495  16.435  -22.268  34.686 0.0000000000
72610  33.671  -12.717  41.444 0.0000000000
71348  35.033  -13.762  40.590 0.0000000000
71347  35.973  -13.828  40.639 0.0000000000
70116  35.124  -14.456  39.537 0.0000000000
70141  35.228  -15.025  38.299 0.0000000000
71382  33.511  -13.988  39.010 0.0000000000
67362  24.624  -16.550  35.605 0.0000000000
67361  25.753  -16.617  35.312 0.0000000000
68801  24.126  -16.624  33.735 0.0000000000
68831  23.675  -16.706  32.039 0.0000000000
87651  47.046  -2.668  13.657 0.0000000000
87690  47.503  -2.905  12.454 0.0000000000
86295  46.722  -3.742  12.263 0.0000000000
88803  54.918  -1.636  23.604 0.0000000000
87555  53.391  -2.331  22.000 0.0000000000
87538  53.804  -2.490  22.721 0.0000000000
83237  47.589  -4.898  25.196 0.0000000000
83261  47.003  -4.778  23.729 0.0000000000
83262  46.190  -4.959  24.057 0.0000000000
83291  44.654  -5.146  21.926 0.0000000000
83263  45.280  -5.231  23.977 0.0000000000
75622  42.925  -11.713  25.007 0.0000000000
76965  42.585  -10.751  25.617 0.0000000000
77002  42.413  -11.422  23.970 0.0000000000
77022  41.305  -10.751  22.948 0.0000000000
74338  41.080  -12.203  21.908 0.0000000000
72930  39.309  -12.773  19.651 0.0000000000
74357  39.973  -12.830  21.051 0.0000000000
63124  30.457  -20.108  30.390 0.0000000000
66005  30.683  -19.244  29.181 0.0000000000
63158  29.943  -20.015  28.384 0.0000000000
98467  54.781  6.436  13.242 0.0000000000
98468  53.682  6.036  13.671 0.0000000000
67294  25.023  -17.289  39.070 0.0000000000
67323  22.850  -17.467  37.778 0.0000000000
65888  23.229  -17.945  39.126 0.0000000000
63018  21.665  -19.879  40.862 0.0000000000
64449  21.427  -19.220  39.538 0.0000000000
63031  20.020  -20.378  39.409 0.0000000000
61685  19.200  -21.101  38.402 0.0000000000
61679  19.514  -20.838  39.609 0.0000000000
72613  30.914  -13.189  41.957 0.0000000000
72632  31.295  -13.457  41.380 0.0000000000
71333  29.534  -14.257  41.784 0.0000000000
64412  28.022  -18.848  41.336 0.0000000000
65860  29.081  -18.161  40.571 0.0000000000
65862  27.258  -18.150  40.210 0.0000000000
67293  25.925  -17.321  38.909 0.0000000000
76780  42.269  -11.002  35.301 0.0000000000
79262  42.088  -8.818  35.513 0.0000000000
79283  41.894  -8.784  34.305 0.0000000000
79310  42.437  -8.820  33.329 0.0000000000
76813  43.156  -10.906  33.150 0.0000000000
72817  41.920  -12.952  30.226 0.0000000000
74175  43.595  -12.425  30.013 0.0000000000
74197  42.734  -12.580  28.557 0.0000000000
74228  42.582  -12.553  27.327 0.0000000000
74229  41.347  -12.456  27.172 0.0000000000
74277  40.235  -12.320  25.078 0.0000000000
74230  40.121  -12.410  27.088 0.0000000000
72854  36.935  -13.072  27.539 0.0000000000
74233  37.294  -12.904  26.855 0.0000000000
72867  36.009  -13.312  26.612 0.0000000000
72889  35.019  -13.346  24.901 0.0000000000
72869  34.728  -14.040  25.949 0.0000000000
68886  25.787  -16.355  26.122 0.0000000000
67516  27.071  -17.568  25.298 0.0000000000
68940  25.079  -17.054  23.594 0.0000000000
96099  53.268  4.434  17.614 0.0000000000
94979  52.811  3.453  16.342 0.0000000000
93814  55.365  2.749  16.329 0.0000000000
90273  58.707  -0.155  15.366 0.0000000000
66056  20.825  -18.157  26.863 0.0000000000
66057  20.220  -18.619  27.179 0.0000000000
65922  20.228  -18.539  35.427 0.0000000000
64499  19.590  -19.122  33.203 0.0000000000
64500  19.162  -19.585  33.589 0.0000000000
60525  17.139  -22.848  31.335 0.0000000000
61766  17.496  -22.068  30.957 0.0000000000
70125  37.584  -15.295  39.319 0.0000000000
71379  39.216  -14.333  39.211 0.0000000000
68714  38.974  -15.594  38.302 0.0000000000
70151  39.220  -15.531  37.384 0.0000000000
70166  38.340  -15.713  36.638 0.0000000000
70192  37.330  -15.457  35.111 0.0000000000
68747  36.593  -16.329  36.426 0.0000000000
70169  33.945  -15.647  35.982 0.0000000000
68763  34.793  -16.657  35.243 0.0000000000
68781  33.462  -16.801  34.434 0.0000000000
65939  32.700  -18.716  33.382 0.0000000000
65928  31.536  -18.318  33.694 0.0000000000
71398  30.412  -14.527  38.718 0.0000000000
71397  31.431  -14.245  38.543 0.0000000000
68736  29.764  -16.109  37.631 0.0000000000
67395  27.937  -17.497  33.595 0.0000000000
64484  29.130  -18.866  34.628 0.0000000000
67394  28.628  -17.960  33.335 0.0000000000
65968  29.131  -18.488  31.991 0.0000000000
67425  27.608  -16.954  30.870 0.0000000000
67438  27.882  -17.089  29.595 0.0000000000
68838  26.202  -16.357  30.072 0.0000000000
67470  22.318  -17.103  28.982 0.0000000000
68864  23.366  -16.656  28.904 0.0000000000
67485  22.146  -17.165  27.957 0.0000000000
88924  50.947  -0.826  14.503 0.0000000000
88965  51.670  -1.578  12.769 0.0000000000
88966  50.572  -1.642  12.623 0.0000000000
83435  50.905  -5.166  11.766 0.0000000000
60421  18.220  -21.638  42.088 0.0000000000
60427  18.040  -21.764  41.087 0.0000000000
61669  17.796  -21.138  41.577 0.0000000000
64421  14.553  -18.839  41.462 0.0000000000
64437  15.944  -19.640  40.397 0.0000000000
63032  16.397  -20.323  39.373 0.0000000000
63041  15.168  -20.013  38.397 0.0000000000
61722  14.542  -21.530  35.700 0.0000000000
63054  13.851  -20.943  36.981 0.0000000000
102224  54.333  9.729  17.829 0.0000000000
98385  53.693  7.296  20.452 0.0000000000
97186  55.880  4.715  19.657 0.0000000000
94951  56.865  3.639  18.740 0.0000000000
94938  56.216  3.717  19.963 0.0000000000
93738  54.778  1.993  21.097 0.0000000000
93763  54.264  2.385  19.797 0.0000000000
92589  52.991  1.366  19.514 0.0000000000
91466  51.749  0.568  17.584 0.0000000000
91431  52.191  0.158  19.241 0.0000000000
87583  50.501  -2.681  19.363 0.0000000000
88873  50.500  -1.896  18.250 0.0000000000
87604  49.990  -2.299  17.947 0.0000000000
87617  48.465  -2.769  16.422 0.0000000000
87596  48.842  -2.916  17.942 0.0000000000
84645  51.424  -4.257  24.694 0.0000000000
84690  51.317  -3.947  23.030 0.0000000000
84691  50.281  -4.111  22.958 0.0000000000
84746  46.688  -4.213  20.686 0.0000000000
84745  47.651  -4.107  20.892 0.0000000000
84799  46.486  -4.004  18.971 0.0000000000
86200  46.579  -3.814  18.093 0.0000000000
86201  45.955  -3.878  17.695 0.0000000000
84834  45.016  -3.892  16.852 0.0000000000
84801  44.497  -4.277  18.351 0.0000000000
83323  42.606  -5.323  19.461 0.0000000000
84803  42.869  -4.806  17.634 0.0000000000
83342  42.519  -5.167  18.462 0.0000000000
83343  41.404  -5.595  18.263 0.0000000000
84564  46.139  -3.803  29.623 0.0000000000
78091  45.714  -9.442  31.548 0.0000000000
80630  46.339  -7.758  32.450 0.0000000000
79346  44.962  -8.096  31.174 0.0000000000
80698  41.808  -7.712  27.558 0.0000000000
80682  42.872  -7.153  29.171 0.0000000000
81948  42.476  -6.658  26.961 0.0000000000
81946  44.005  -5.751  26.973 0.0000000000
81961  42.403  -6.575  25.931 0.0000000000
81982  43.216  -6.040  24.421 0.0000000000
81984  41.479  -6.720  23.808 0.0000000000
78274  39.660  -9.739  20.721 0.0000000000
80759  40.385  -7.780  21.160 0.0000000000
79505  39.168  -8.665  19.353 0.0000000000
80782  38.929  -7.606  18.054 0.0000000000
78321  37.823  -9.467  17.477 0.0000000000
77114  37.850  -10.915  17.097 0.0000000000
74463  37.426  -12.403  16.592 0.0000000000
74478  37.776  -12.868  15.635 0.0000000000
75656  38.028  -11.736  22.639 0.0000000000
75697  37.750  -11.700  21.084 0.0000000000
75698  36.703  -11.427  21.332 0.0000000000
75785  33.915  -11.049  17.412 0.0000000000
70225  35.352  -15.346  32.449 0.0000000000
71485  35.778  -14.524  32.100 0.0000000000
70236  34.611  -15.425  30.832 0.0000000000
68870  31.594  -17.021  27.491 0.0000000000
70251  33.060  -15.949  28.097 0.0000000000
68882  32.095  -16.054  26.137 0.0000000000
70277  31.889  -15.707  24.760 0.0000000000
68937  30.424  -16.406  24.093 0.0000000000
63258  27.505  -20.578  23.562 0.0000000000
61852  28.036  -21.009  24.257 0.0000000000
63276  27.678  -20.571  23.151 0.0000000000
66202  27.757  -19.244  21.361 0.0000000000
68983  28.564  -16.541  20.866 0.0000000000
92679  53.163  1.308  13.848 0.0000000000
93859  51.870  2.697  13.421 0.0000000000
87683  54.539  -2.684  13.240 0.0000000000
64414  26.002  -19.089  41.773 0.0000000000
64432  24.568  -18.646  40.902 0.0000000000
64415  24.961  -19.138  41.521 0.0000000000
63005  23.537  -19.688  41.811 0.0000000000
61666  21.752  -20.393  41.805 0.0000000000
64384  28.149  -18.560  42.441 0.0000000000
72665  41.403  -13.537  38.101 0.0000000000
74009  42.017  -12.601  37.886 0.0000000000
74031  42.320  -12.806  37.183 0.0000000000
74071  42.341  -13.104  35.544 0.0000000000
75477  42.908  -12.460  34.063 0.0000000000
75489  43.142  -11.852  33.508 0.0000000000
72757  42.768  -13.307  32.530 0.0000000000
72799  41.251  -13.091  30.933 0.0000000000
72836  40.352  -12.581  29.229 0.0000000000
74200  39.330  -12.628  27.946 0.0000000000
72820  38.713  -12.826  29.774 0.0000000000
72821  37.569  -12.904  29.534 0.0000000000
72822  36.538  -13.156  29.206 0.0000000000
66129  23.187  -17.515  23.963 0.0000000000
67553  24.167  -17.461  23.297 0.0000000000
63260  23.133  -20.099  23.329 0.0000000000
92631  57.728  1.651  16.843 0.0000000000
92630  58.163  1.595  16.213 0.0000000000
90257  57.457  0.294  16.357 0.0000000000
88904  56.529  -0.850  15.650 0.0000000000
67455  21.557  -17.581  29.417 0.0000000000
66008  20.891  -18.057  28.855 0.0000000000
65987  20.935  -18.071  29.846 0.0000000000
65988  20.250  -18.438  30.292 0.0000000000
64559  19.145  -19.528  30.138 0.0000000000
63066  18.760  -20.239  35.034 0.0000000000
63080  18.333  -20.798  33.435 0.0000000000
61744  17.867  -21.676  33.755 0.0000000000
60515  17.161  -22.837  32.368 0.0000000000
56971  15.743  -25.300  32.186 0.0000000000
70113  37.056  -14.804  39.784 0.0000000000
70140  36.138  -15.668  38.185 0.0000000000
68734  35.988  -16.277  36.938 0.0000000000
71407  34.476  -15.085  37.057 0.0000000000
71420  33.340  -15.121  36.250 0.0000000000
65897  28.656  -18.711  37.576 0.0000000000
64463  29.082  -18.743  36.885 0.0000000000
67337  27.696  -17.746  36.190 0.0000000000
67381  26.629  -16.845  34.236 0.0000000000
68815  26.150  -16.378  32.129 0.0000000000
68839  25.354  -16.377  30.387 0.0000000000
68830  24.456  -16.456  31.735 0.0000000000
67453  22.998  -17.059  30.524 0.0000000000
88926  49.104  -1.769  13.931 0.0000000000
87688  49.257  -2.235  12.271 0.0000000000
87689  48.283  -2.550  12.375 0.0000000000
84916  48.571  -4.377  11.652 0.0000000000
64403  14.031  -18.592  42.378 0.0000000000
64439  13.872  -19.230  40.691 0.0000000000
63043  13.248  -20.643  38.445 0.0000000000
61689  12.302  -21.574  38.988 0.0000000000
90163  53.787  -0.493  21.515 0.0000000000
90185  52.768  -0.523  20.305 0.0000000000
88840  52.920  -1.068  20.746 0.0000000000
87571  52.265  -2.375  20.885 0.0000000000
87573  50.856  -2.869  20.069 0.0000000000
84647  49.118  -4.653  24.660 0.0000000000
84692  49.268  -4.384  22.793 0.0000000000
84669  48.473  -4.563  23.675 0.0000000000
84718  46.841  -4.421  21.645 0.0000000000
84747  45.668  -4.492  20.507 0.0000000000
84777  44.621  -4.568  19.318 0.0000000000
83308  44.591  -4.982  20.878 0.0000000000
83309  43.548  -5.201  20.674 0.0000000000
83293  42.609  -5.663  21.368 0.0000000000
76903  43.972  -10.531  28.230 0.0000000000
79374  43.402  -8.726  29.683 0.0000000000
78156  43.018  -10.016  27.835 0.0000000000
78158  41.731  -9.294  27.058 0.0000000000
79433  41.018  -8.636  25.251 0.0000000000
80735  41.038  -7.613  24.566 0.0000000000
78235  40.997  -9.460  23.249 0.0000000000
78265  40.607  -9.749  22.036 0.0000000000
77053  39.416  -10.657  20.531 0.0000000000
75762  38.847  -11.739  18.247 0.0000000000
74400  39.412  -12.534  19.058 0.0000000000
72974  38.702  -13.150  18.519 0.0000000000
75764  37.276  -12.164  18.254 0.0000000000
75682  34.758  -12.012  22.303 0.0000000000
75719  34.845  -11.400  20.592 0.0000000000
75720  33.700  -11.718  20.765 0.0000000000
74429  32.614  -11.781  19.169 0.0000000000
74450  31.620  -12.201  17.718 0.0000000000
67422  33.478  -17.591  31.703 0.0000000000
68836  33.474  -16.860  30.609 0.0000000000
66003  31.820  -18.005  29.725 0.0000000000
66028  30.893  -18.264  28.308 0.0000000000
66075  30.141  -18.369  26.926 0.0000000000
63291  27.393  -20.684  21.977 0.0000000000
61931  26.070  -21.389  20.017 0.0000000000
98485  55.678  6.482  12.425 0.0000000000
97270  54.310  5.475  12.249 0.0000000000
96174  52.594  3.965  11.208 0.0000000000
67363  23.559  -16.611  35.743 0.0000000000
67386  21.693  -17.427  34.378 0.0000000000
67343  22.300  -17.350  36.021 0.0000000000
65912  21.686  -17.890  36.454 0.0000000000
64473  19.862  -19.104  36.036 0.0000000000
65878  22.220  -18.485  39.311 0.0000000000
64458  21.047  -18.885  38.250 0.0000000000
64474  19.422  -19.789  36.496 0.0000000000
63052  19.180  -20.498  36.833 0.0000000000
61705  18.462  -21.594  36.643 0.0000000000
60454  18.210  -21.959  37.242 0.0000000000
71350  32.979  -13.256  40.877 0.0000000000
71370  33.179  -13.632  40.100 0.0000000000
72631  32.229  -13.213  41.060 0.0000000000
71372  30.805  -13.930  40.129 0.0000000000
70117  29.405  -15.150  39.706 0.0000000000
70083  28.981  -15.232  41.306 0.0000000000
68696  29.085  -16.608  40.238 0.0000000000
65884  29.157  -18.280  38.810 0.0000000000
67303  27.226  -17.654  37.826 0.0000000000
67320  25.868  -17.012  37.368 0.0000000000
86262  45.175  -3.488  14.046 0.0000000000
84896  45.624  -4.693  12.245 0.0000000000
84897  44.794  -4.834  12.476 0.0000000000
86088  54.060  -3.007  24.117 0.0000000000
84628  50.122  -4.489  25.592 0.0000000000
84611  49.935  -4.444  26.488 0.0000000000
84612  48.734  -4.538  26.494 0.0000000000
83225  47.550  -4.732  26.074 0.0000000000
78056  45.065  -9.121  32.897 0.0000000000
76866  45.350  -10.167  31.172 0.0000000000
74138  44.124  -11.969  32.054 0.0000000000
74174  44.194  -12.023  30.425 0.0000000000
75572  44.462  -11.492  29.041 0.0000000000
75593  44.235  -11.600  28.166 0.0000000000
74254  43.373  -12.266  26.256 0.0000000000
74296  41.716  -12.723  23.853 0.0000000000
74320  40.877  -12.718  22.966 0.0000000000
74297  40.675  -12.457  24.015 0.0000000000
74299  38.430  -12.022  24.327 0.0000000000
74300  37.281  -12.035  24.312 0.0000000000
74232  38.071  -12.604  26.889 0.0000000000
74280  36.949  -12.495  25.325 0.0000000000
75638  36.659  -12.063  24.052 0.0000000000
74325  34.946  -12.629  23.385 0.0000000000
74326  33.917  -13.207  23.430 0.0000000000
72911  32.355  -13.950  22.566 0.0000000000
66030  28.818  -18.801  28.494 0.0000000000
64618  28.741  -19.882  27.310 0.0000000000
66078  28.001  -18.953  26.037 0.0000000000
66127  27.430  -19.148  24.347 0.0000000000
64728  26.086  -19.326  22.148 0.0000000000
66183  24.441  -18.506  22.347 0.0000000000
64748  24.687  -19.668  21.535 0.0000000000
99733  52.616  7.056  16.030 0.0000000000
98447  52.466  5.899  14.983 0.0000000000
97227  52.057  5.180  15.658 0.0000000000
93846  52.999  2.383  15.323 0.0000000000
92664  55.361  1.521  14.652 0.0000000000
92646  58.178  1.491  15.432 0.0000000000
92662  57.768  1.167  14.753 0.0000000000
65943  20.841  -17.878  32.816 0.0000000000
64537  19.662  -18.972  31.742 0.0000000000
63111  18.663  -20.028  30.406 0.0000000000
63097  18.432  -20.475  32.312 0.0000000000
61772  17.883  -21.383  30.508 0.0000000000
72666  40.738  -13.651  38.629 0.0000000000
71406  40.771  -14.836  37.532 0.0000000000
70164  40.272  -14.806  36.253 0.0000000000
71458  38.856  -14.122  34.426 0.0000000000
71471  37.328  -14.076  33.382 0.0000000000
71445  37.878  -14.887  35.010 0.0000000000
70201  36.282  -15.717  34.278 0.0000000000
68797  35.311  -16.782  33.691 0.0000000000
68748  35.835  -16.539  36.091 0.0000000000
68780  35.356  -16.974  34.491 0.0000000000
67407  34.196  -17.593  32.772 0.0000000000
64511  33.048  -18.716  32.820 0.0000000000
63108  31.174  -19.761  31.774 0.0000000000
63125  30.020  -19.955  30.872 0.0000000000
71396  32.544  -14.128  38.259 0.0000000000
71409  32.734  -14.409  37.240 0.0000000000
70185  31.282  -15.468  35.434 0.0000000000
67358  29.725  -17.900  36.113 0.0000000000
67357  29.928  -17.339  35.427 0.0000000000
68784  30.896  -16.888  34.245 0.0000000000
64497  29.911  -19.404  33.329 0.0000000000
65967  29.406  -18.922  31.379 0.0000000000
66007  29.164  -18.819  29.713 0.0000000000
67452  27.897  -17.287  28.557 0.0000000000
68861  26.500  -16.457  28.080 0.0000000000
68873  25.709  -16.207  27.257 0.0000000000
68851  25.405  -16.419  29.358 0.0000000000
68874  24.673  -16.212  27.556 0.0000000000
68905  23.883  -16.383  25.799 0.0000000000
67517  22.362  -17.196  25.324 0.0000000000
90279  52.241  0.050  15.119 0.0000000000
88922  53.708  -0.995  14.244 0.0000000000
90309  52.524  -0.839  14.097 0.0000000000
86312  50.628  -3.620  11.399 0.0000000000
84913  51.298  -4.470  11.479 0.0000000000
82094  46.988  -6.419  12.544 0.0000000000
65802  24.602  -18.562  43.737 0.0000000000
61638  23.046  -20.501  43.218 0.0000000000
61659  21.540  -20.735  42.319 0.0000000000
60403  20.197  -21.350  42.888 0.0000000000
61673  19.692  -21.020  40.794 0.0000000000
60425  19.006  -21.533  40.122 0.0000000000
60441  18.249  -22.110  38.384 0.0000000000
60455  17.489  -21.709  37.672 0.0000000000
62994  17.516  -20.455  42.066 0.0000000000
63020  17.172  -20.502  40.594 0.0000000000
61687  16.743  -20.819  38.793 0.0000000000
61706  16.181  -21.179  36.171 0.0000000000
61734  15.443  -21.832  34.820 0.0000000000
101006  54.695  8.747  15.851 0.0000000000
99710  53.136  8.300  16.958 0.0000000000
98410  52.460  6.750  17.624 0.0000000000
96087  53.362  4.995  18.258 0.0000000000
102205  53.897  9.269  19.931 0.0000000000
97189  53.395  6.142  19.518 0.0000000000
94962  56.345  3.785  17.590 0.0000000000
93795  57.484  2.819  17.589 0.0000000000
92617  55.747  1.567  17.312 0.0000000000
92634  54.870  1.298  16.984 0.0000000000
93762  55.263  2.706  19.653 0.0000000000
92602  54.413  2.073  18.141 0.0000000000
91488  52.917  1.181  16.940 0.0000000000
91489  51.754  0.490  16.520 0.0000000000
90260  51.141  -0.136  16.104 0.0000000000
88892  50.052  -1.229  16.064 0.0000000000
90205  51.757  -0.488  19.109 0.0000000000
88882  50.177  -1.574  17.181 0.0000000000
88906  49.455  -1.686  15.485 0.0000000000
87630  48.577  -2.316  15.410 0.0000000000
87631  47.599  -2.653  14.966 0.0000000000
86241  46.469  -3.081  15.147 0.0000000000
86114  52.160  -3.586  22.674 0.0000000000
86138  50.930  -3.690  21.608 0.0000000000
86162  49.676  -3.588  20.624 0.0000000000
84716  48.926  -4.208  21.903 0.0000000000
86163  48.926  -3.625  20.268 0.0000000000
86183  48.537  -3.599  19.596 0.0000000000
86213  47.343  -3.343  17.615 0.0000000000
86229  46.481  -3.331  16.286 0.0000000000
86242  45.421  -3.296  14.844 0.0000000000
86231  44.734  -3.617  15.333 0.0000000000
84850  43.871  -3.915  14.936 0.0000000000
84802  43.509  -4.552  18.139 0.0000000000
84821  42.631  -4.676  16.885 0.0000000000
84595  47.522  -4.220  27.434 0.0000000000
83226  46.508  -4.879  26.252 0.0000000000
84545  45.430  -5.263  31.913 0.0000000000
80649  43.869  -7.615  30.584 0.0000000000
83192  44.394  -5.785  30.810 0.0000000000
84565  44.991  -4.486  29.996 0.0000000000
83206  45.006  -4.792  28.432 0.0000000000
83227  45.568  -5.160  26.628 0.0000000000
83239  45.660  -5.238  25.699 0.0000000000
83264  44.102  -5.655  23.897 0.0000000000
83277  42.898  -5.793  22.185 0.0000000000
83294  41.954  -5.772  20.859 0.0000000000
80751  40.849  -7.193  22.679 0.0000000000
82005  40.761  -6.871  21.458 0.0000000000
82015  41.127  -6.135  19.884 0.0000000000
82029  39.650  -6.758  17.885 0.0000000000
74477  38.621  -12.759  15.565 0.0000000000
73040  38.432  -13.223  14.942 0.0000000000
75696  38.583  -12.251  20.805 0.0000000000
75740  37.170  -11.782  19.276 0.0000000000
75783  36.323  -11.429  17.595 0.0000000000
75742  35.231  -11.082  19.534 0.0000000000
75784  35.130  -10.941  17.484 0.0000000000
71484  36.489  -13.933  32.235 0.0000000000
72804  35.807  -13.545  29.786 0.0000000000
71525  34.960  -13.943  28.646 0.0000000000
70244  33.767  -15.735  29.243 0.0000000000
70256  33.946  -15.027  28.187 0.0000000000
71535  34.281  -14.608  27.503 0.0000000000
71554  33.508  -14.841  25.551 0.0000000000
71572  32.518  -14.627  23.826 0.0000000000
71583  30.804  -14.887  22.247 0.0000000000
63198  29.103  -20.115  26.395 0.0000000000
64662  29.296  -19.460  25.909 0.0000000000
66151  29.143  -18.450  24.405 0.0000000000
64744  27.786  -19.918  21.990 0.0000000000
66180  28.450  -19.021  23.084 0.0000000000
67548  29.135  -17.716  23.670 0.0000000000
68955  29.702  -16.602  23.033 0.0000000000
70320  29.769  -15.511  21.606 0.0000000000
96137  52.299  4.287  13.298 0.0000000000
95043  51.790  2.890  12.134 0.0000000000
93900  51.972  2.552  10.938 0.0000000000
88940  54.125  -1.649  13.886 0.0000000000
71457  39.844  -13.857  34.208 0.0000000000
72742  39.974  -13.576  33.367 0.0000000000
72761  39.199  -13.234  32.868 0.0000000000
72762  38.104  -13.612  33.337 0.0000000000
90277  54.417  0.000  15.336 0.0000000000
67398  23.219  -16.804  34.010 0.0000000000
67413  22.264  -17.119  32.791 0.0000000000
67399  22.402  -17.186  33.726 0.0000000000
71329  34.400  -13.167  40.991 0.0000000000
71369  34.631  -14.224  39.781 0.0000000000
67383  24.031  -16.569  35.016 0.0000000000
68769  24.617  -16.513  34.927 0.0000000000
67397  23.804  -16.676  34.433 0.0000000000
68802  23.489  -16.782  33.464 0.0000000000
87669  46.907  -2.896  13.056 0.0000000000
86279  46.313  -3.300  12.845 0.0000000000
87537  54.442  -2.153  23.264 0.0000000000
87519  54.118  -2.621  23.515 0.0000000000
83250  46.856  -4.977  24.588 0.0000000000
83251  45.867  -5.161  24.790 0.0000000000
74295  42.272  -12.338  23.728 0.0000000000
75636  42.608  -11.881  24.234 0.0000000000
74318  42.004  -12.086  23.332 0.0000000000
75655  41.724  -11.591  23.138 0.0000000000
74339  40.834  -12.747  21.923 0.0000000000
63142  29.855  -20.116  29.853 0.0000000000
63141  30.219  -20.188  29.293 0.0000000000
63159  29.558  -20.104  28.643 0.0000000000
99752  54.809  7.613  14.573 0.0000000000
98445  54.240  6.771  14.089 0.0000000000
98446  53.238  6.423  14.440 0.0000000000
65875  24.632  -17.731  39.759 0.0000000000
67295  24.103  -17.547  39.123 0.0000000000
63019  20.946  -20.186  40.701 0.0000000000
63030  20.593  -20.041  39.811 0.0000000000
61678  20.088  -20.478  39.802 0.0000000000
72596  30.816  -12.729  42.609 0.0000000000
72614  30.096  -13.499  41.918 0.0000000000
64430  26.662  -18.507  41.001 0.0000000000
64429  27.619  -18.642  40.717 0.0000000000
65863  26.239  -17.967  40.339 0.0000000000
65874  25.663  -17.601  39.658 0.0000000000
78027  42.052  -9.866  34.906 0.0000000000
78041  42.089  -9.713  33.830 0.0000000000
75490  42.565  -11.179  33.670 0.0000000000
74178  41.073  -12.654  28.981 0.0000000000
74177  41.869  -12.784  29.263 0.0000000000
74198  41.712  -12.646  28.245 0.0000000000
72855  36.211  -13.425  27.417 0.0000000000
72868  35.197  -13.766  26.432 0.0000000000
68903  25.758  -16.600  24.991 0.0000000000
68922  24.785  -16.766  24.283 0.0000000000
94964  54.344  3.747  17.491 0.0000000000
94977  54.833  3.301  16.931 0.0000000000
93813  56.433  2.756  16.303 0.0000000000
67486  21.447  -17.642  27.366 0.0000000000
66031  20.854  -18.099  27.829 0.0000000000
64478  19.712  -19.035  35.028 0.0000000000
64485  19.661  -19.024  34.045 0.0000000000
59377  17.238  -23.683  29.616 0.0000000000
68716  37.814  -15.963  38.140 0.0000000000
70138  38.090  -15.617  38.750 0.0000000000
68731  38.405  -15.887  37.659 0.0000000000
68745  38.076  -15.970  37.137 0.0000000000
68746  37.454  -16.043  36.730 0.0000000000
68733  36.837  -16.195  37.172 0.0000000000
70182  33.502  -16.054  35.232 0.0000000000
68764  33.998  -16.452  35.056 0.0000000000
68765  33.130  -16.310  34.732 0.0000000000
67377  32.138  -17.562  33.902 0.0000000000
68782  32.661  -16.805  34.167 0.0000000000
70143  29.496  -15.759  38.585 0.0000000000
70142  29.966  -15.345  38.175 0.0000000000
68719  29.581  -15.944  38.208 0.0000000000
67396  26.960  -16.748  32.864 0.0000000000
67410  27.842  -17.121  32.217 0.0000000000
67409  28.571  -17.818  32.628 0.0000000000
68827  26.821  -16.529  30.604 0.0000000000
67426  26.947  -16.568  31.081 0.0000000000
68865  22.643  -16.868  28.424 0.0000000000
88943  50.744  -1.213  13.522 0.0000000000
88944  49.767  -1.620  13.340 0.0000000000
60406  18.425  -21.294  43.363 0.0000000000
60414  18.356  -21.412  42.914 0.0000000000
61662  17.902  -21.071  42.528 0.0000000000
64453  14.342  -19.317  39.910 0.0000000000
64420  15.612  -19.129  41.298 0.0000000000
64452  15.237  -19.514  39.825 0.0000000000
64451  15.748  -19.772  39.819 0.0000000000
63048  14.810  -20.414  37.544 0.0000000000
63042  14.075  -20.080  38.380 0.0000000000
103478  54.802  10.307  18.308 0.0000000000
103466  54.704  10.688  19.012 0.0000000000
99664  53.996  7.625  21.256 0.0000000000
98384  53.891  6.701  20.763 0.0000000000
97178  54.194  5.678  20.513 0.0000000000
96074  56.300  4.398  19.629 0.0000000000
96065  55.274  4.713  20.664 0.0000000000
92572  54.110  1.378  20.920 0.0000000000
93751  53.651  1.661  20.187 0.0000000000
92574  53.115  0.965  20.066 0.0000000000
91446  52.425  0.969  19.029 0.0000000000
91430  52.658  0.407  19.779 0.0000000000
87594  50.162  -2.505  18.603 0.0000000000
87595  49.428  -2.832  18.373 0.0000000000
84667  50.785  -4.168  23.836 0.0000000000
84775  46.502  -4.065  19.839 0.0000000000
84800  45.578  -4.168  18.515 0.0000000000
78108  45.273  -9.653  30.703 0.0000000000
79359  45.433  -9.063  30.974 0.0000000000
80711  41.834  -7.238  26.468 0.0000000000
81934  42.569  -6.774  28.020 0.0000000000
81962  41.856  -6.797  25.484 0.0000000000
81974  42.453  -6.400  25.010 0.0000000000
81975  41.658  -6.811  24.800 0.0000000000
78286  39.138  -9.716  19.985 0.0000000000
79494  39.550  -9.035  20.146 0.0000000000
78287  38.508  -9.566  19.139 0.0000000000
79506  38.674  -8.791  18.949 0.0000000000
78308  37.948  -9.829  18.074 0.0000000000
78309  37.756  -10.366  17.689 0.0000000000
77094  38.046  -11.052  17.931 0.0000000000
74479  36.751  -12.203  15.574 0.0000000000
75657  37.402  -11.831  23.256 0.0000000000
75679  37.464  -11.627  22.136 0.0000000000
70215  35.189  -16.041  32.686 0.0000000000
70226  34.797  -15.853  31.976 0.0000000000
68884  30.793  -17.143  26.359 0.0000000000
68883  31.286  -16.840  26.528 0.0000000000
68901  30.734  -16.927  25.908 0.0000000000
68900  31.564  -16.244  25.467 0.0000000000
68918  30.599  -16.569  24.801 0.0000000000
63259  27.106  -20.158  23.004 0.0000000000
61890  27.771  -20.860  23.644 0.0000000000
92678  54.387  1.124  13.894 0.0000000000
91533  54.525  0.631  13.144 0.0000000000
64399  26.605  -19.299  42.205 0.0000000000
63002  25.719  -19.484  42.230 0.0000000000
61645  24.841  -19.955  42.969 0.0000000000
62992  23.885  -19.900  42.239 0.0000000000
62993  23.265  -20.037  42.130 0.0000000000
63006  22.693  -19.925  41.682 0.0000000000
61658  22.596  -20.291  42.302 0.0000000000
64385  27.626  -18.862  42.930 0.0000000000
64372  27.861  -18.356  42.916 0.0000000000
64398  27.521  -19.007  42.275 0.0000000000
64413  27.096  -18.838  41.617 0.0000000000
72677  41.672  -13.997  37.435 0.0000000000
72664  41.943  -13.372  37.501 0.0000000000
72676  42.103  -13.786  36.833 0.0000000000
71428  42.053  -14.081  34.668 0.0000000000
72705  42.334  -13.660  35.102 0.0000000000
72722  42.684  -13.617  34.207 0.0000000000
74089  42.631  -12.870  34.726 0.0000000000
72721  42.907  -13.200  33.626 0.0000000000
72739  42.535  -13.606  33.303 0.0000000000
72780  40.686  -13.197  31.764 0.0000000000
72779  41.605  -13.367  31.780 0.0000000000
72818  40.929  -12.844  29.916 0.0000000000
72819  39.809  -12.956  29.905 0.0000000000
66130  22.616  -18.042  24.279 0.0000000000
64710  23.045  -18.936  23.621 0.0000000000
64688  23.032  -19.388  23.758 0.0000000000
91484  57.058  1.079  16.896 0.0000000000
90258  56.547  0.254  16.383 0.0000000000
90291  55.572  -0.964  15.116 0.0000000000
88919  56.280  -1.349  15.208 0.0000000000
87648  55.376  -2.019  14.164 0.0000000000
67441  21.596  -17.651  30.373 0.0000000000
65955  20.923  -18.000  31.787 0.0000000000
65969  20.953  -18.071  30.811 0.0000000000
64558  19.726  -19.055  30.737 0.0000000000
63059  18.609  -20.837  35.404 0.0000000000
63067  18.396  -21.009  34.572 0.0000000000
61732  17.985  -21.722  34.668 0.0000000000
60503  17.206  -22.922  33.379 0.0000000000
60502  17.642  -22.356  33.600 0.0000000000
59329  16.861  -23.387  32.662 0.0000000000
59346  16.878  -23.589  31.763 0.0000000000
59347  16.576  -24.305  31.213 0.0000000000
59330  16.391  -24.226  32.307 0.0000000000
59314  15.759  -23.820  33.104 0.0000000000
58168  15.763  -24.732  32.525 0.0000000000
56972  15.269  -25.685  32.490 0.0000000000
58153  15.165  -24.849  32.983 0.0000000000
72629  36.249  -13.211  40.795 0.0000000000
70114  36.205  -14.783  39.721 0.0000000000
71367  36.529  -14.317  40.212 0.0000000000
70126  36.668  -15.273  39.157 0.0000000000
71381  34.469  -14.504  38.654 0.0000000000
71394  34.505  -14.820  37.623 0.0000000000
71408  33.746  -14.904  36.894 0.0000000000
67318  27.651  -17.857  37.089 0.0000000000
65898  28.267  -18.480  37.154 0.0000000000
67338  27.179  -17.331  36.533 0.0000000000
67382  25.815  -16.526  34.494 0.0000000000
68785  25.738  -16.456  33.961 0.0000000000
68799  25.993  -16.433  33.188 0.0000000000
68816  25.231  -16.340  32.442 0.0000000000
67439  22.981  -16.981  31.444 0.0000000000
67454  22.290  -17.302  29.979 0.0000000000
87649  48.393  -2.111  14.397 0.0000000000
87667  48.561  -2.095  13.285 0.0000000000
87668  47.637  -2.547  13.114 0.0000000000
86294  47.425  -3.501  12.102 0.0000000000
86315  48.024  -3.891  11.755 0.0000000000
84917  47.996  -4.427  11.743 0.0000000000
83415  48.615  -5.564  12.116 0.0000000000
64422  13.503  -19.054  41.704 0.0000000000
63023  12.879  -19.617  41.084 0.0000000000
63035  13.150  -19.955  39.637 0.0000000000
63036  12.365  -20.571  40.139 0.0000000000
88824  54.002  -0.980  21.885 0.0000000000
87556  52.713  -2.612  21.554 0.0000000000
88826  52.670  -2.058  21.036 0.0000000000
87557  51.964  -2.814  21.180 0.0000000000
87572  51.567  -2.627  20.461 0.0000000000
86160  51.432  -3.190  21.133 0.0000000000
84648  48.442  -4.634  24.326 0.0000000000
83289  46.560  -4.627  22.466 0.0000000000
83273  46.896  -4.679  22.993 0.0000000000
84719  46.046  -4.533  21.245 0.0000000000
83307  45.329  -4.771  21.326 0.0000000000
83292  43.649  -5.366  21.628 0.0000000000
76924  43.645  -10.605  27.592 0.0000000000
78142  43.485  -9.955  28.395 0.0000000000
76945  43.407  -10.855  26.588 0.0000000000
76966  41.820  -10.134  25.199 0.0000000000
78197  42.020  -10.013  26.282 0.0000000000
78198  41.570  -9.651  25.716 0.0000000000
79417  41.192  -8.686  26.172 0.0000000000
78216  41.274  -9.599  24.849 0.0000000000
79449  40.863  -8.671  24.266 0.0000000000
78234  41.246  -9.713  23.923 0.0000000000
75677  40.644  -11.061  22.127 0.0000000000
77023  40.831  -10.583  22.358 0.0000000000
77040  40.415  -10.549  21.849 0.0000000000
77052  39.944  -10.626  21.254 0.0000000000
75714  39.430  -11.566  20.188 0.0000000000
75737  39.006  -11.708  19.157 0.0000000000
74375  39.958  -12.028  20.537 0.0000000000
74377  39.080  -12.802  20.125 0.0000000000
72951  39.230  -13.040  19.301 0.0000000000
74427  38.344  -12.950  18.640 0.0000000000
74428  37.882  -12.700  18.152 0.0000000000
75739  37.846  -12.406  19.045 0.0000000000
74344  34.145  -12.312  22.484 0.0000000000
75700  34.490  -11.736  21.696 0.0000000000
74359  33.913  -11.989  21.833 0.0000000000
74430  32.086  -12.071  18.726 0.0000000000
65965  32.359  -18.508  31.406 0.0000000000
67436  32.600  -17.772  30.694 0.0000000000
65983  31.967  -18.183  30.298 0.0000000000
66029  30.573  -19.012  28.586 0.0000000000
66052  30.294  -18.660  27.500 0.0000000000
67481  30.743  -17.937  27.359 0.0000000000
66076  29.830  -18.744  26.619 0.0000000000
97250  54.045  5.700  12.930 0.0000000000
98486  54.793  5.979  12.568 0.0000000000
97292  53.712  5.045  11.821 0.0000000000
96147  53.058  4.585  12.128 0.0000000000
67341  24.108  -16.622  36.637 0.0000000000
67342  22.845  -17.113  36.666 0.0000000000
65899  22.260  -17.874  38.111 0.0000000000
65911  22.217  -17.711  37.342 0.0000000000
65913  20.592  -18.479  36.284 0.0000000000
65901  20.899  -18.435  37.109 0.0000000000
64433  23.432  -18.770  40.523 0.0000000000
64447  23.134  -18.500  39.891 0.0000000000
64448  22.525  -18.707  39.951 0.0000000000
64459  20.545  -19.466  38.661 0.0000000000
64467  20.204  -19.299  37.373 0.0000000000
64468  19.551  -19.981  37.122 0.0000000000
63058  18.947  -20.448  35.932 0.0000000000
61691  18.898  -21.268  37.313 0.0000000000
61692  18.519  -21.628  37.166 0.0000000000
72595  32.119  -12.805  42.235 0.0000000000
73941  32.016  -12.227  42.273 0.0000000000
72611  32.770  -12.740  41.702 0.0000000000
71331  32.714  -12.984  41.392 0.0000000000
72630  32.632  -13.343  40.752 0.0000000000
71352  30.568  -13.859  40.865 0.0000000000
71373  29.833  -14.420  40.289 0.0000000000
71385  30.124  -14.418  39.507 0.0000000000
68671  28.716  -16.137  41.605 0.0000000000
64445  28.509  -18.628  39.944 0.0000000000
67286  29.068  -17.020  40.505 0.0000000000
65870  29.041  -18.204  39.760 0.0000000000
68705  29.168  -16.677  39.522 0.0000000000
65871  28.741  -18.496  39.394 0.0000000000
65885  28.654  -18.541  38.531 0.0000000000
65887  27.142  -17.704  38.359 0.0000000000
67305  25.435  -17.030  38.275 0.0000000000
67321  24.799  -16.743  37.511 0.0000000000
84879  45.137  -4.169  12.777 0.0000000000
84593  49.722  -4.289  27.319 0.0000000000
84613  47.933  -4.454  26.804 0.0000000000
75452  42.323  -11.908  37.549 0.0000000000
78075  44.001  -9.904  32.727 0.0000000000
79309  43.439  -8.552  32.892 0.0000000000
78074  44.612  -9.879  32.545 0.0000000000
76831  45.279  -10.195  32.115 0.0000000000
76832  44.874  -10.573  32.145 0.0000000000
72776  43.519  -12.773  32.095 0.0000000000
74124  43.669  -12.291  32.645 0.0000000000
72796  43.387  -12.736  31.598 0.0000000000
74195  44.199  -12.074  29.503 0.0000000000
75553  44.564  -11.399  29.952 0.0000000000
74226  44.107  -12.047  28.682 0.0000000000
74227  43.629  -12.261  27.841 0.0000000000
74275  42.678  -12.486  24.869 0.0000000000
74276  41.462  -12.449  24.964 0.0000000000
74257  39.656  -12.397  26.080 0.0000000000
74278  39.077  -12.209  25.175 0.0000000000
74279  37.996  -12.306  25.225 0.0000000000
74260  36.710  -12.933  26.209 0.0000000000
74259  37.603  -12.565  26.115 0.0000000000
74301  35.958  -12.575  24.386 0.0000000000
72890  34.211  -13.854  24.542 0.0000000000
74303  34.176  -13.489  24.018 0.0000000000
72900  33.836  -13.707  23.971 0.0000000000
72910  32.925  -13.714  23.029 0.0000000000
72901  33.245  -13.913  23.635 0.0000000000
67482  28.195  -17.950  27.461 0.0000000000
66054  28.456  -18.864  27.167 0.0000000000
66055  28.031  -18.309  26.520 0.0000000000
67533  26.290  -17.545  23.911 0.0000000000
67532  26.948  -17.986  24.242 0.0000000000
67550  26.700  -18.344  23.559 0.0000000000
66154  26.652  -18.929  23.115 0.0000000000
66181  26.232  -19.035  22.458 0.0000000000
66184  23.732  -18.820  22.756 0.0000000000
66156  24.242  -17.860  22.971 0.0000000000
64730  23.731  -19.408  22.284 0.0000000000
61913  23.809  -21.246  21.521 0.0000000000
63294  24.227  -20.441  21.355 0.0000000000
63293  25.172  -20.564  21.207 0.0000000000
98419  52.306  6.428  16.769 0.0000000000
98431  52.258  6.181  15.854 0.0000000000
96111  52.343  4.325  16.446 0.0000000000
93832  54.731  2.275  15.661 0.0000000000
93834  52.831  2.856  15.744 0.0000000000
92650  53.910  1.950  15.237 0.0000000000
92665  54.087  1.581  14.592 0.0000000000
91482  58.242  0.998  16.137 0.0000000000
93829  57.682  2.150  15.864 0.0000000000
91501  58.378  0.874  15.696 0.0000000000
92661  58.254  1.058  14.913 0.0000000000
66032  20.275  -18.585  28.271 0.0000000000
64619  19.727  -19.227  27.658 0.0000000000
65933  20.839  -17.817  33.935 0.0000000000
64518  19.080  -19.536  32.439 0.0000000000
64517  19.718  -18.867  32.592 0.0000000000
64538  18.947  -19.594  31.201 0.0000000000
64539  18.669  -19.937  31.340 0.0000000000
61756  17.904  -21.406  32.690 0.0000000000
61765  17.867  -21.250  31.605 0.0000000000
61773  17.592  -22.168  29.999 0.0000000000
61782  17.702  -22.258  29.574 0.0000000000
71345  37.624  -13.543  40.306 0.0000000000
70123  39.176  -14.986  38.829 0.0000000000
71378  40.056  -13.969  38.887 0.0000000000
71392  40.506  -14.513  38.242 0.0000000000
70165  39.365  -15.185  36.541 0.0000000000
70179  39.471  -14.885  36.001 0.0000000000
71431  39.553  -14.641  35.603 0.0000000000
71444  38.626  -14.632  35.204 0.0000000000
71459  37.626  -14.523  34.240 0.0000000000
70191  38.077  -15.055  35.307 0.0000000000
68778  36.589  -16.041  35.281 0.0000000000
70193  36.493  -15.902  34.879 0.0000000000
70202  35.829  -16.204  33.853 0.0000000000
68796  35.905  -16.382  34.120 0.0000000000
67375  34.312  -17.225  34.287 0.0000000000
67374  34.921  -17.043  34.661 0.0000000000
67391  34.830  -17.147  34.146 0.0000000000
68798  34.646  -17.233  33.152 0.0000000000
67392  34.133  -17.537  33.545 0.0000000000
65937  33.853  -18.102  32.921 0.0000000000
65938  33.404  -18.465  33.246 0.0000000000
64495  31.419  -19.661  33.022 0.0000000000
64494  32.232  -19.161  33.009 0.0000000000
63094  30.728  -20.183  32.326 0.0000000000
63109  30.477  -20.087  31.449 0.0000000000
63110  30.063  -19.910  31.653 0.0000000000
71371  32.564  -13.592  39.987 0.0000000000
71383  32.309  -13.754  39.397 0.0000000000
70157  30.468  -15.291  37.150 0.0000000000
71410  31.576  -14.565  37.499 0.0000000000
71422  32.035  -14.690  36.740 0.0000000000
70172  30.824  -15.466  36.006 0.0000000000
64471  28.740  -18.709  36.301 0.0000000000
65908  29.538  -18.377  36.632 0.0000000000
64470  29.322  -18.831  36.058 0.0000000000
64476  29.507  -19.034  35.187 0.0000000000
65930  29.951  -18.769  34.649 0.0000000000
67379  30.486  -17.360  34.508 0.0000000000
65929  30.609  -18.384  34.142 0.0000000000
64482  30.302  -19.254  33.909 0.0000000000
64536  29.465  -19.016  31.852 0.0000000000
65986  29.068  -18.478  30.925 0.0000000000
65985  29.410  -19.166  30.657 0.0000000000
67451  28.505  -17.926  29.117 0.0000000000
68849  27.208  -16.666  28.859 0.0000000000
68840  24.504  -16.525  30.726 0.0000000000
68852  24.493  -16.616  29.670 0.0000000000
68875  23.710  -16.433  27.802 0.0000000000
68888  23.866  -16.407  26.811 0.0000000000
68906  23.038  -16.622  26.154 0.0000000000
68924  23.123  -16.570  25.248 0.0000000000
90310  52.252  -0.699  14.241 0.0000000000
87704  51.983  -2.921  11.656 0.0000000000
87706  49.930  -2.826  11.566 0.0000000000
83434  51.958  -5.471  11.792 0.0000000000
83417  46.288  -5.435  12.175 0.0000000000
67231  25.110  -17.933  43.620 0.0000000000
62928  23.733  -19.847  43.929 0.0000000000
62949  23.143  -20.042  43.829 0.0000000000
61648  22.320  -20.593  42.885 0.0000000000
61649  21.249  -21.057  42.986 0.0000000000
60412  19.575  -21.618  42.239 0.0000000000
61668  19.990  -21.328  41.707 0.0000000000
60419  19.288  -21.706  41.178 0.0000000000
60426  18.536  -21.864  40.596 0.0000000000
60434  17.894  -21.741  39.994 0.0000000000
60442  17.718  -21.814  38.882 0.0000000000
61686  17.181  -21.287  38.313 0.0000000000
64401  16.390  -19.173  41.932 0.0000000000
64386  16.502  -18.740  42.906 0.0000000000
62979  17.072  -19.701  42.515 0.0000000000
62966  17.339  -19.427  43.520 0.0000000000
63009  17.342  -20.547  41.203 0.0000000000
63010  16.886  -20.125  40.897 0.0000000000
63040  16.073  -20.271  38.484 0.0000000000
61694  16.442  -20.792  37.485 0.0000000000
61721  15.384  -21.357  35.518 0.0000000000
61697  13.078  -21.492  37.525 0.0000000000
100985  55.225  9.389  16.208 0.0000000000
101007  54.124  8.663  16.171 0.0000000000
100970  54.105  9.304  17.077 0.0000000000
102225  53.725  9.390  18.420 0.0000000000
100971  53.419  8.810  17.641 0.0000000000
100961  53.008  8.175  18.292 0.0000000000
97199  52.731  6.167  18.130 0.0000000000
99691  53.008  7.684  18.634 0.0000000000
102204  54.149  9.923  19.577 0.0000000000
102183  54.016  9.184  20.234 0.0000000000
97188  54.047  5.625  19.814 0.0000000000
98394  53.495  6.757  20.041 0.0000000000
97197  54.468  5.074  19.135 0.0000000000
96086  54.023  4.809  18.494 0.0000000000
96096  56.521  4.174  18.018 0.0000000000
94974  57.464  3.186  17.436 0.0000000000
94960  57.222  3.353  17.993 0.0000000000
93779  56.606  2.929  18.480 0.0000000000
93797  56.241  2.243  17.996 0.0000000000
93798  55.237  2.195  18.071 0.0000000000
93748  55.658  3.137  20.311 0.0000000000
93782  53.667  2.083  19.245 0.0000000000
93781  54.570  2.436  18.871 0.0000000000
92603  53.757  1.937  18.496 0.0000000000
92636  53.445  1.588  17.423 0.0000000000
90281  50.742  -0.651  15.512 0.0000000000
90261  50.602  -0.808  16.506 0.0000000000
88858  51.815  -1.026  19.605 0.0000000000
88893  49.606  -1.890  16.413 0.0000000000
87629  49.114  -2.284  16.071 0.0000000000
87618  47.878  -2.828  15.819 0.0000000000
86240  47.178  -3.020  15.764 0.0000000000
86089  53.279  -3.552  23.964 0.0000000000
86090  52.634  -3.635  23.357 0.0000000000
84714  50.787  -3.952  22.348 0.0000000000
86115  51.428  -3.741  22.262 0.0000000000
86139  50.146  -3.724  21.255 0.0000000000
84693  48.247  -4.457  22.607 0.0000000000
84774  47.518  -3.930  19.975 0.0000000000
84773  48.263  -3.854  20.342 0.0000000000
86198  48.451  -3.232  18.689 0.0000000000
86199  47.439  -3.653  18.532 0.0000000000
86214  46.594  -3.538  17.225 0.0000000000
86230  45.458  -3.562  15.954 0.0000000000
84835  44.311  -4.019  16.231 0.0000000000
84836  43.220  -4.376  16.049 0.0000000000
84778  43.862  -4.621  18.909 0.0000000000
84837  42.232  -4.726  16.014 0.0000000000
84563  46.971  -3.627  29.065 0.0000000000
83215  46.468  -4.690  27.077 0.0000000000
80631  45.821  -7.566  32.051 0.0000000000
80612  46.058  -7.239  32.585 0.0000000000
81877  45.699  -6.717  32.429 0.0000000000
84535  45.680  -5.528  32.341 0.0000000000
83183  44.852  -5.894  31.530 0.0000000000
79361  43.673  -8.159  30.237 0.0000000000
80666  42.730  -8.179  29.487 0.0000000000
83200  43.483  -5.944  29.467 0.0000000000
81909  43.487  -6.370  29.872 0.0000000000
83199  44.005  -5.380  29.800 0.0000000000
84566  44.615  -5.162  30.513 0.0000000000
83198  44.645  -4.709  29.177 0.0000000000
83207  44.161  -5.141  28.696 0.0000000000
81959  44.023  -5.811  26.598 0.0000000000
83228  44.478  -5.478  27.062 0.0000000000
83240  44.754  -5.594  26.139 0.0000000000
83252  44.618  -5.596  25.027 0.0000000000
83253  43.837  -5.845  24.646 0.0000000000
81993  42.380  -6.051  23.071 0.0000000000
81992  43.137  -5.912  23.639 0.0000000000
82003  42.105  -5.997  22.213 0.0000000000
82004  41.480  -6.163  21.676 0.0000000000
80745  40.711  -8.305  23.015 0.0000000000
80744  40.866  -7.679  23.378 0.0000000000
80752  40.653  -7.917  22.310 0.0000000000
80765  40.107  -7.634  20.191 0.0000000000
82012  40.644  -6.854  20.511 0.0000000000
82011  41.242  -6.160  20.762 0.0000000000
82016  40.507  -6.784  19.540 0.0000000000
82028  40.303  -6.401  18.451 0.0000000000
80781  39.612  -7.043  18.399 0.0000000000
80789  38.316  -8.047  17.191 0.0000000000
74447  39.067  -12.591  17.755 0.0000000000
75780  38.640  -11.929  17.459 0.0000000000
74461  38.725  -12.688  17.072 0.0000000000
73041  38.172  -13.060  15.165 0.0000000000
73058  37.780  -13.390  14.609 0.0000000000
74321  39.905  -12.329  23.131 0.0000000000
74341  39.335  -12.202  22.347 0.0000000000
75717  37.029  -11.433  20.263 0.0000000000
75765  36.560  -11.484  18.613 0.0000000000
72763  37.216  -13.665  32.683 0.0000000000
71499  35.432  -14.225  30.750 0.0000000000
71512  35.137  -14.016  29.561 0.0000000000
71513  34.533  -14.559  29.207 0.0000000000
68847  33.144  -16.482  29.454 0.0000000000
68835  33.893  -16.135  30.282 0.0000000000
70258  32.833  -15.840  27.410 0.0000000000
70250  33.519  -15.694  28.575 0.0000000000
70257  33.546  -15.315  27.642 0.0000000000
71536  33.922  -14.944  26.947 0.0000000000
71545  33.822  -14.913  26.289 0.0000000000
70269  33.275  -15.303  26.142 0.0000000000
70289  31.729  -15.317  24.040 0.0000000000
70288  32.322  -15.165  24.408 0.0000000000
70302  31.332  -15.259  23.401 0.0000000000
71582  31.507  -14.672  22.728 0.0000000000
64640  28.438  -19.897  26.553 0.0000000000
63199  28.914  -20.165  26.880 0.0000000000
63218  28.447  -20.252  25.681 0.0000000000
63257  28.252  -20.704  23.912 0.0000000000
63217  28.844  -20.182  25.403 0.0000000000
64686  28.762  -19.851  24.422 0.0000000000
66125  29.244  -18.722  25.156 0.0000000000
66126  29.008  -19.159  24.565 0.0000000000
63307  26.960  -20.591  21.028 0.0000000000
66218  27.983  -18.485  21.131 0.0000000000
66201  28.107  -18.880  22.082 0.0000000000
67549  28.666  -18.365  23.361 0.0000000000
67566  29.124  -17.258  22.980 0.0000000000
68956  29.159  -16.983  22.525 0.0000000000
68982  29.130  -16.129  21.462 0.0000000000
71595  29.762  -14.867  20.988 0.0000000000
97289  56.024  5.920  11.059 0.0000000000
97237  52.170  4.997  14.716 0.0000000000
97252  52.405  4.859  13.952 0.0000000000
96130  52.017  4.175  14.284 0.0000000000
95024  51.788  2.918  12.454 0.0000000000
93893  51.764  2.476  12.185 0.0000000000
93892  51.828  2.519  11.658 0.0000000000
88941  53.087  -1.160  13.810 0.0000000000
62973  27.189  -19.048  43.293 0.0000000000
62989  25.962  -19.554  42.563 0.0000000000
62975  25.997  -19.610  43.154 0.0000000000
62976  25.285  -19.852  42.908 0.0000000000
62963  25.127  -19.757  43.375 0.0000000000
71404  41.869  -14.320  36.264 0.0000000000
71429  41.324  -14.349  35.121 0.0000000000
71441  41.485  -14.166  34.209 0.0000000000
71455  41.686  -13.867  33.372 0.0000000000
71469  41.496  -13.708  32.917 0.0000000000
71470  41.163  -13.724  33.119 0.0000000000
72760  40.224  -13.319  32.587 0.0000000000
72801  39.076  -12.888  30.858 0.0000000000
72783  37.040  -13.339  31.621 0.0000000000
91502  55.539  0.420  16.228 0.0000000000
90259  55.980  0.314  16.226 0.0000000000
67428  22.251  -17.185  31.839 0.0000000000
67414  21.541  -17.474  32.301 0.0000000000
59313  16.623  -23.446  33.037 0.0000000000
60504  16.527  -22.971  33.728 0.0000000000
60505  15.784  -22.773  33.848 0.0000000000
71328  35.372  -13.286  40.973 0.0000000000
71368  35.651  -14.336  40.181 0.0000000000
70115  35.462  -14.585  39.603 0.0000000000
70128  35.169  -14.598  39.160 0.0000000000
68768  25.020  -16.490  35.075 0.0000000000
68786  25.067  -16.412  34.435 0.0000000000
68817  24.368  -16.541  32.716 0.0000000000
68818  23.602  -16.744  32.920 0.0000000000
67427  22.967  -16.952  32.369 0.0000000000
87691  46.938  -3.212  12.509 0.0000000000
84894  47.396  -4.281  11.887 0.0000000000
63012  12.292  -20.341  41.804 0.0000000000
88812  54.412  -1.355  22.549 0.0000000000
88813  53.763  -1.964  22.170 0.0000000000
87539  53.145  -2.805  22.251 0.0000000000
83249  47.838  -4.732  24.362 0.0000000000
83274  46.050  -4.811  23.190 0.0000000000
83275  44.891  -5.144  22.970 0.0000000000
75621  43.341  -11.650  25.703 0.0000000000
76964  43.302  -11.245  26.029 0.0000000000
76983  42.491  -11.169  24.483 0.0000000000
77003  41.940  -10.829  23.697 0.0000000000
78250  41.315  -10.107  23.295 0.0000000000
75676  41.048  -11.530  22.402 0.0000000000
74355  40.859  -12.000  21.620 0.0000000000
74376  39.616  -12.449  20.017 0.0000000000
74356  40.467  -12.249  21.152 0.0000000000
64556  30.939  -19.731  30.479 0.0000000000
64574  31.176  -19.263  30.261 0.0000000000
64575  30.730  -19.610  29.714 0.0000000000
64594  30.400  -19.697  28.871 0.0000000000
63178  29.882  -19.931  27.875 0.0000000000
98466  55.806  7.060  13.238 0.0000000000
97251  53.067  5.199  13.312 0.0000000000
67306  24.391  -17.085  38.404 0.0000000000
67307  23.377  -17.498  38.572 0.0000000000
67308  22.765  -17.694  38.326 0.0000000000
65889  22.625  -17.995  38.813 0.0000000000
64435  21.619  -19.535  40.363 0.0000000000
63029  21.217  -19.756  40.281 0.0000000000
64450  20.692  -19.699  39.267 0.0000000000
63046  19.490  -20.343  37.751 0.0000000000
63039  19.708  -20.424  38.769 0.0000000000
60432  18.845  -21.622  38.996 0.0000000000
73942  31.594  -12.693  42.801 0.0000000000
72633  30.334  -13.681  41.545 0.0000000000
65854  28.902  -18.098  41.234 0.0000000000
64411  28.727  -18.641  40.985 0.0000000000
65861  27.756  -18.407  40.147 0.0000000000
65873  26.893  -17.697  39.206 0.0000000000
76765  42.373  -11.267  36.218 0.0000000000
78012  42.343  -10.131  36.410 0.0000000000
80561  41.894  -7.772  34.825 0.0000000000
80572  42.184  -7.763  33.886 0.0000000000
78059  42.469  -9.675  33.315 0.0000000000
72816  42.549  -12.866  30.535 0.0000000000
74157  43.071  -12.647  30.487 0.0000000000
74176  42.767  -12.677  29.724 0.0000000000
74256  40.855  -12.337  26.075 0.0000000000
72839  37.397  -12.899  28.343 0.0000000000
74202  37.626  -12.871  27.469 0.0000000000
72866  36.655  -13.157  26.923 0.0000000000
74261  36.146  -13.081  26.084 0.0000000000
72888  35.626  -13.159  25.275 0.0000000000
72878  35.678  -13.216  25.954 0.0000000000
72879  35.147  -13.577  25.639 0.0000000000
72880  34.581  -13.958  25.323 0.0000000000
68872  26.879  -16.696  26.959 0.0000000000
67500  27.198  -17.322  25.821 0.0000000000
68885  26.651  -16.915  25.738 0.0000000000
68902  26.477  -17.166  24.716 0.0000000000
68939  25.449  -17.296  23.411 0.0000000000
96100  52.511  4.908  17.119 0.0000000000
96110  52.959  3.901  16.838 0.0000000000
93815  54.259  2.828  16.327 0.0000000000
93831  55.859  2.236  15.653 0.0000000000
90274  57.853  -0.400  15.919 0.0000000000
64598  19.284  -19.772  28.168 0.0000000000
65934  20.227  -18.423  34.506 0.0000000000
60536  17.306  -22.873  30.307 0.0000000000
70112  37.905  -14.696  39.813 0.0000000000
71380  38.536  -14.380  39.639 0.0000000000
70124  38.473  -14.960  39.167 0.0000000000
70137  38.813  -15.417  38.619 0.0000000000
70136  39.506  -15.310  38.276 0.0000000000
70135  40.126  -15.150  37.708 0.0000000000
70181  37.821  -15.751  35.936 0.0000000000
68760  37.084  -15.990  35.932 0.0000000000
68761  36.282  -16.461  35.620 0.0000000000
70168  34.897  -15.978  36.129 0.0000000000
68749  35.180  -16.452  35.786 0.0000000000
68750  34.606  -16.188  35.588 0.0000000000
67356  33.962  -16.986  34.493 0.0000000000
67376  33.374  -17.603  34.071 0.0000000000
65927  32.506  -18.312  33.731 0.0000000000
64481  31.074  -19.188  33.621 0.0000000000
71384  31.127  -14.042  39.387 0.0000000000
71411  30.708  -14.728  37.996 0.0000000000
65942  28.247  -17.946  34.548 0.0000000000
65931  28.595  -18.473  34.974 0.0000000000
65941  28.730  -18.304  33.992 0.0000000000
65954  29.055  -18.397  33.042 0.0000000000
67424  28.519  -17.723  31.498 0.0000000000
68837  27.035  -16.573  29.860 0.0000000000
68876  22.818  -16.718  27.822 0.0000000000
67501  22.160  -17.091  26.728 0.0000000000
67502  21.289  -17.845  26.429 0.0000000000
88923  51.518  -0.728  14.271 0.0000000000
84915  49.377  -4.358  11.554 0.0000000000
84914  50.303  -4.376  11.525 0.0000000000
83436  49.957  -5.069  11.769 0.0000000000
60413  18.832  -21.667  42.585 0.0000000000
61674  17.502  -21.072  40.473 0.0000000000
64402  15.277  -18.467  42.384 0.0000000000
64419  16.416  -19.639  41.126 0.0000000000
64436  16.508  -19.910  40.655 0.0000000000
63022  16.112  -19.963  39.801 0.0000000000
63033  15.655  -19.884  39.246 0.0000000000
63047  15.651  -20.291  37.798 0.0000000000
61707  15.149  -20.760  36.529 0.0000000000
63053  14.270  -20.731  36.962 0.0000000000
102235  54.843  9.665  16.983 0.0000000000
102215  53.749  9.375  19.192 0.0000000000
100929  53.922  8.720  20.301 0.0000000000
99665  53.866  7.827  20.681 0.0000000000
98393  53.909  6.182  20.314 0.0000000000
97187  55.200  4.923  19.546 0.0000000000
96084  56.431  4.400  18.628 0.0000000000
93761  56.128  3.212  19.333 0.0000000000
93749  54.748  2.741  20.545 0.0000000000
93750  54.104  1.914  20.494 0.0000000000
93764  53.573  1.962  19.838 0.0000000000
92604  52.942  1.761  18.842 0.0000000000
91465  52.345  1.278  18.136 0.0000000000
91447  51.999  0.344  18.535 0.0000000000
90223  51.391  -0.425  18.238 0.0000000000
88842  51.575  -2.071  19.900 0.0000000000
88860  50.623  -2.197  18.815 0.0000000000
87605  49.459  -2.462  17.472 0.0000000000
87616  49.192  -2.416  16.754 0.0000000000
87606  48.701  -2.816  17.274 0.0000000000
84666  51.733  -4.028  23.922 0.0000000000
84689  52.071  -3.810  23.377 0.0000000000
84798  47.153  -3.877  19.306 0.0000000000
84818  45.195  -4.017  17.643 0.0000000000
83322  43.556  -5.035  19.677 0.0000000000
83341  43.222  -4.959  18.933 0.0000000000
83359  42.154  -5.121  17.560 0.0000000000
83371  41.432  -5.152  16.289 0.0000000000
83360  41.390  -5.300  17.262 0.0000000000
83344  40.780  -5.773  17.656 0.0000000000
84580  46.359  -3.979  28.676 0.0000000000
78055  45.869  -8.822  32.929 0.0000000000
79327  46.352  -8.270  32.716 0.0000000000
79344  46.218  -8.341  32.065 0.0000000000
79345  45.570  -8.462  31.435 0.0000000000
80632  45.125  -7.578  31.558 0.0000000000
79388  42.046  -8.701  28.252 0.0000000000
80683  42.397  -7.678  28.870 0.0000000000
81920  42.811  -6.868  28.747 0.0000000000
81933  43.172  -6.205  28.392 0.0000000000
83218  43.818  -5.647  28.123 0.0000000000
81947  43.544  -6.012  27.324 0.0000000000
81960  43.307  -6.154  26.325 0.0000000000
81973  43.406  -6.071  25.308 0.0000000000
81983  42.350  -6.265  24.128 0.0000000000
79493  39.991  -8.711  20.753 0.0000000000
79504  39.679  -8.302  19.931 0.0000000000
80769  39.110  -7.996  18.849 0.0000000000
80783  38.367  -8.270  17.815 0.0000000000
79542  37.777  -9.349  16.663 0.0000000000
75795  38.418  -11.919  16.411 0.0000000000
74462  38.267  -12.902  16.943 0.0000000000
75678  38.495  -11.883  21.935 0.0000000000
75718  35.963  -11.237  20.445 0.0000000000
75768  33.130  -11.405  18.552 0.0000000000
75767  34.516  -11.011  18.529 0.0000000000
75786  32.860  -11.395  17.219 0.0000000000
71473  35.838  -15.067  32.757 0.0000000000
70235  35.144  -15.045  31.641 0.0000000000
68859  31.645  -17.229  28.070 0.0000000000
68858  32.378  -16.720  28.287 0.0000000000
68869  32.150  -16.352  27.060 0.0000000000
70264  32.769  -15.751  26.515 0.0000000000
70270  32.728  -15.512  25.633 0.0000000000
68899  32.147  -15.860  25.620 0.0000000000
70278  31.329  -15.952  24.449 0.0000000000
70290  30.910  -15.915  23.891 0.0000000000
64707  27.471  -20.025  24.083 0.0000000000
63241  27.894  -20.639  24.561 0.0000000000
61889  27.988  -20.988  23.689 0.0000000000
63275  28.081  -20.650  23.406 0.0000000000
64763  26.962  -19.856  20.119 0.0000000000
67580  28.355  -17.708  21.485 0.0000000000
68971  28.911  -16.931  21.838 0.0000000000
93858  52.042  2.622  14.102 0.0000000000
95011  51.922  3.361  13.666 0.0000000000
87684  53.726  -2.525  12.879 0.0000000000
86291  53.484  -3.447  12.128 0.0000000000
64431  25.610  -18.566  41.024 0.0000000000
65865  24.267  -18.198  40.318 0.0000000000
64416  23.995  -19.237  41.341 0.0000000000
63003  25.078  -19.583  41.865 0.0000000000
63004  24.361  -19.591  41.911 0.0000000000
64417  23.083  -19.452  41.236 0.0000000000
63017  22.235  -19.798  41.203 0.0000000000
63007  21.994  -20.088  41.474 0.0000000000
63008  21.432  -20.309  41.253 0.0000000000
68660  28.401  -16.155  41.988 0.0000000000
65832  28.137  -17.763  42.391 0.0000000000
65845  28.612  -18.115  41.936 0.0000000000
64397  28.450  -18.680  41.753 0.0000000000
74010  41.537  -12.430  38.420 0.0000000000
75462  42.446  -11.952  36.750 0.0000000000
72690  42.233  -13.754  35.945 0.0000000000
74052  42.349  -12.961  36.328 0.0000000000
75469  42.411  -12.157  35.626 0.0000000000
75478  42.505  -11.797  34.429 0.0000000000
74106  43.121  -12.651  33.499 0.0000000000
72738  43.079  -13.018  33.022 0.0000000000
72778  42.412  -13.254  31.849 0.0000000000
72758  41.987  -13.626  32.659 0.0000000000
72798  42.112  -13.121  31.069 0.0000000000
72837  39.540  -12.840  28.943 0.0000000000
72838  38.478  -12.782  28.709 0.0000000000
72840  36.392  -13.265  28.230 0.0000000000
72841  35.583  -13.610  28.028 0.0000000000
68923  23.845  -16.557  24.789 0.0000000000
67535  23.803  -17.100  23.882 0.0000000000
66157  23.526  -18.174  23.380 0.0000000000
63242  23.038  -20.011  23.990 0.0000000000
61870  23.025  -20.888  23.397 0.0000000000
93811  57.751  2.392  16.674 0.0000000000
93812  57.249  2.652  16.259 0.0000000000
93810  58.079  2.027  16.300 0.0000000000
91483  57.893  1.008  16.469 0.0000000000
90275  56.904  -0.424  16.017 0.0000000000
88918  56.827  -1.596  15.321 0.0000000000
66009  20.259  -18.481  29.299 0.0000000000
64578  19.743  -19.036  29.741 0.0000000000
64579  19.294  -19.671  29.174 0.0000000000
63126  18.708  -20.145  29.540 0.0000000000
63079  18.706  -20.180  34.073 0.0000000000
61745  17.598  -22.260  32.980 0.0000000000
59362  16.963  -23.857  30.633 0.0000000000
58167  16.075  -24.980  31.962 0.0000000000
71366  37.363  -14.200  40.146 0.0000000000
70139  37.201  -15.775  38.648 0.0000000000
68717  36.985  -16.048  37.888 0.0000000000
68718  36.366  -16.062  37.544 0.0000000000
70153  35.887  -15.951  37.463 0.0000000000
70154  35.129  -15.551  37.058 0.0000000000
70155  34.351  -15.274  36.741 0.0000000000
65896  29.360  -18.576  37.751 0.0000000000
67317  29.643  -17.905  37.270 0.0000000000
64464  28.641  -18.748  36.883 0.0000000000
65910  28.262  -18.400  36.435 0.0000000000
67359  27.743  -17.716  35.559 0.0000000000
67360  27.032  -17.210  35.596 0.0000000000
67380  27.679  -17.478  34.821 0.0000000000
68828  26.250  -16.461  31.068 0.0000000000
68829  25.320  -16.326  31.417 0.0000000000
68841  23.740  -16.816  31.086 0.0000000000
67469  22.933  -16.986  29.702 0.0000000000
88945  49.149  -1.784  13.375 0.0000000000
87707  48.949  -2.935  11.696 0.0000000000
86293  48.114  -3.191  11.908 0.0000000000
86314  48.757  -3.706  11.576 0.0000000000
83437  49.056  -5.008  11.771 0.0000000000
65835  14.721  -17.892  43.298 0.0000000000
61682  12.698  -20.898  38.985 0.0000000000
61683  12.222  -21.099  39.690 0.0000000000
91413  53.606  0.274  21.088 0.0000000000
90184  53.260  -0.528  20.938 0.0000000000
88841  52.258  -1.567  20.310 0.0000000000
88825  53.337  -1.529  21.464 0.0000000000
87582  51.142  -2.373  19.791 0.0000000000
86181  50.270  -3.184  20.084 0.0000000000
84668  49.713  -4.453  23.750 0.0000000000
84670  47.597  -4.633  23.186 0.0000000000
84694  47.336  -4.519  22.430 0.0000000000
84748  44.977  -4.730  20.052 0.0000000000
83310  42.677  -5.407  20.363 0.0000000000
84544  45.692  -4.337  31.614 0.0000000000
78125  44.334  -10.103  29.246 0.0000000000
79373  44.172  -9.406  29.713 0.0000000000
78126  43.754  -9.633  29.124 0.0000000000
78127  43.128  -9.330  28.984 0.0000000000
78143  42.675  -9.457  28.406 0.0000000000
76946  42.567  -10.243  26.670 0.0000000000
78157  42.263  -9.638  27.513 0.0000000000
79401  41.682  -8.757  27.457 0.0000000000
80712  41.505  -8.041  26.659 0.0000000000
80723  41.372  -7.559  25.690 0.0000000000
79461  40.776  -8.793  23.469 0.0000000000
79462  40.731  -8.882  22.855 0.0000000000
78251  40.968  -9.787  22.704 0.0000000000
79473  40.601  -9.037  22.331 0.0000000000
78273  40.205  -9.706  21.373 0.0000000000
77069  38.904  -10.670  19.690 0.0000000000
75761  39.260  -12.273  18.508 0.0000000000
72994  39.193  -12.821  18.023 0.0000000000
72929  39.363  -12.774  19.353 0.0000000000
72973  39.024  -13.192  18.622 0.0000000000
73020  38.587  -13.087  17.672 0.0000000000
74448  38.262  -12.984  17.847 0.0000000000
74449  37.717  -12.581  17.519 0.0000000000
75782  37.050  -12.101  17.305 0.0000000000
74342  35.601  -11.958  22.696 0.0000000000
75699  35.607  -11.550  21.473 0.0000000000
75681  35.310  -11.862  22.243 0.0000000000
75744  33.060  -11.783  19.797 0.0000000000
75769  32.331  -11.754  17.839 0.0000000000
67421  34.024  -17.269  32.210 0.0000000000
68825  34.005  -16.593  31.471 0.0000000000
68826  33.526  -17.125  31.206 0.0000000000
67448  32.969  -17.231  30.291 0.0000000000
67449  32.360  -17.481  29.746 0.0000000000
66004  31.239  -18.575  29.483 0.0000000000
67450  31.799  -17.795  29.332 0.0000000000
67466  31.577  -17.637  28.629 0.0000000000
67480  31.174  -17.667  27.820 0.0000000000
67496  31.052  -17.446  27.154 0.0000000000
67497  30.441  -17.738  26.607 0.0000000000
63292  26.329  -20.833  21.427 0.0000000000
61910  26.020  -21.345  20.635 0.0000000000
63308  26.460  -20.815  20.414 0.0000000000
61954  26.033  -21.291  19.546 0.0000000000
64764  26.598  -20.376  19.837 0.0000000000
98506  55.735  6.100  11.675 0.0000000000
97269  55.033  5.883  11.946 0.0000000000
97291  54.469  5.382  11.533 0.0000000000
96166  53.814  4.932  11.068 0.0000000000
96173  53.132  4.287  10.607 0.0000000000
95048  52.399  3.480  10.513 0.0000000000
67385  22.549  -17.091  34.658 0.0000000000
67364  22.738  -17.022  35.563 0.0000000000
67365  22.002  -17.480  35.377 0.0000000000
65876  23.635  -18.049  39.706 0.0000000000
65877  22.896  -18.300  39.460 0.0000000000
65890  21.831  -18.443  38.619 0.0000000000
64466  20.887  -18.687  37.610 0.0000000000
64479  19.249  -19.658  35.533 0.0000000000
61718  18.684  -20.988  35.827 0.0000000000
61704  18.809  -21.098  36.351 0.0000000000
60468  17.945  -21.951  36.123 0.0000000000
60469  17.438  -21.979  36.557 0.0000000000
71330  33.447  -13.045  41.190 0.0000000000
72645  32.821  -13.403  40.548 0.0000000000
72657  31.748  -13.685  40.006 0.0000000000
72647  31.525  -13.585  40.668 0.0000000000
70129  29.694  -15.131  38.959 0.0000000000
70130  29.237  -15.853  39.167 0.0000000000
70098  29.069  -15.428  40.497 0.0000000000
67279  28.951  -17.264  40.910 0.0000000000
68683  29.015  -16.252  40.548 0.0000000000
70118  29.097  -15.968  39.901 0.0000000000
67302  29.543  -17.763  38.193 0.0000000000
65886  27.840  -18.178  38.157 0.0000000000
67319  26.853  -17.268  37.265 0.0000000000
67304  26.511  -17.318  38.193 0.0000000000
67340  25.273  -16.626  36.504 0.0000000000
86280  45.559  -3.590  13.236 0.0000000000
83418  45.319  -5.465  12.310 0.0000000000
84644  52.307  -4.084  24.675 0.0000000000
84627  51.209  -4.406  25.559 0.0000000000
84629  49.083  -4.654  25.666 0.0000000000
83224  48.254  -4.726  25.694 0.0000000000
79308  44.502  -8.390  33.049 0.0000000000
78073  45.441  -9.708  32.327 0.0000000000
75505  43.689  -11.462  32.903 0.0000000000
75504  44.177  -11.498  32.382 0.0000000000
74156  43.619  -12.492  30.966 0.0000000000
74155  44.217  -12.010  31.304 0.0000000000
75519  44.592  -11.423  31.711 0.0000000000
75535  44.636  -11.393  30.866 0.0000000000
76867  45.023  -10.610  30.468 0.0000000000
76884  44.694  -10.726  29.505 0.0000000000
76902  44.307  -10.837  28.665 0.0000000000
76923  44.107  -11.041  27.927 0.0000000000
75594  43.855  -11.500  27.186 0.0000000000
74274  43.169  -12.078  25.427 0.0000000000
74298  39.515  -12.196  24.160 0.0000000000
74323  37.956  -11.871  23.791 0.0000000000
75637  36.956  -11.919  23.819 0.0000000000
74231  39.023  -12.600  26.962 0.0000000000
75658  36.496  -12.004  23.562 0.0000000000
74324  35.720  -12.135  23.239 0.0000000000
74302  34.705  -13.174  24.121 0.0000000000
74345  33.057  -13.146  22.493 0.0000000000
64577  29.056  -19.473  28.896 0.0000000000
63160  29.178  -20.087  28.297 0.0000000000
64596  28.913  -19.696  28.093 0.0000000000
66077  28.293  -19.407  26.472 0.0000000000
64641  28.258  -19.669  26.124 0.0000000000
67499  27.619  -17.861  26.003 0.0000000000
67531  27.470  -18.644  24.729 0.0000000000
64687  27.778  -19.954  24.851 0.0000000000
64708  27.074  -19.878  23.346 0.0000000000
64746  26.463  -20.342  22.060 0.0000000000
67534  24.523  -17.074  23.550 0.0000000000
67552  24.895  -17.537  23.034 0.0000000000
67569  25.359  -18.074  22.569 0.0000000000
63295  23.587  -20.335  21.888 0.0000000000
66204  24.561  -19.079  21.823 0.0000000000
66182  25.614  -18.747  22.175 0.0000000000
64747  25.779  -19.794  21.754 0.0000000000
98430  52.891  6.843  15.247 0.0000000000
96122  51.996  4.228  15.268 0.0000000000
94992  52.231  3.445  15.629 0.0000000000
93847  52.383  2.664  14.993 0.0000000000
92666  53.011  1.934  14.767 0.0000000000
93830  56.872  2.250  15.722 0.0000000000
92647  57.316  1.680  15.212 0.0000000000
92648  56.336  1.757  15.146 0.0000000000
92663  56.661  1.086  14.336 0.0000000000
64642  19.984  -19.658  26.473 0.0000000000
65956  20.294  -18.475  32.254 0.0000000000
65944  20.165  -18.501  33.338 0.0000000000
63096  18.743  -20.104  33.172 0.0000000000
63112  18.454  -20.414  31.137 0.0000000000
63127  18.303  -20.769  29.994 0.0000000000
71364  38.845  -13.772  39.717 0.0000000000
72655  40.422  -13.047  39.043 0.0000000000
72654  41.050  -13.003  38.628 0.0000000000
71391  41.190  -14.356  37.664 0.0000000000
71405  41.355  -14.613  36.926 0.0000000000
70150  40.322  -15.045  36.985 0.0000000000
70149  40.834  -14.763  36.503 0.0000000000
71430  40.455  -14.635  35.570 0.0000000000
71443  39.671  -14.338  34.979 0.0000000000
72744  38.384  -13.926  33.977 0.0000000000
71460  36.710  -15.076  33.972 0.0000000000
70200  36.948  -15.182  34.427 0.0000000000
70213  36.316  -15.318  33.677 0.0000000000
70214  35.723  -15.717  33.325 0.0000000000
68813  35.265  -16.374  33.077 0.0000000000
68762  35.449  -16.824  35.221 0.0000000000
67408  33.752  -17.775  32.357 0.0000000000
65952  33.212  -18.330  32.369 0.0000000000
65953  32.602  -18.714  32.097 0.0000000000
64493  32.814  -18.839  33.030 0.0000000000
64512  32.583  -18.929  32.550 0.0000000000
64534  31.790  -19.222  31.625 0.0000000000
63123  30.916  -19.929  31.022 0.0000000000
64576  29.345  -19.777  29.481 0.0000000000
71421  32.764  -14.839  36.448 0.0000000000
70170  32.804  -15.274  35.796 0.0000000000
70184  31.942  -15.489  35.170 0.0000000000
68737  29.615  -17.062  37.458 0.0000000000
68752  29.715  -17.358  36.811 0.0000000000
68751  29.915  -16.445  36.379 0.0000000000
65918  29.728  -18.391  35.569 0.0000000000
68767  30.789  -16.163  34.870 0.0000000000
68783  31.585  -16.770  34.127 0.0000000000
67378  31.167  -17.543  34.038 0.0000000000
64496  30.576  -19.847  33.050 0.0000000000
64516  29.535  -19.101  32.547 0.0000000000
64515  30.012  -19.786  32.386 0.0000000000
64535  29.762  -19.432  31.462 0.0000000000
66006  29.385  -19.426  30.064 0.0000000000
67467  28.394  -17.993  28.072 0.0000000000
67468  27.867  -17.445  27.732 0.0000000000
68860  27.350  -16.855  27.933 0.0000000000
68871  27.504  -17.093  27.390 0.0000000000
68863  24.520  -16.390  28.608 0.0000000000
68862  25.520  -16.265  28.332 0.0000000000
68887  24.781  -16.215  26.484 0.0000000000
67536  22.992  -16.972  24.443 0.0000000000
66103  21.821  -18.216  25.087 0.0000000000
64665  22.127  -18.942  24.644 0.0000000000
90278  53.281  0.098  15.177 0.0000000000
90294  52.850  -0.513  14.453 0.0000000000
88964  52.787  -1.695  13.081 0.0000000000
88942  51.912  -0.966  13.828 0.0000000000
88967  49.802  -1.839  12.597 0.0000000000
87687  50.287  -2.171  12.004 0.0000000000
87705  50.968  -2.861  11.591 0.0000000000
86311  51.654  -3.654  11.454 0.0000000000
84912  52.313  -4.493  11.485 0.0000000000
86296  45.918  -3.914  12.464 0.0000000000
84895  46.543  -4.536  12.072 0.0000000000
83416  47.484  -5.291  11.984 0.0000000000
65801  25.577  -18.176  43.773 0.0000000000
62964  24.329  -19.966  43.567 0.0000000000
62948  23.882  -19.954  43.767 0.0000000000
61647  23.342  -20.353  42.872 0.0000000000
61667  20.748  -20.713  41.438 0.0000000000
61640  21.298  -20.922  43.529 0.0000000000
61660  20.558  -21.188  42.365 0.0000000000
60433  18.371  -21.866  39.499 0.0000000000
62978  17.650  -20.334  42.962 0.0000000000
63021  16.671  -20.235  40.211 0.0000000000
61681  16.940  -20.797  39.760 0.0000000000
61693  17.062  -21.278  37.714 0.0000000000
60470  16.910  -21.481  36.848 0.0000000000
60482  16.754  -21.810  35.825 0.0000000000
61720  16.034  -21.696  35.265 0.0000000000
61733  15.888  -21.981  34.751 0.0000000000
60506  15.304  -22.585  34.015 0.0000000000
60497  14.863  -22.490  34.456 0.0000000000
63049  13.716  -20.717  37.551 0.0000000000
61709  13.307  -21.761  36.909 0.0000000000
99731  55.076  8.340  15.204 0.0000000000
99732  53.662  7.980  15.750 0.0000000000
99711  52.667  7.490  16.782 0.0000000000
99699  53.061  8.393  17.436 0.0000000000
97208  52.588  5.565  17.652 0.0000000000
97207  53.067  5.129  18.104 0.0000000000
94963  55.371  3.785  17.535 0.0000000000
99683  53.662  7.845  20.113 0.0000000000
99690  53.312  7.731  19.415 0.0000000000
98401  53.121  6.773  19.179 0.0000000000
97198  53.203  5.605  18.786 0.0000000000
96098  54.679  4.145  18.147 0.0000000000
94975  56.984  3.211  16.967 0.0000000000
92615  57.411  2.142  17.246 0.0000000000
91463  56.818  1.341  17.137 0.0000000000
93778  57.115  3.162  18.123 0.0000000000
93796  57.014  2.492  17.833 0.0000000000
91464  56.515  1.279  17.112 0.0000000000
92633  55.448  1.118  16.891 0.0000000000
91486  55.149  0.861  16.538 0.0000000000
91487  54.231  1.068  16.514 0.0000000000
97166  54.603  5.012  20.810 0.0000000000
92618  54.689  1.737  17.563 0.0000000000
92635  53.987  1.489  17.159 0.0000000000
91505  52.565  0.546  15.853 0.0000000000
91506  51.758  0.257  15.735 0.0000000000
90280  51.427  -0.185  15.299 0.0000000000
88905  50.174  -1.132  15.198 0.0000000000
90204  52.208  -0.501  19.744 0.0000000000
88872  50.768  -1.112  17.896 0.0000000000
90242  50.598  -0.933  17.038 0.0000000000
88907  49.034  -1.788  14.741 0.0000000000
87632  46.978  -2.733  14.321 0.0000000000
86112  53.688  -3.018  23.421 0.0000000000
86113  53.073  -3.228  22.907 0.0000000000
86136  52.623  -3.154  22.202 0.0000000000
86161  50.703  -3.301  20.733 0.0000000000
86182  49.542  -3.256  19.720 0.0000000000
84743  49.470  -3.896  21.359 0.0000000000
84744  48.694  -3.978  21.002 0.0000000000
86197  49.148  -3.185  19.076 0.0000000000
86212  48.120  -3.144  17.890 0.0000000000
86228  47.413  -3.089  16.628 0.0000000000
86243  44.722  -3.578  14.667 0.0000000000
84820  43.485  -4.442  17.069 0.0000000000
84578  48.479  -3.902  28.053 0.0000000000
83214  47.198  -4.600  26.720 0.0000000000
79360  44.585  -8.670  30.546 0.0000000000
80648  44.505  -7.616  31.113 0.0000000000
81886  44.695  -6.819  31.415 0.0000000000
80665  43.138  -7.479  29.812 0.0000000000
81897  44.134  -6.738  30.916 0.0000000000
83184  44.478  -6.294  31.209 0.0000000000
83191  44.737  -5.474  31.083 0.0000000000
84556  45.079  -4.973  31.039 0.0000000000
84581  45.459  -4.313  29.017 0.0000000000
84597  45.760  -4.441  28.302 0.0000000000
83217  44.508  -5.268  27.897 0.0000000000
83216  45.453  -4.833  27.578 0.0000000000
83311  41.884  -5.715  20.095 0.0000000000
81995  40.871  -6.837  22.201 0.0000000000
82027  41.000  -6.066  19.088 0.0000000000
77113  38.156  -11.392  17.370 0.0000000000
74340  40.083  -12.652  22.121 0.0000000000
74358  39.308  -12.468  21.388 0.0000000000
75715  38.571  -12.531  20.273 0.0000000000
75716  38.014  -12.159  20.043 0.0000000000
75766  35.701  -11.042  18.529 0.0000000000
71498  36.177  -13.762  31.463 0.0000000000
72823  35.700  -13.531  28.905 0.0000000000
70243  34.190  -15.361  29.729 0.0000000000
70249  34.028  -15.112  28.887 0.0000000000
71526  34.410  -14.513  28.365 0.0000000000
71534  34.890  -14.031  27.799 0.0000000000
71543  34.873  -14.122  27.094 0.0000000000
71544  34.460  -14.432  26.563 0.0000000000
71553  34.194  -14.423  25.806 0.0000000000
71563  33.507  -14.497  24.735 0.0000000000
71555  33.046  -15.018  25.058 0.0000000000
71564  32.899  -14.895  24.483 0.0000000000
71571  33.179  -14.421  24.162 0.0000000000
71581  32.203  -14.448  23.155 0.0000000000
71593  31.096  -14.316  22.043 0.0000000000
63180  29.126  -20.172  27.792 0.0000000000
63179  29.543  -20.186  27.525 0.0000000000
64639  29.613  -19.674  26.840 0.0000000000
66101  29.576  -18.655  25.835 0.0000000000
67514  29.651  -18.111  25.463 0.0000000000
67530  29.572  -17.637  24.766 0.0000000000
63290  27.843  -20.418  22.654 0.0000000000
64726  28.143  -19.901  22.799 0.0000000000
66152  28.839  -18.983  23.873 0.0000000000
67529  29.983  -17.105  24.970 0.0000000000
68938  29.877  -16.821  24.117 0.0000000000
68954  30.308  -16.276  23.600 0.0000000000
68970  29.402  -16.303  22.153 0.0000000000
70304  29.915  -15.813  22.388 0.0000000000
70319  30.312  -15.272  22.123 0.0000000000
71594  30.429  -14.550  21.510 0.0000000000
71612  30.021  -14.226  20.674 0.0000000000
97236  52.801  5.579  14.167 0.0000000000
95023  51.988  3.483  12.772 0.0000000000
96148  52.407  4.093  12.410 0.0000000000
96168  52.626  4.085  11.792 0.0000000000
91554  54.719  0.060  12.194 0.0000000000
90293  53.957  -0.516  14.715 0.0000000000
88921  54.492  -1.179  14.418 0.0000000000
88939  54.863  -1.732  14.148 0.0000000000
87665  54.176  -2.238  13.455 0.0000000000
87664  54.944  -2.365  13.717 0.0000000000
60395  20.683  -21.253  43.347 0.0000000000
60402  20.691  -21.266  43.054 0.0000000000
60411  20.083  -21.406  42.450 0.0000000000
60453  18.607  -21.718  37.410 0.0000000000
60456  17.002  -21.319  37.420 0.0000000000
60496  15.620  -22.211  34.324 0.0000000000
61626  23.700  -20.311  43.599 0.0000000000
61627  22.946  -20.397  43.673 0.0000000000
61636  24.729  -19.960  43.125 0.0000000000
61637  24.103  -20.194  43.284 0.0000000000
61639  22.158  -20.721  43.362 0.0000000000
61650  20.658  -21.247  42.820 0.0000000000
61651  18.469  -21.227  43.679 0.0000000000
61656  24.077  -19.992  42.520 0.0000000000
61657  23.579  -20.131  42.511 0.0000000000
61661  20.046  -21.414  42.204 0.0000000000
61665  22.251  -20.171  41.859 0.0000000000
61675  17.102  -20.661  40.264 0.0000000000
61696  13.560  -21.211  37.066 0.0000000000
61735  14.877  -21.854  35.081 0.0000000000
61851  28.236  -20.895  24.181 0.0000000000
61868  28.135  -21.002  23.970 0.0000000000
61869  27.855  -21.019  23.966 0.0000000000
62927  24.350  -19.443  43.830 0.0000000000
62946  25.577  -19.260  43.671 0.0000000000
62947  24.821  -19.656  43.625 0.0000000000
62960  27.131  -18.886  43.505 0.0000000000
62961  26.777  -19.110  43.505 0.0000000000
62962  26.113  -19.427  43.494 0.0000000000
62974  26.705  -19.388  43.210 0.0000000000
62977  24.889  -19.942  42.731 0.0000000000
62987  27.195  -19.201  42.921 0.0000000000
62991  24.578  -19.856  42.403 0.0000000000
63038  20.271  -20.026  39.032 0.0000000000
63050  13.171  -21.031  37.933 0.0000000000
63077  31.233  -19.888  32.822 0.0000000000
63078  31.026  -20.006  32.787 0.0000000000
63093  31.223  -19.856  32.548 0.0000000000
63095  30.260  -20.073  32.066 0.0000000000
63239  28.778  -20.198  24.846 0.0000000000
63240  28.357  -20.592  24.510 0.0000000000
63322  26.251  -20.777  19.586 0.0000000000
64343  24.459  -19.008  43.784 0.0000000000
64344  24.006  -19.233  43.743 0.0000000000
64373  27.339  -18.524  43.379 0.0000000000
64400  26.098  -19.391  42.211 0.0000000000
64418  22.566  -19.643  41.227 0.0000000000
64427  28.837  -18.568  40.286 0.0000000000
64428  28.344  -18.698  40.571 0.0000000000
64438  14.949  -19.216  40.573 0.0000000000
64444  28.828  -18.532  39.850 0.0000000000
64446  28.060  -18.542  40.160 0.0000000000
64465  28.447  -18.602  36.762 0.0000000000
64472  28.563  -18.662  36.551 0.0000000000
64477  28.963  -18.792  35.514 0.0000000000
64498  29.393  -18.864  33.659 0.0000000000
64513  31.798  -19.396  32.386 0.0000000000
64533  32.246  -19.004  32.010 0.0000000000
64555  31.362  -19.437  30.989 0.0000000000
64557  29.673  -19.683  30.385 0.0000000000
64616  30.185  -19.563  28.103 0.0000000000
64663  28.336  -19.993  26.000 0.0000000000
64664  28.113  -19.809  25.577 0.0000000000
64685  28.929  -19.621  25.046 0.0000000000
64709  23.351  -19.373  23.239 0.0000000000
64727  26.612  -19.779  22.501 0.0000000000
64729  24.268  -19.253  21.892 0.0000000000
64749  24.039  -19.778  21.716 0.0000000000
65789  24.206  -18.836  43.668 0.0000000000
65831  28.263  -17.305  42.052 0.0000000000
65844  28.426  -17.495  41.829 0.0000000000
65846  14.333  -18.307  42.862 0.0000000000
65847  13.913  -18.470  42.907 0.0000000000
65909  28.497  -18.566  36.186 0.0000000000
65917  30.042  -18.047  34.798 0.0000000000
65919  28.471  -18.480  35.801 0.0000000000
65920  28.085  -18.085  35.862 0.0000000000
65926  33.181  -18.359  33.725 0.0000000000
65940  31.919  -18.946  33.424 0.0000000000
65951  33.779  -17.984  32.628 0.0000000000
65964  32.967  -18.061  31.734 0.0000000000
65984  31.625  -18.834  30.612 0.0000000000
66051  30.747  -18.121  27.754 0.0000000000
66053  29.881  -19.214  27.123 0.0000000000
66102  27.690  -19.183  25.157 0.0000000000
66128  27.004  -18.752  23.784 0.0000000000
66153  27.115  -19.391  23.745 0.0000000000
66155  26.089  -18.501  22.639 0.0000000000
66158  22.926  -18.568  23.825 0.0000000000
66203  24.996  -19.109  21.841 0.0000000000
67230  25.643  -17.773  43.509 0.0000000000
67258  28.376  -16.864  41.809 0.0000000000
67259  28.117  -16.938  42.140 0.0000000000
67269  28.663  -16.980  41.425 0.0000000000
67280  29.041  -17.744  40.746 0.0000000000
67287  29.087  -17.422  40.186 0.0000000000
67292  29.224  -17.538  39.158 0.0000000000
67296  23.588  -17.771  39.128 0.0000000000
67335  29.792  -17.391  36.273 0.0000000000
67336  29.704  -17.831  36.637 0.0000000000
67354  34.931  -16.922  34.996 0.0000000000
67355  34.499  -16.920  34.803 0.0000000000
67423  32.885  -17.849  31.335 0.0000000000
67435  33.171  -17.427  30.977 0.0000000000
67465  32.088  -17.300  29.041 0.0000000000
67484  27.268  -17.215  26.289 0.0000000000
67498  29.866  -18.120  26.028 0.0000000000
67515  27.506  -18.345  25.239 0.0000000000
67551  26.040  -17.856  23.225 0.0000000000
68682  28.931  -16.310  41.007 0.0000000000
68695  29.036  -16.713  40.653 0.0000000000
68715  38.535  -15.774  38.269 0.0000000000
68730  38.960  -15.692  37.990 0.0000000000
68766  32.165  -16.082  34.529 0.0000000000
68787  24.331  -16.552  34.508 0.0000000000
68846  33.773  -15.941  29.663 0.0000000000
68857  33.056  -16.240  28.586 0.0000000000
68917  31.376  -16.141  24.851 0.0000000000
68919  29.929  -16.970  24.692 0.0000000000
68920  26.376  -17.410  24.215 0.0000000000
68921  25.795  -17.113  24.000 0.0000000000
70099  29.035  -16.080  40.302 0.0000000000
70152  38.518  -15.812  37.209 0.0000000000
70163  40.831  -14.744  36.261 0.0000000000
70167  37.668  -15.890  36.316 0.0000000000
70171  31.827  -15.066  35.978 0.0000000000
70178  39.962  -14.719  35.893 0.0000000000
70271  32.189  -15.729  25.270 0.0000000000
70276  32.528  -15.337  24.927 0.0000000000
71332  32.387  -13.028  41.383 0.0000000000
71351  32.603  -13.097  41.200 0.0000000000
71419  40.735  -14.731  36.041 0.0000000000
71432  39.055  -14.840  35.687 0.0000000000
71454  42.157  -13.857  33.410 0.0000000000
71562  34.025  -14.340  25.178 0.0000000000
71573  31.889  -14.878  23.415 0.0000000000
72646  32.394  -13.490  40.407 0.0000000000
72740  42.098  -13.759  33.178 0.0000000000
72741  40.671  -13.582  33.073 0.0000000000
72756  43.265  -12.925  32.460 0.0000000000
72777  43.037  -12.975  31.959 0.0000000000
72902  32.665  -14.130  23.242 0.0000000000
72920  30.590  -13.857  20.846 0.0000000000
72950  39.382  -12.953  18.863 0.0000000000
72972  39.259  -12.933  18.340 0.0000000000
72995  38.914  -12.962  17.896 0.0000000000
72996  38.659  -13.156  18.187 0.0000000000
74088  42.900  -12.984  34.040 0.0000000000
74123  44.000  -11.936  32.365 0.0000000000
74139  43.808  -12.433  31.785 0.0000000000
74327  33.287  -13.483  23.159 0.0000000000
74343  35.079  -12.142  22.741 0.0000000000
74401  38.840  -13.026  19.158 0.0000000000
74402  38.436  -12.755  19.529 0.0000000000
74425  39.379  -12.706  18.570 0.0000000000
74426  38.745  -13.122  18.760 0.0000000000
74446  39.314  -12.628  18.164 0.0000000000
75654  42.278  -11.732  23.618 0.0000000000
75694  40.952  -11.825  21.914 0.0000000000
75695  40.515  -11.471  21.687 0.0000000000
75701  33.817  -11.855  21.487 0.0000000000
75738  38.503  -11.335  18.574 0.0000000000
75763  37.846  -12.562  18.515 0.0000000000
75779  39.092  -12.257  18.011 0.0000000000
75781  38.208  -11.512  16.969 0.0000000000
76814  42.451  -10.365  33.396 0.0000000000
76850  45.374  -10.197  31.802 0.0000000000
76851  45.120  -10.813  31.371 0.0000000000
76925  42.989  -10.334  27.248 0.0000000000
77095  37.702  -10.594  17.493 0.0000000000
78057  44.145  -9.277  32.770 0.0000000000
78058  43.218  -9.776  32.970 0.0000000000
78072  46.087  -8.978  32.260 0.0000000000
78090  45.969  -8.831  31.827 0.0000000000
78141  44.009  -10.207  28.707 0.0000000000
78176  41.990  -9.756  26.823 0.0000000000
78177  41.578  -9.404  26.510 0.0000000000
78322  37.669  -9.986  17.139 0.0000000000
79306  46.078  -7.956  33.327 0.0000000000
79402  41.481  -8.752  26.852 0.0000000000
79524  38.837  -8.334  18.735 0.0000000000
79525  38.357  -8.698  18.396 0.0000000000
79532  38.027  -8.861  17.547 0.0000000000
79533  37.827  -9.255  17.095 0.0000000000
79541  37.992  -8.691  16.648 0.0000000000
80699  41.543  -8.306  27.156 0.0000000000
81898  43.653  -6.880  30.356 0.0000000000
81908  43.883  -6.204  30.386 0.0000000000
81919  43.131  -6.499  29.223 0.0000000000
83175  45.428  -6.019  32.182 0.0000000000
83229  44.063  -5.570  27.575 0.0000000000
83248  48.421  -4.665  24.599 0.0000000000
83260  47.709  -4.675  23.735 0.0000000000
83438  48.247  -4.901  11.803 0.0000000000
84557  44.703  -5.335  30.868 0.0000000000
84664  52.955  -3.752  24.170 0.0000000000
87666  49.275  -1.855  12.951 0.0000000000
88881  50.620  -0.986  17.319 0.0000000000
88903  57.194  -1.249  15.596 0.0000000000
90296  51.191  -0.499  14.944 0.0000000000
91517  58.581  0.666  14.966 0.0000000000
92573  53.615  1.124  20.547 0.0000000000
92588  53.369  1.500  19.936 0.0000000000
92616  56.796  1.718  17.342 0.0000000000
92619  53.880  1.798  17.763 0.0000000000
92632  57.312  1.630  17.149 0.0000000000
92649  55.740  1.843  15.193 0.0000000000
92651  53.366  2.138  15.286 0.0000000000
92667  52.369  2.253  14.473 0.0000000000
92726  52.080  1.559  10.512 0.0000000000
93739  54.369  1.658  20.981 0.0000000000
93765  53.229  1.761  19.682 0.0000000000
93783  53.198  1.884  19.444 0.0000000000
93816  53.394  2.977  16.233 0.0000000000
93828  58.094  1.981  16.048 0.0000000000
93833  53.623  2.448  15.717 0.0000000000
93845  54.694  1.851  15.075 0.0000000000
93876  51.787  2.403  12.858 0.0000000000
94950  57.170  3.434  18.272 0.0000000000
94961  56.974  3.749  17.913 0.0000000000
94978  53.646  3.460  16.884 0.0000000000
95012  51.845  2.961  13.030 0.0000000000
95042  51.991  3.280  11.784 0.0000000000
96075  55.934  4.693  19.270 0.0000000000
96085  55.264  4.695  18.814 0.0000000000
96097  55.857  4.299  18.074 0.0000000000
96136  52.866  4.664  12.738 0.0000000000
96167  53.165  4.484  11.440 0.0000000000
97176  55.685  4.727  20.115 0.0000000000
97177  54.877  5.099  20.260 0.0000000000
98402  52.786  6.818  18.398 0.0000000000
99700  52.851  7.916  17.761 0.0000000000
100951  53.611  8.626  19.634 0.0000000000
100972  53.051  8.422  18.093 0.0000000000
100987  53.747  8.768  16.632 0.0000000000
