#!ascii label  , from subject 198451 vox2ras=TkReg
1543
139461  49.136  47.017  -13.928 0.0000000000
142694  52.293  50.011  -11.073 0.0000000000
139282  45.309  46.004  -1.161 0.0000000000
140247  42.546  47.649  -10.835 0.0000000000
138465  45.366  44.794  -6.676 0.0000000000
137020  46.063  43.778  -19.894 0.0000000000
144502  47.601  52.322  -7.640 0.0000000000
146268  49.307  54.865  -16.052 0.0000000000
140950  47.759  48.301  4.857 0.0000000000
134567  51.194  39.947  -0.969 0.0000000000
138546  53.989  45.200  -13.196 0.0000000000
136924  51.408  43.931  -6.123 0.0000000000
141054  48.284  48.515  -6.635 0.0000000000
141755  41.267  49.823  1.177 0.0000000000
149324  48.484  57.873  -14.115 0.0000000000
140414  53.130  47.845  -18.979 0.0000000000
134579  45.084  40.351  -3.714 0.0000000000
140297  45.843  47.820  -12.263 0.0000000000
139363  43.976  46.921  -8.153 0.0000000000
140241  47.660  47.209  -10.094 0.0000000000
139534  48.094  46.258  -18.420 0.0000000000
140388  44.622  47.641  -16.269 0.0000000000
143621  46.059  51.147  -12.647 0.0000000000
139204  46.546  46.891  5.279 0.0000000000
136159  50.943  42.577  4.118 0.0000000000
135388  48.447  41.513  3.922 0.0000000000
148624  49.519  57.183  -21.058 0.0000000000
141092  54.071  47.905  -12.439 0.0000000000
140197  52.538  47.500  -8.229 0.0000000000
142656  50.819  50.296  -8.230 0.0000000000
147598  45.498  56.703  2.092 0.0000000000
143452  43.021  51.135  -1.402 0.0000000000
146851  43.967  55.399  2.747 0.0000000000
145188  43.022  53.492  4.753 0.0000000000
141134  49.921  48.823  -16.288 0.0000000000
145441  51.220  53.562  -16.528 0.0000000000
140380  52.527  47.009  -16.609 0.0000000000
137749  54.367  44.793  -17.549 0.0000000000
139304  47.477  45.967  -4.016 0.0000000000
136232  47.142  42.860  -5.136 0.0000000000
136911  45.177  43.479  -2.159 0.0000000000
136281  43.047  42.830  -8.043 0.0000000000
135517  43.798  40.985  -8.509 0.0000000000
139567  49.558  45.736  -21.464 0.0000000000
139562  45.521  45.604  -19.926 0.0000000000
143575  50.021  52.087  -9.387 0.0000000000
144467  49.077  52.713  -5.583 0.0000000000
146999  43.308  55.386  -12.137 0.0000000000
147771  47.247  56.999  -11.178 0.0000000000
142750  47.948  50.546  -15.399 0.0000000000
139239  46.317  46.563  2.451 0.0000000000
136888  47.574  44.028  0.672 0.0000000000
137608  50.604  43.833  2.350 0.0000000000
134565  53.362  39.916  -1.226 0.0000000000
138562  51.409  46.025  -14.844 0.0000000000
139410  51.104  45.971  -10.313 0.0000000000
137712  53.068  44.826  -9.169 0.0000000000
140173  50.100  47.213  -5.074 0.0000000000
140152  45.771  47.277  -3.497 0.0000000000
142627  45.746  50.176  -5.954 0.0000000000
140155  42.618  48.287  -3.458 0.0000000000
140120  42.562  47.101  0.148 0.0000000000
141732  43.519  49.649  3.657 0.0000000000
144314  44.728  52.506  6.421 0.0000000000
149359  47.295  58.273  -18.226 0.0000000000
147073  51.032  55.547  -18.516 0.0000000000
148598  51.536  56.921  -15.083 0.0000000000
141931  52.390  49.533  -19.413 0.0000000000
137029  49.184  43.562  -21.054 0.0000000000
138608  50.834  45.705  -18.773 0.0000000000
137694  48.626  43.965  -7.261 0.0000000000
134596  45.184  40.502  -6.589 0.0000000000
132029  44.728  37.497  -6.871 0.0000000000
134570  47.728  40.305  -1.573 0.0000000000
140322  46.695  47.748  -13.242 0.0000000000
140271  46.996  47.435  -10.867 0.0000000000
139437  48.684  47.140  -11.782 0.0000000000
140384  48.918  47.235  -16.132 0.0000000000
140404  46.110  47.285  -17.087 0.0000000000
140368  47.478  47.689  -15.140 0.0000000000
140347  45.948  47.971  -14.311 0.0000000000
139211  45.930  46.536  4.817 0.0000000000
136827  47.065  43.285  4.774 0.0000000000
136146  46.734  42.301  5.168 0.0000000000
135551  44.267  41.585  -10.589 0.0000000000
141843  53.118  48.937  -11.997 0.0000000000
141834  52.866  49.567  -9.984 0.0000000000
143572  52.369  51.969  -8.894 0.0000000000
150644  42.793  60.540  3.786 0.0000000000
146850  44.728  56.127  2.583 0.0000000000
141105  51.314  48.449  -13.776 0.0000000000
141133  50.682  48.117  -16.370 0.0000000000
141114  52.366  48.102  -13.731 0.0000000000
140342  53.776  46.884  -14.596 0.0000000000
139294  45.300  46.041  -2.020 0.0000000000
138445  45.700  45.218  -2.791 0.0000000000
138440  45.472  45.268  -1.838 0.0000000000
139394  41.437  46.881  -9.441 0.0000000000
139365  41.746  46.600  -8.480 0.0000000000
139338  45.323  46.275  -7.254 0.0000000000
138487  43.600  45.421  -7.206 0.0000000000
136968  44.269  43.531  -7.242 0.0000000000
136280  43.982  42.481  -7.994 0.0000000000
136261  44.498  42.934  -7.273 0.0000000000
137803  46.511  44.219  -20.822 0.0000000000
139560  47.240  45.955  -20.458 0.0000000000
137789  43.698  44.228  -19.823 0.0000000000
140300  42.754  47.846  -12.556 0.0000000000
140248  41.666  47.410  -10.895 0.0000000000
143576  48.823  51.807  -9.127 0.0000000000
146210  49.124  53.900  -6.637 0.0000000000
145361  47.607  53.235  -6.581 0.0000000000
143600  46.788  50.898  -10.397 0.0000000000
143639  47.043  51.094  -14.550 0.0000000000
142698  48.156  50.741  -11.806 0.0000000000
142697  49.262  50.495  -11.733 0.0000000000
140090  46.923  47.160  3.452 0.0000000000
138403  48.680  45.347  2.428 0.0000000000
138385  49.046  44.876  3.344 0.0000000000
134490  52.423  40.999  2.140 0.0000000000
135426  52.836  41.281  1.750 0.0000000000
133638  53.434  39.584  -0.323 0.0000000000
138554  53.203  45.328  -13.860 0.0000000000
138540  53.043  45.280  -11.700 0.0000000000
138539  53.744  45.361  -12.098 0.0000000000
140189  50.901  48.056  -6.915 0.0000000000
140187  52.252  46.979  -7.267 0.0000000000
140183  49.786  47.813  -5.895 0.0000000000
140164  48.056  47.250  -4.384 0.0000000000
140176  46.566  47.981  -5.136 0.0000000000
143487  47.948  52.532  -4.016 0.0000000000
143513  47.409  51.411  -6.170 0.0000000000
143489  45.824  51.218  -4.770 0.0000000000
142585  41.913  50.618  -0.671 0.0000000000
141779  42.074  49.821  -2.277 0.0000000000
141773  41.338  49.489  -1.002 0.0000000000
140135  42.395  47.333  -1.901 0.0000000000
140993  41.528  48.655  0.866 0.0000000000
140981  43.250  48.312  2.495 0.0000000000
141746  42.523  49.592  2.939 0.0000000000
146779  42.831  55.502  6.063 0.0000000000
145171  43.592  53.447  5.734 0.0000000000
149349  48.292  57.447  -16.431 0.0000000000
147838  48.789  56.279  -18.483 0.0000000000
147828  49.672  56.373  -16.681 0.0000000000
147812  48.393  56.287  -14.003 0.0000000000
147762  48.192  57.781  -10.441 0.0000000000
147811  49.519  56.408  -13.760 0.0000000000
142768  52.482  50.924  -17.748 0.0000000000
146265  51.942  54.552  -15.792 0.0000000000
144595  52.827  52.714  -17.241 0.0000000000
146283  52.749  54.528  -16.962 0.0000000000
142789  53.367  50.137  -18.911 0.0000000000
139556  52.331  46.223  -20.635 0.0000000000
138641  53.007  45.438  -20.549 0.0000000000
137735  54.402  45.233  -15.196 0.0000000000
138590  52.792  45.146  -18.006 0.0000000000
138567  53.048  45.215  -16.019 0.0000000000
139493  51.481  46.053  -16.565 0.0000000000
136980  51.582  43.919  -8.021 0.0000000000
138529  50.359  45.454  -8.733 0.0000000000
136275  50.103  43.077  -7.375 0.0000000000
136230  45.191  42.204  -3.983 0.0000000000
136248  46.172  41.969  -5.508 0.0000000000
135487  45.058  41.259  -4.790 0.0000000000
134594  44.826  39.808  -6.485 0.0000000000
132863  44.954  38.701  -5.182 0.0000000000
135455  49.549  42.107  0.605 0.0000000000
134553  48.201  40.857  -0.801 0.0000000000
133676  49.485  39.587  -1.612 0.0000000000
140274  44.102  47.801  -11.562 0.0000000000
140219  43.696  47.573  -9.883 0.0000000000
140244  45.337  47.651  -10.438 0.0000000000
140216  46.443  47.278  -9.267 0.0000000000
139337  46.372  46.175  -7.311 0.0000000000
138612  46.467  44.903  -19.088 0.0000000000
140324  44.322  47.983  -13.409 0.0000000000
140062  47.772  47.378  5.593 0.0000000000
137573  47.935  44.394  3.751 0.0000000000
137568  47.756  44.094  4.467 0.0000000000
135386  50.599  41.724  3.667 0.0000000000
139422  54.310  46.498  -12.215 0.0000000000
139423  54.002  45.933  -11.578 0.0000000000
141070  52.868  48.322  -9.703 0.0000000000
141067  52.143  48.619  -8.359 0.0000000000
141063  49.226  48.998  -7.313 0.0000000000
144387  45.849  53.309  0.022 0.0000000000
143450  44.960  51.953  -1.511 0.0000000000
144402  44.288  52.559  -0.042 0.0000000000
144390  43.206  52.613  0.662 0.0000000000
144356  42.088  52.364  1.621 0.0000000000
143388  42.024  51.497  3.076 0.0000000000
146041  42.802  54.148  3.588 0.0000000000
147557  42.317  56.459  4.929 0.0000000000
147559  41.193  56.001  5.135 0.0000000000
148556  47.616  58.154  -12.281 0.0000000000
144599  49.217  51.751  -17.210 0.0000000000
145442  50.252  53.459  -16.814 0.0000000000
142770  50.501  50.298  -17.661 0.0000000000
141912  51.199  49.255  -17.893 0.0000000000
140415  52.805  47.258  -18.281 0.0000000000
138589  53.862  45.785  -18.270 0.0000000000
139491  53.818  46.088  -16.767 0.0000000000
139456  54.524  46.203  -15.031 0.0000000000
138450  49.683  45.518  -4.725 0.0000000000
136926  49.872  43.435  -5.774 0.0000000000
137657  47.282  44.320  -4.305 0.0000000000
136915  45.463  43.520  -3.381 0.0000000000
136228  45.135  42.289  -2.808 0.0000000000
132841  52.010  38.098  -3.286 0.0000000000
132842  50.997  38.030  -3.190 0.0000000000
136283  41.386  42.292  -7.637 0.0000000000
139341  42.361  46.253  -7.880 0.0000000000
137698  42.046  44.533  -7.395 0.0000000000
136297  42.005  42.090  -7.975 0.0000000000
136303  43.003  41.821  -9.367 0.0000000000
136301  43.882  41.807  -9.928 0.0000000000
133743  44.093  39.726  -9.867 0.0000000000
140438  49.316  47.693  -21.011 0.0000000000
140440  47.620  47.051  -20.189 0.0000000000
142682  51.218  50.788  -10.675 0.0000000000
145357  51.224  53.264  -7.518 0.0000000000
146199  50.351  53.933  -6.774 0.0000000000
145330  49.160  54.001  -4.260 0.0000000000
144426  47.940  53.158  -2.085 0.0000000000
145247  47.154  54.061  -0.255 0.0000000000
148385  45.549  56.760  1.042 0.0000000000
146997  45.264  56.084  -12.121 0.0000000000
147011  46.760  56.064  -14.012 0.0000000000
147058  47.700  54.910  -16.153 0.0000000000
144582  48.533  52.430  -17.077 0.0000000000
142759  48.734  50.216  -16.404 0.0000000000
141858  50.320  49.482  -12.725 0.0000000000
139266  44.939  46.385  0.437 0.0000000000
138423  46.165  45.442  -0.200 0.0000000000
138418  47.143  45.495  1.033 0.0000000000
136886  49.278  43.761  1.350 0.0000000000
135454  50.775  41.864  0.773 0.0000000000
136852  51.257  43.356  3.084 0.0000000000
136205  52.413  41.920  1.377 0.0000000000
134566  52.398  39.832  -1.166 0.0000000000
139477  49.873  46.906  -15.139 0.0000000000
139447  49.847  46.737  -13.061 0.0000000000
139434  51.503  45.988  -12.337 0.0000000000
137721  52.592  44.791  -9.686 0.0000000000
137691  52.798  44.105  -7.628 0.0000000000
139386  53.313  46.287  -9.269 0.0000000000
139323  52.466  45.900  -6.701 0.0000000000
139319  51.169  45.982  -5.012 0.0000000000
140163  49.139  46.961  -4.473 0.0000000000
140151  46.620  46.945  -3.601 0.0000000000
139295  44.671  46.658  -2.210 0.0000000000
143529  50.502  52.023  -7.355 0.0000000000
142640  48.277  50.765  -7.191 0.0000000000
141055  47.108  48.861  -6.456 0.0000000000
142610  43.535  50.214  -3.727 0.0000000000
141792  44.210  49.643  -5.146 0.0000000000
140177  45.686  48.238  -5.320 0.0000000000
140153  44.445  47.368  -3.567 0.0000000000
140134  43.190  47.021  -1.947 0.0000000000
139278  43.884  46.485  -0.562 0.0000000000
140108  44.515  46.921  1.831 0.0000000000
140979  45.081  47.619  2.946 0.0000000000
141730  46.046  49.059  4.188 0.0000000000
142540  43.053  50.808  4.015 0.0000000000
142523  44.512  51.122  5.115 0.0000000000
142507  46.093  50.651  5.599 0.0000000000
141681  45.601  50.047  6.359 0.0000000000
148620  48.340  57.627  -19.917 0.0000000000
147841  50.380  55.640  -19.765 0.0000000000
146297  50.965  54.544  -19.477 0.0000000000
147810  50.581  56.607  -13.657 0.0000000000
148583  50.689  57.567  -14.926 0.0000000000
147831  51.673  56.075  -16.660 0.0000000000
145481  51.771  53.614  -18.516 0.0000000000
142791  51.524  50.397  -19.299 0.0000000000
140436  51.510  47.177  -20.882 0.0000000000
138654  49.975  44.824  -21.859 0.0000000000
137031  47.878  43.542  -20.891 0.0000000000
137780  53.029  44.775  -19.490 0.0000000000
137783  50.344  44.303  -20.498 0.0000000000
138628  48.785  44.917  -19.793 0.0000000000
139533  49.196  46.242  -18.300 0.0000000000
139514  49.999  46.553  -17.401 0.0000000000
139412  49.150  46.737  -9.949 0.0000000000
139359  48.063  46.348  -8.160 0.0000000000
138463  47.036  44.454  -6.663 0.0000000000
136257  48.327  42.155  -6.634 0.0000000000
136258  47.381  42.378  -6.667 0.0000000000
136942  45.774  43.113  -6.622 0.0000000000
134604  44.790  40.699  -7.106 0.0000000000
132875  43.756  39.128  -8.136 0.0000000000
136904  46.017  43.628  -0.528 0.0000000000
136224  45.927  42.047  -1.152 0.0000000000
134575  46.236  40.295  -2.334 0.0000000000
132844  49.021  38.195  -3.249 0.0000000000
132861  46.466  38.113  -4.231 0.0000000000
135406  47.558  41.308  3.153 0.0000000000
134536  49.391  39.850  0.995 0.0000000000
140345  47.943  47.417  -13.892 0.0000000000
140321  47.797  47.366  -12.542 0.0000000000
139448  48.851  47.101  -12.887 0.0000000000
140367  48.739  47.226  -15.056 0.0000000000
140385  47.916  47.489  -16.074 0.0000000000
140346  46.917  47.838  -14.370 0.0000000000
136834  46.399  43.405  4.540 0.0000000000
141839  52.547  49.894  -11.037 0.0000000000
142680  52.810  50.001  -10.388 0.0000000000
142681  52.499  50.555  -10.531 0.0000000000
141857  51.570  48.994  -12.738 0.0000000000
141115  51.777  48.122  -14.148 0.0000000000
141095  52.338  48.636  -12.894 0.0000000000
141094  52.943  48.573  -12.822 0.0000000000
140221  42.015  47.296  -10.103 0.0000000000
139393  42.342  47.118  -9.280 0.0000000000
138486  44.672  45.353  -6.826 0.0000000000
137672  44.772  44.266  -6.831 0.0000000000
136943  44.949  43.367  -6.921 0.0000000000
137033  45.730  43.846  -20.326 0.0000000000
137804  45.379  44.247  -20.303 0.0000000000
137022  44.012  43.616  -19.786 0.0000000000
140275  43.136  47.778  -11.648 0.0000000000
140276  42.200  47.686  -11.698 0.0000000000
140222  41.256  47.058  -10.224 0.0000000000
143553  48.037  52.070  -8.451 0.0000000000
144490  48.031  52.928  -7.198 0.0000000000
143577  47.506  51.383  -9.296 0.0000000000
143610  47.949  50.902  -11.255 0.0000000000
143599  48.134  51.048  -10.471 0.0000000000
142684  48.897  50.934  -11.032 0.0000000000
140966  47.563  47.880  4.368 0.0000000000
139222  47.956  46.442  3.536 0.0000000000
140075  48.235  47.064  4.466 0.0000000000
134513  52.614  40.539  1.332 0.0000000000
138547  53.224  45.309  -12.777 0.0000000000
141053  49.479  48.299  -6.676 0.0000000000
141052  50.294  48.087  -6.563 0.0000000000
140184  48.942  48.008  -6.041 0.0000000000
140175  47.693  47.813  -5.007 0.0000000000
141042  48.237  47.992  -5.756 0.0000000000
143476  46.802  52.131  -3.161 0.0000000000
143488  46.652  51.803  -4.398 0.0000000000
143463  45.850  51.997  -2.355 0.0000000000
142576  41.542  50.717  0.559 0.0000000000
141763  41.250  49.662  0.085 0.0000000000
141002  41.298  48.609  -0.451 0.0000000000
140982  41.983  48.871  2.013 0.0000000000
141747  41.601  49.819  2.103 0.0000000000
145997  42.089  54.708  6.162 0.0000000000
148584  47.677  57.814  -13.958 0.0000000000
149341  47.511  57.830  -15.479 0.0000000000
149340  48.771  57.605  -15.563 0.0000000000
148610  48.885  56.891  -16.492 0.0000000000
148601  49.495  57.202  -15.682 0.0000000000
147030  49.017  55.827  -14.736 0.0000000000
147794  48.819  56.658  -12.915 0.0000000000
147045  49.653  55.524  -15.497 0.0000000000
141922  52.604  49.230  -18.456 0.0000000000
143690  52.731  51.815  -17.370 0.0000000000
141910  52.994  50.247  -18.152 0.0000000000
143689  53.052  52.015  -17.636 0.0000000000
141159  53.163  48.647  -19.209 0.0000000000
140434  53.424  46.951  -19.934 0.0000000000
139546  53.672  46.442  -19.541 0.0000000000
138553  54.062  45.172  -14.447 0.0000000000
138566  53.684  45.067  -15.801 0.0000000000
138559  53.698  45.113  -15.292 0.0000000000
138560  53.011  45.268  -14.933 0.0000000000
136963  51.599  43.622  -7.324 0.0000000000
136981  50.935  43.982  -8.162 0.0000000000
136939  50.966  43.259  -6.851 0.0000000000
135483  44.921  41.284  -3.752 0.0000000000
134586  44.798  40.392  -4.596 0.0000000000
133717  44.651  39.704  -5.205 0.0000000000
133710  44.955  39.442  -4.597 0.0000000000
135466  50.059  41.327  0.158 0.0000000000
134552  49.400  40.751  -0.488 0.0000000000
134568  50.020  40.070  -0.996 0.0000000000
140298  44.768  47.892  -12.419 0.0000000000
140273  45.100  47.757  -11.424 0.0000000000
140243  46.276  47.443  -10.203 0.0000000000
140215  47.045  47.175  -9.284 0.0000000000
140198  46.403  47.130  -8.522 0.0000000000
139391  47.572  46.955  -9.103 0.0000000000
138611  47.473  45.425  -19.022 0.0000000000
138613  45.347  44.776  -18.779 0.0000000000
139535  46.999  46.048  -18.511 0.0000000000
140405  45.030  47.106  -17.064 0.0000000000
140323  45.416  47.878  -13.340 0.0000000000
140348  44.851  48.035  -14.349 0.0000000000
140050  46.776  48.221  5.944 0.0000000000
139202  48.059  46.157  5.235 0.0000000000
138356  47.650  45.653  5.170 0.0000000000
135366  47.962  41.845  5.288 0.0000000000
135365  48.771  42.204  5.096 0.0000000000
135387  49.509  41.604  3.755 0.0000000000
134492  50.516  40.901  2.167 0.0000000000
135404  49.802  41.173  2.707 0.0000000000
148625  48.779  57.938  -20.848 0.0000000000
149404  48.969  58.923  -21.442 0.0000000000
140268  54.262  47.118  -12.064 0.0000000000
140269  53.910  47.172  -11.379 0.0000000000
141084  54.174  47.597  -12.052 0.0000000000
141829  52.197  49.987  -8.669 0.0000000000
141071  52.586  49.117  -9.151 0.0000000000
141830  51.360  49.913  -8.330 0.0000000000
141822  50.933  49.262  -8.035 0.0000000000
141831  50.797  49.789  -8.207 0.0000000000
146093  46.143  54.508  0.886 0.0000000000
144388  45.305  53.194  0.148 0.0000000000
145228  45.454  54.214  1.055 0.0000000000
146830  44.266  56.377  2.999 0.0000000000
146074  44.143  54.301  1.801 0.0000000000
145231  43.102  53.424  1.646 0.0000000000
144375  42.223  52.385  1.279 0.0000000000
145214  42.718  53.495  2.112 0.0000000000
144355  42.169  52.754  2.370 0.0000000000
146040  43.257  54.899  3.202 0.0000000000
148328  42.558  57.056  4.592 0.0000000000
147571  41.550  57.043  4.752 0.0000000000
147558  41.691  56.311  5.232 0.0000000000
147572  41.135  56.564  4.546 0.0000000000
142771  49.588  50.101  -17.245 0.0000000000
143693  49.850  51.101  -17.500 0.0000000000
141914  49.758  49.480  -17.135 0.0000000000
140381  51.561  47.488  -16.411 0.0000000000
141143  51.161  48.028  -17.301 0.0000000000
140400  51.946  47.438  -17.371 0.0000000000
141152  52.017  48.220  -18.152 0.0000000000
140399  52.647  47.010  -17.428 0.0000000000
139511  53.261  46.524  -17.509 0.0000000000
139492  53.205  46.627  -16.714 0.0000000000
140294  54.048  47.685  -13.014 0.0000000000
140341  54.434  46.536  -14.314 0.0000000000
140318  54.272  46.917  -13.613 0.0000000000
139444  54.675  46.116  -14.032 0.0000000000
138451  48.748  45.437  -4.453 0.0000000000
138452  47.584  45.328  -4.132 0.0000000000
137646  45.450  44.384  -2.443 0.0000000000
137651  45.693  44.360  -2.977 0.0000000000
136972  40.665  43.309  -7.380 0.0000000000
140201  43.819  47.366  -8.997 0.0000000000
139364  42.915  46.941  -8.460 0.0000000000
139340  43.261  46.269  -7.689 0.0000000000
137697  43.019  44.536  -7.253 0.0000000000
136970  42.594  43.613  -7.487 0.0000000000
136282  42.235  42.708  -7.778 0.0000000000
136296  42.507  42.035  -8.501 0.0000000000
135532  43.857  41.501  -8.716 0.0000000000
136294  43.850  41.994  -9.183 0.0000000000
135533  43.765  40.985  -9.055 0.0000000000
135545  43.877  41.193  -9.671 0.0000000000
134617  43.709  40.572  -8.833 0.0000000000
140445  50.837  47.226  -21.757 0.0000000000
139558  49.042  46.573  -21.136 0.0000000000
139561  46.415  45.722  -20.121 0.0000000000
140441  46.766  46.764  -19.909 0.0000000000
139547  45.901  46.570  -19.705 0.0000000000
143597  50.637  51.531  -10.107 0.0000000000
143574  51.102  52.351  -9.539 0.0000000000
144510  50.431  52.870  -8.709 0.0000000000
146191  49.079  54.336  -5.359 0.0000000000
144443  48.504  53.453  -2.917 0.0000000000
146914  47.178  55.083  -0.756 0.0000000000
146881  46.921  55.365  0.330 0.0000000000
147784  43.919  56.532  -12.323 0.0000000000
146998  44.196  55.546  -12.160 0.0000000000
147012  45.964  55.894  -13.736 0.0000000000
147032  46.899  55.739  -14.900 0.0000000000
147813  47.496  56.146  -14.258 0.0000000000
142736  47.740  50.530  -14.583 0.0000000000
144583  47.485  52.141  -16.520 0.0000000000
143675  47.956  51.000  -16.148 0.0000000000
143674  48.447  51.378  -16.831 0.0000000000
142760  48.241  50.439  -15.875 0.0000000000
142683  50.003  50.866  -10.858 0.0000000000
141859  49.623  49.622  -13.012 0.0000000000
142706  50.210  49.849  -12.248 0.0000000000
141846  50.539  49.796  -12.136 0.0000000000
139252  45.888  46.427  1.749 0.0000000000
139264  46.463  46.050  1.119 0.0000000000
139251  46.816  46.111  1.864 0.0000000000
137596  49.017  45.089  2.522 0.0000000000
137610  49.036  44.797  1.875 0.0000000000
136866  49.789  43.992  1.837 0.0000000000
136207  50.210  42.894  1.189 0.0000000000
136183  51.043  43.096  1.724 0.0000000000
136840  49.694  43.640  4.029 0.0000000000
137580  48.971  44.186  3.564 0.0000000000
136838  51.325  43.019  3.593 0.0000000000
135452  52.837  41.064  0.879 0.0000000000
136204  52.764  41.556  1.501 0.0000000000
135464  52.454  41.003  0.106 0.0000000000
134549  52.873  40.371  -0.533 0.0000000000
133687  52.844  38.922  -2.315 0.0000000000
133672  52.994  39.378  -1.857 0.0000000000
139459  51.117  46.305  -14.301 0.0000000000
139446  50.811  46.379  -13.210 0.0000000000
139445  51.688  45.964  -13.284 0.0000000000
137725  53.158  44.997  -10.383 0.0000000000
138534  52.772  45.178  -10.592 0.0000000000
137726  52.973  44.936  -10.167 0.0000000000
137713  52.411  44.352  -8.550 0.0000000000
137690  53.052  44.717  -8.252 0.0000000000
140213  52.898  47.375  -9.143 0.0000000000
139409  53.672  46.149  -10.476 0.0000000000
140196  52.901  46.753  -8.551 0.0000000000
140181  51.776  46.855  -6.210 0.0000000000
139324  52.167  45.958  -6.132 0.0000000000
139320  50.592  46.597  -4.807 0.0000000000
140162  49.951  46.657  -4.580 0.0000000000
140165  46.849  47.516  -4.169 0.0000000000
139314  47.391  46.938  -3.904 0.0000000000
139306  45.911  46.446  -2.939 0.0000000000
139307  45.032  47.016  -2.924 0.0000000000
144476  50.403  52.883  -6.785 0.0000000000
144488  50.919  52.424  -7.370 0.0000000000
143511  49.831  52.267  -6.840 0.0000000000
143514  46.806  51.039  -6.191 0.0000000000
142624  47.878  51.259  -6.668 0.0000000000
142641  47.570  50.178  -7.082 0.0000000000
141826  47.547  49.747  -7.057 0.0000000000
141813  46.090  49.833  -6.170 0.0000000000
143451  43.653  51.329  -1.717 0.0000000000
142602  44.263  51.054  -2.912 0.0000000000
142603  43.696  50.882  -2.596 0.0000000000
141788  42.559  49.093  -3.606 0.0000000000
141787  43.121  49.439  -4.197 0.0000000000
141034  43.488  48.898  -4.477 0.0000000000
141033  44.217  48.794  -4.970 0.0000000000
140168  43.593  48.380  -4.382 0.0000000000
140167  44.258  47.957  -4.481 0.0000000000
140154  43.282  47.862  -3.727 0.0000000000
140130  42.266  47.166  -0.844 0.0000000000
139285  42.876  46.950  -1.374 0.0000000000
139284  43.714  46.714  -1.468 0.0000000000
139268  43.274  46.604  0.023 0.0000000000
139267  43.971  46.495  0.424 0.0000000000
140119  43.182  46.843  0.670 0.0000000000
140970  43.556  48.990  3.113 0.0000000000
140980  44.470  47.925  2.882 0.0000000000
140969  44.198  48.780  3.333 0.0000000000
140968  45.465  48.267  3.443 0.0000000000
141731  44.970  49.619  4.222 0.0000000000
145189  42.701  53.445  3.918 0.0000000000
143387  42.420  51.806  3.816 0.0000000000
144330  42.835  52.672  4.365 0.0000000000
145170  44.344  52.947  6.199 0.0000000000
143374  44.200  51.869  5.331 0.0000000000
143362  44.758  51.972  5.729 0.0000000000
142521  45.817  50.530  5.292 0.0000000000
143360  45.871  50.991  5.954 0.0000000000
143348  46.133  50.594  6.087 0.0000000000
149351  46.476  58.199  -16.558 0.0000000000
149360  46.603  58.511  -17.856 0.0000000000
148618  47.633  58.014  -18.482 0.0000000000
147837  49.687  55.861  -18.116 0.0000000000
147842  49.844  55.801  -19.307 0.0000000000
147079  50.512  55.507  -18.960 0.0000000000
147078  50.881  55.325  -19.583 0.0000000000
147077  51.190  54.880  -19.144 0.0000000000
146276  50.685  54.188  -16.256 0.0000000000
147044  50.683  55.493  -15.260 0.0000000000
146266  51.143  54.769  -15.718 0.0000000000
147821  51.862  56.225  -14.999 0.0000000000
147809  51.234  56.973  -13.820 0.0000000000
149321  51.346  57.581  -13.692 0.0000000000
148582  51.114  57.562  -14.652 0.0000000000
148599  51.032  57.237  -15.250 0.0000000000
147825  51.910  56.248  -15.909 0.0000000000
143710  52.732  51.789  -18.454 0.0000000000
145468  52.418  53.554  -17.916 0.0000000000
143711  52.134  52.218  -18.575 0.0000000000
144624  51.563  52.715  -18.763 0.0000000000
143727  51.795  51.569  -18.828 0.0000000000
141932  51.238  49.308  -19.861 0.0000000000
141170  51.666  48.191  -20.110 0.0000000000
138652  51.698  44.654  -21.521 0.0000000000
138653  51.126  44.993  -21.746 0.0000000000
137814  49.256  43.905  -21.688 0.0000000000
137043  47.563  43.749  -21.224 0.0000000000
137030  48.832  43.565  -20.962 0.0000000000
137755  54.059  45.037  -18.083 0.0000000000
137779  53.556  45.169  -19.363 0.0000000000
137756  53.885  44.788  -17.961 0.0000000000
138607  51.919  45.365  -18.898 0.0000000000
138626  51.100  45.037  -19.783 0.0000000000
138627  49.954  45.013  -19.875 0.0000000000
138609  49.571  45.691  -19.087 0.0000000000
139475  51.311  46.172  -16.053 0.0000000000
139494  50.777  46.408  -16.547 0.0000000000
139476  50.993  46.346  -15.492 0.0000000000
139495  49.788  46.936  -16.326 0.0000000000
139425  50.448  46.548  -11.157 0.0000000000
139436  49.643  46.767  -12.024 0.0000000000
139411  50.175  46.369  -10.166 0.0000000000
138481  49.438  44.882  -7.855 0.0000000000
139357  49.650  45.630  -8.440 0.0000000000
138482  48.942  45.004  -7.554 0.0000000000
139335  48.406  45.594  -7.573 0.0000000000
137695  48.046  43.820  -6.987 0.0000000000
136927  48.706  43.441  -5.307 0.0000000000
136244  49.156  42.677  -6.168 0.0000000000
136245  48.221  42.440  -5.919 0.0000000000
135499  45.596  41.389  -5.903 0.0000000000
135504  47.382  41.970  -6.379 0.0000000000
135505  46.458  41.768  -6.451 0.0000000000
136259  46.115  42.269  -6.611 0.0000000000
135506  45.391  41.400  -6.771 0.0000000000
132870  44.434  38.330  -6.713 0.0000000000
133720  44.412  39.230  -6.931 0.0000000000
132874  44.010  38.513  -7.708 0.0000000000
132884  43.861  38.528  -8.746 0.0000000000
132041  44.365  37.708  -8.613 0.0000000000
137623  47.121  44.606  0.510 0.0000000000
137633  46.413  44.495  -0.075 0.0000000000
136903  46.890  43.597  0.187 0.0000000000
134554  47.498  40.868  -1.072 0.0000000000
135468  47.138  41.523  -0.692 0.0000000000
135473  46.995  40.873  -1.313 0.0000000000
135474  46.013  41.313  -1.661 0.0000000000
134574  47.056  39.988  -2.134 0.0000000000
131987  50.534  37.637  -3.797 0.0000000000
132843  49.992  38.119  -3.223 0.0000000000
132004  50.099  37.261  -4.447 0.0000000000
140296  46.879  47.613  -11.930 0.0000000000
140295  47.757  47.330  -11.413 0.0000000000
139427  48.481  47.133  -10.756 0.0000000000
139515  48.847  46.813  -17.323 0.0000000000
139516  47.650  46.872  -17.770 0.0000000000
140403  47.207  47.299  -17.008 0.0000000000
140386  46.815  47.686  -16.163 0.0000000000
140387  45.714  47.692  -16.225 0.0000000000
140370  45.305  47.978  -15.309 0.0000000000
140369  46.378  47.877  -15.259 0.0000000000
139210  46.648  46.160  5.013 0.0000000000
138363  47.043  45.419  4.884 0.0000000000
137575  46.628  44.509  4.531 0.0000000000
135367  47.062  41.619  5.378 0.0000000000
141085  53.795  48.392  -11.741 0.0000000000
141838  52.931  49.425  -10.991 0.0000000000
142670  52.709  50.705  -9.443 0.0000000000
142654  52.207  51.263  -8.546 0.0000000000
149100  44.485  58.388  2.851 0.0000000000
146057  45.286  55.480  1.879 0.0000000000
148336  44.441  57.829  3.147 0.0000000000
148337  43.778  57.669  3.678 0.0000000000
141117  50.348  48.395  -14.855 0.0000000000
141901  50.020  48.961  -16.938 0.0000000000
141124  50.809  47.994  -15.253 0.0000000000
140364  51.605  47.580  -15.302 0.0000000000
140343  52.565  47.592  -14.356 0.0000000000
140363  52.797  46.982  -15.544 0.0000000000
140320  52.879  48.006  -13.609 0.0000000000
141093  53.584  48.374  -12.685 0.0000000000
139305  47.034  46.309  -3.760 0.0000000000
138444  46.641  45.486  -3.536 0.0000000000
137643  45.460  44.437  -1.596 0.0000000000
139362  44.982  46.899  -7.957 0.0000000000
139339  44.271  46.271  -7.410 0.0000000000
137696  43.919  44.453  -6.978 0.0000000000
136969  43.487  43.616  -7.528 0.0000000000
135516  43.968  41.308  -7.931 0.0000000000
138656  48.031  44.992  -21.240 0.0000000000
138644  47.546  45.320  -20.895 0.0000000000
138645  46.886  44.907  -20.795 0.0000000000
138646  45.953  44.866  -20.374 0.0000000000
138648  44.525  44.838  -19.911 0.0000000000
140301  41.806  47.693  -12.581 0.0000000000
140277  41.267  47.502  -11.711 0.0000000000
140249  40.701  47.134  -10.832 0.0000000000
139395  40.406  46.697  -9.819 0.0000000000
144511  49.501  52.455  -8.620 0.0000000000
144500  49.810  52.936  -8.205 0.0000000000
145370  49.021  53.176  -7.488 0.0000000000
145350  48.168  53.835  -5.860 0.0000000000
143620  46.900  50.964  -12.769 0.0000000000
143627  46.896  50.976  -13.677 0.0000000000
142699  47.488  50.894  -12.257 0.0000000000
142709  47.629  50.787  -12.814 0.0000000000
142735  48.392  50.065  -14.645 0.0000000000
142708  48.518  50.494  -12.705 0.0000000000
140098  46.394  46.932  3.003 0.0000000000
139238  46.981  46.433  2.788 0.0000000000
139223  47.441  46.642  3.353 0.0000000000
139236  48.281  45.937  3.203 0.0000000000
137595  49.522  44.706  2.842 0.0000000000
135402  51.959  41.546  2.661 0.0000000000
136158  51.704  42.548  3.559 0.0000000000
135451  53.282  40.502  0.320 0.0000000000
134548  53.494  40.038  -0.497 0.0000000000
138561  52.077  45.754  -14.496 0.0000000000
138555  52.440  45.645  -13.458 0.0000000000
138533  53.431  45.316  -10.809 0.0000000000
141060  51.947  47.828  -7.694 0.0000000000
140188  51.594  47.689  -6.891 0.0000000000
140182  50.850  47.567  -6.054 0.0000000000
140174  48.881  47.589  -5.176 0.0000000000
143497  48.442  52.574  -4.997 0.0000000000
143512  48.651  51.991  -6.391 0.0000000000
143498  47.583  51.962  -5.264 0.0000000000
143499  46.434  51.204  -5.505 0.0000000000
143500  45.921  51.030  -5.246 0.0000000000
142584  42.445  50.868  -1.036 0.0000000000
142594  42.731  50.708  -1.675 0.0000000000
142595  41.809  50.021  -1.520 0.0000000000
141780  41.563  49.285  -1.865 0.0000000000
141014  41.655  48.618  -2.211 0.0000000000
140141  42.361  47.847  -2.884 0.0000000000
141011  41.477  48.614  -1.459 0.0000000000
140121  41.691  47.701  -0.082 0.0000000000
140111  42.057  47.671  0.764 0.0000000000
140110  42.727  47.336  1.095 0.0000000000
140992  42.324  48.008  1.557 0.0000000000
141745  43.206  49.139  3.051 0.0000000000
146009  43.185  54.653  5.525 0.0000000000
144329  43.587  52.668  5.196 0.0000000000
149342  46.223  57.689  -15.176 0.0000000000
149350  47.585  57.909  -16.857 0.0000000000
148615  47.660  57.563  -17.823 0.0000000000
148611  48.034  57.264  -16.988 0.0000000000
147834  49.152  56.234  -17.404 0.0000000000
147833  50.139  56.022  -17.310 0.0000000000
147795  47.602  56.319  -13.212 0.0000000000
147780  48.073  56.833  -12.013 0.0000000000
147779  49.253  57.160  -11.886 0.0000000000
144596  51.764  52.268  -17.016 0.0000000000
146275  51.446  54.136  -16.030 0.0000000000
145440  52.047  53.734  -16.151 0.0000000000
146264  52.403  54.430  -15.953 0.0000000000
146274  52.626  54.551  -16.254 0.0000000000
147055  52.308  55.384  -16.445 0.0000000000
145454  52.870  53.742  -16.671 0.0000000000
143709  53.074  51.782  -18.003 0.0000000000
141160  52.997  48.653  -19.666 0.0000000000
141169  52.533  48.181  -19.891 0.0000000000
140435  52.681  47.317  -20.084 0.0000000000
138642  52.089  45.211  -21.252 0.0000000000
137811  51.933  44.560  -21.160 0.0000000000
137739  54.348  45.185  -15.975 0.0000000000
137757  53.519  44.848  -17.755 0.0000000000
137751  53.402  44.952  -17.152 0.0000000000
137745  53.283  45.062  -16.617 0.0000000000
138591  51.821  45.744  -17.750 0.0000000000
138592  51.109  45.900  -18.021 0.0000000000
138578  52.186  45.792  -16.672 0.0000000000
138568  51.963  45.804  -15.654 0.0000000000
138527  51.611  45.373  -9.552 0.0000000000
139388  50.825  45.856  -9.648 0.0000000000
138509  50.708  45.035  -8.718 0.0000000000
137716  50.082  44.406  -8.061 0.0000000000
136966  49.115  43.233  -7.359 0.0000000000
136920  45.682  42.795  -4.301 0.0000000000
136247  46.901  42.193  -5.546 0.0000000000
136234  45.555  42.037  -4.922 0.0000000000
134593  44.910  40.311  -5.658 0.0000000000
133718  44.598  39.282  -6.005 0.0000000000
132869  44.851  37.890  -6.288 0.0000000000
136208  48.788  42.841  0.756 0.0000000000
136219  47.689  42.596  0.240 0.0000000000
135467  48.649  41.670  0.035 0.0000000000
133677  48.570  39.699  -1.785 0.0000000000
140246  43.451  47.744  -10.748 0.0000000000
140220  42.852  47.519  -10.006 0.0000000000
140245  44.384  47.676  -10.629 0.0000000000
140218  44.580  47.495  -9.705 0.0000000000
140200  44.749  47.274  -8.796 0.0000000000
140272  46.084  47.650  -11.196 0.0000000000
140217  45.514  47.412  -9.504 0.0000000000
140199  45.681  47.238  -8.614 0.0000000000
139361  45.966  46.878  -7.874 0.0000000000
138485  45.764  45.501  -6.790 0.0000000000
137769  46.333  44.229  -19.430 0.0000000000
137771  44.783  44.074  -19.082 0.0000000000
138614  44.339  44.634  -18.565 0.0000000000
139518  45.450  46.481  -17.777 0.0000000000
140349  43.782  48.006  -14.385 0.0000000000
140299  43.737  47.905  -12.505 0.0000000000
143601  45.685  50.749  -10.309 0.0000000000
143578  46.276  50.942  -9.266 0.0000000000
143554  46.840  51.686  -8.148 0.0000000000
140930  48.007  47.710  5.269 0.0000000000
139209  48.673  45.826  4.390 0.0000000000
140061  48.413  46.779  5.109 0.0000000000
138360  47.904  44.383  4.063 0.0000000000
136150  50.229  42.637  4.460 0.0000000000
136826  47.832  43.324  4.938 0.0000000000
136143  48.889  42.827  5.201 0.0000000000
135373  50.102  42.138  4.371 0.0000000000
135403  51.061  41.365  2.857 0.0000000000
134514  51.835  40.439  1.709 0.0000000000
138538  54.348  45.643  -12.595 0.0000000000
140240  53.333  47.270  -10.124 0.0000000000
141075  53.329  48.398  -10.672 0.0000000000
140214  52.613  48.195  -8.908 0.0000000000
141061  51.416  48.510  -7.592 0.0000000000
141062  50.327  48.652  -7.357 0.0000000000
143449  46.205  52.528  -1.281 0.0000000000
143438  45.377  52.476  -0.755 0.0000000000
144401  44.874  52.671  -0.151 0.0000000000
143439  44.070  52.141  -0.412 0.0000000000
145229  44.583  53.962  1.206 0.0000000000
144389  43.940  52.856  0.461 0.0000000000
143429  42.985  52.187  0.350 0.0000000000
143430  42.157  51.343  -0.012 0.0000000000
143420  42.028  51.914  1.060 0.0000000000
142569  41.476  50.824  1.679 0.0000000000
143405  41.774  51.781  2.247 0.0000000000
144341  42.306  52.757  3.468 0.0000000000
146023  42.918  53.941  4.205 0.0000000000
146812  42.875  55.438  4.618 0.0000000000
146795  42.669  55.909  5.496 0.0000000000
147544  41.979  55.809  5.869 0.0000000000
146797  41.271  55.468  5.501 0.0000000000
145443  49.144  53.369  -16.977 0.0000000000
146277  49.692  54.193  -16.420 0.0000000000
145455  49.838  52.908  -17.092 0.0000000000
144598  50.180  52.215  -17.238 0.0000000000
143692  50.857  51.373  -17.544 0.0000000000
141913  50.191  49.428  -17.492 0.0000000000
142769  51.526  50.593  -17.818 0.0000000000
141923  51.988  49.130  -18.220 0.0000000000
139529  53.431  46.535  -18.711 0.0000000000
139530  53.277  46.473  -18.088 0.0000000000
139510  53.836  45.904  -17.689 0.0000000000
139490  54.380  45.616  -16.910 0.0000000000
139457  53.984  46.519  -15.157 0.0000000000
139472  54.353  45.805  -16.056 0.0000000000
138565  54.480  45.285  -16.384 0.0000000000
138552  54.631  45.548  -14.623 0.0000000000
138545  54.569  45.514  -13.628 0.0000000000
137654  50.043  44.899  -5.053 0.0000000000
137661  50.492  44.231  -5.473 0.0000000000
137655  49.253  44.751  -4.820 0.0000000000
137656  48.346  44.340  -4.689 0.0000000000
136918  47.735  43.602  -4.880 0.0000000000
138453  46.864  44.770  -3.899 0.0000000000
137658  46.693  44.259  -3.973 0.0000000000
136919  46.445  43.588  -4.262 0.0000000000
135480  45.194  41.144  -2.724 0.0000000000
133674  51.604  39.387  -1.582 0.0000000000
133689  51.007  38.922  -2.056 0.0000000000
132827  51.490  38.442  -2.628 0.0000000000
136284  40.291  42.314  -7.335 0.0000000000
140202  43.112  47.358  -9.298 0.0000000000
138488  42.597  45.476  -7.456 0.0000000000
136971  41.672  43.462  -7.414 0.0000000000
135536  41.240  41.300  -8.114 0.0000000000
135548  41.903  41.252  -8.776 0.0000000000
136295  43.341  42.358  -8.887 0.0000000000
136302  43.496  42.139  -9.639 0.0000000000
139559  48.113  46.112  -20.846 0.0000000000
140439  48.510  47.365  -20.556 0.0000000000
137012  42.800  43.895  -18.988 0.0000000000
137790  42.847  44.403  -19.303 0.0000000000
142695  51.675  50.109  -11.223 0.0000000000
143573  51.999  52.302  -9.394 0.0000000000
144509  51.389  52.913  -8.862 0.0000000000
145367  51.161  53.312  -8.143 0.0000000000
145338  50.188  53.488  -6.080 0.0000000000
145359  49.775  53.601  -7.325 0.0000000000
145339  49.944  53.870  -5.542 0.0000000000
144455  49.311  53.264  -4.899 0.0000000000
144457  48.389  52.915  -3.841 0.0000000000
143475  47.632  52.683  -2.770 0.0000000000
144411  47.034  52.873  -1.293 0.0000000000
145248  46.801  54.036  0.032 0.0000000000
146864  46.427  55.598  0.817 0.0000000000
148368  45.408  57.000  1.600 0.0000000000
146991  46.230  56.441  -11.699 0.0000000000
147013  45.278  55.637  -13.313 0.0000000000
146996  46.014  56.209  -12.724 0.0000000000
147781  46.973  56.427  -12.278 0.0000000000
147031  47.894  55.797  -14.973 0.0000000000
147046  48.405  55.218  -15.816 0.0000000000
143657  46.645  51.592  -15.129 0.0000000000
146279  47.328  54.340  -16.360 0.0000000000
145444  47.904  53.358  -16.826 0.0000000000
146278  48.529  54.325  -16.433 0.0000000000
143694  49.117  50.805  -17.090 0.0000000000
141903  49.070  49.511  -16.157 0.0000000000
141873  48.823  49.763  -14.148 0.0000000000
141894  48.932  49.438  -15.576 0.0000000000
141885  49.660  48.823  -14.757 0.0000000000
141871  50.593  48.777  -13.688 0.0000000000
141845  51.141  49.656  -11.983 0.0000000000
139276  45.532  46.092  -0.347 0.0000000000
139265  45.848  46.206  0.603 0.0000000000
138419  46.497  45.742  0.522 0.0000000000
137622  48.032  44.747  1.112 0.0000000000
138405  47.505  45.777  1.708 0.0000000000
137611  48.290  45.171  1.617 0.0000000000
136887  48.279  43.755  0.943 0.0000000000
134551  50.649  40.590  -0.379 0.0000000000
138369  48.427  44.813  3.625 0.0000000000
137579  49.922  44.201  3.275 0.0000000000
137594  50.491  43.936  2.831 0.0000000000
136168  52.409  42.119  2.292 0.0000000000
136182  52.000  42.584  2.049 0.0000000000
136864  51.201  43.439  2.363 0.0000000000
136206  51.471  42.366  1.307 0.0000000000
135465  51.321  41.101  0.233 0.0000000000
133688  51.978  38.932  -2.185 0.0000000000
139478  49.443  46.975  -14.549 0.0000000000
139460  50.034  46.716  -14.043 0.0000000000
139435  50.624  46.471  -12.191 0.0000000000
139424  51.320  46.049  -11.337 0.0000000000
138548  52.399  45.637  -12.500 0.0000000000
138541  52.214  45.643  -11.492 0.0000000000
138535  51.948  45.629  -10.539 0.0000000000
137722  52.065  44.748  -9.101 0.0000000000
136979  52.196  43.825  -7.763 0.0000000000
136937  52.155  44.023  -6.770 0.0000000000
138525  53.489  45.354  -9.730 0.0000000000
138507  53.206  45.376  -8.771 0.0000000000
139356  52.703  46.634  -7.917 0.0000000000
139355  52.940  45.983  -8.258 0.0000000000
138479  53.088  45.402  -7.968 0.0000000000
138460  52.557  45.350  -6.673 0.0000000000
138461  52.074  45.050  -5.990 0.0000000000
138456  51.521  45.263  -5.427 0.0000000000
139310  50.679  45.732  -4.942 0.0000000000
139312  49.360  46.207  -4.443 0.0000000000
139313  48.108  46.339  -4.206 0.0000000000
139283  44.658  46.437  -1.285 0.0000000000
144497  52.065  52.691  -8.273 0.0000000000
143528  51.425  51.963  -7.749 0.0000000000
142638  50.401  51.007  -7.867 0.0000000000
142639  49.352  50.714  -7.577 0.0000000000
141824  48.865  49.851  -7.557 0.0000000000
141064  48.412  49.246  -7.220 0.0000000000
143478  44.858  51.224  -3.234 0.0000000000
142613  45.090  51.011  -4.321 0.0000000000
142614  44.397  50.437  -4.658 0.0000000000
142604  42.793  50.153  -2.834 0.0000000000
142615  43.714  49.867  -4.558 0.0000000000
141802  45.275  49.851  -5.833 0.0000000000
141057  45.684  49.519  -6.013 0.0000000000
141044  46.335  48.528  -5.853 0.0000000000
141043  47.360  48.233  -5.855 0.0000000000
140166  45.491  47.771  -4.482 0.0000000000
140140  43.313  47.236  -2.768 0.0000000000
140139  44.247  47.059  -2.718 0.0000000000
139296  43.812  46.945  -2.211 0.0000000000
139277  44.724  46.301  -0.415 0.0000000000
139253  45.120  46.541  1.301 0.0000000000
140107  45.169  46.793  2.068 0.0000000000
140101  44.110  47.477  2.281 0.0000000000
140100  44.809  47.270  2.509 0.0000000000
140099  45.637  47.120  2.756 0.0000000000
140091  46.229  47.506  3.412 0.0000000000
140967  46.862  48.196  4.099 0.0000000000
140951  47.103  48.828  4.682 0.0000000000
142557  41.868  50.698  2.774 0.0000000000
142556  42.449  50.421  3.406 0.0000000000
142524  43.808  51.222  4.769 0.0000000000
142539  44.135  50.513  4.429 0.0000000000
141714  45.387  50.292  4.963 0.0000000000
141713  46.064  49.818  4.776 0.0000000000
141712  46.958  49.511  5.098 0.0000000000
141694  46.966  49.622  5.706 0.0000000000
141680  46.187  49.634  6.178 0.0000000000
140918  46.042  49.197  5.973 0.0000000000
140064  45.833  47.592  5.378 0.0000000000
147848  48.914  57.138  -20.378 0.0000000000
148617  47.936  57.379  -18.851 0.0000000000
147843  48.757  56.663  -19.585 0.0000000000
147847  49.547  56.473  -20.320 0.0000000000
147846  50.415  55.849  -20.355 0.0000000000
145482  51.000  53.648  -19.395 0.0000000000
149310  48.592  58.186  -12.681 0.0000000000
147029  50.133  55.987  -14.554 0.0000000000
147793  49.960  56.979  -12.783 0.0000000000
147028  51.046  56.217  -14.642 0.0000000000
149309  49.711  58.314  -13.046 0.0000000000
149339  49.677  57.495  -15.209 0.0000000000
148600  50.263  57.296  -15.318 0.0000000000
147827  50.484  56.437  -16.509 0.0000000000
147832  51.084  56.139  -17.035 0.0000000000
147064  52.387  55.107  -17.096 0.0000000000
147065  51.863  55.580  -17.511 0.0000000000
147072  51.457  55.097  -18.642 0.0000000000
146296  51.431  54.414  -18.885 0.0000000000
144625  50.742  52.479  -19.468 0.0000000000
139565  51.158  46.068  -21.639 0.0000000000
138655  48.989  44.802  -21.544 0.0000000000
137044  46.974  43.970  -21.085 0.0000000000
137032  46.870  43.810  -20.677 0.0000000000
137019  47.328  43.740  -20.324 0.0000000000
138623  53.599  45.615  -19.809 0.0000000000
137796  53.282  45.022  -20.025 0.0000000000
137798  51.755  44.374  -20.816 0.0000000000
138606  52.624  44.981  -19.049 0.0000000000
137782  51.406  44.472  -20.361 0.0000000000
137801  49.164  43.626  -20.900 0.0000000000
137784  49.087  43.960  -20.525 0.0000000000
137785  48.028  44.160  -20.083 0.0000000000
137786  46.902  44.272  -19.683 0.0000000000
138629  47.788  44.834  -19.495 0.0000000000
138610  48.463  45.613  -19.083 0.0000000000
139532  50.237  46.119  -18.222 0.0000000000
139496  49.086  47.077  -16.639 0.0000000000
140383  49.477  47.130  -15.786 0.0000000000
139389  49.894  45.969  -8.999 0.0000000000
139390  48.650  46.517  -9.022 0.0000000000
139336  47.429  45.891  -7.409 0.0000000000
138484  46.767  45.279  -6.890 0.0000000000
138464  46.152  44.690  -6.568 0.0000000000
136243  50.143  42.924  -6.468 0.0000000000
136276  49.604  42.803  -7.291 0.0000000000
136277  48.811  42.485  -7.165 0.0000000000
135497  47.388  42.081  -6.026 0.0000000000
136278  48.176  42.352  -6.997 0.0000000000
136967  48.138  43.012  -7.078 0.0000000000
137669  47.442  43.746  -6.728 0.0000000000
137670  46.463  43.840  -6.540 0.0000000000
136260  44.856  42.329  -7.019 0.0000000000
135515  44.503  41.326  -7.297 0.0000000000
134605  44.175  40.461  -7.619 0.0000000000
134597  44.648  39.994  -7.112 0.0000000000
133727  44.049  39.529  -7.557 0.0000000000
133728  43.788  39.841  -8.114 0.0000000000
132885  43.706  39.329  -8.752 0.0000000000
138432  45.682  45.339  -1.024 0.0000000000
137634  45.852  44.499  -0.799 0.0000000000
136907  45.523  43.608  -1.261 0.0000000000
136220  46.268  42.555  -0.566 0.0000000000
136225  45.475  42.510  -1.539 0.0000000000
135475  45.282  41.805  -2.134 0.0000000000
135479  45.699  40.778  -2.416 0.0000000000
134576  45.593  40.313  -2.974 0.0000000000
133690  49.977  38.986  -2.060 0.0000000000
132829  49.492  38.590  -2.666 0.0000000000
132830  48.641  38.743  -2.796 0.0000000000
132005  49.100  37.379  -4.452 0.0000000000
131989  48.702  37.838  -3.833 0.0000000000
132845  47.918  38.367  -3.376 0.0000000000
133699  47.180  39.031  -3.102 0.0000000000
133700  46.442  39.197  -3.326 0.0000000000
133701  45.622  39.446  -3.699 0.0000000000
132862  45.540  38.374  -4.605 0.0000000000
132866  45.140  37.991  -5.610 0.0000000000
135389  47.423  41.201  4.161 0.0000000000
135405  48.620  41.345  2.950 0.0000000000
134517  48.695  40.566  1.367 0.0000000000
135427  49.367  40.858  1.889 0.0000000000
131988  49.551  37.726  -3.820 0.0000000000
132032  44.464  37.580  -7.613 0.0000000000
132828  50.474  38.466  -2.592 0.0000000000
132847  46.132  38.709  -3.847 0.0000000000
132867  44.737  38.557  -5.843 0.0000000000
132893  43.797  39.625  -9.258 0.0000000000
133654  53.518  39.170  -0.908 0.0000000000
133673  52.407  39.291  -1.790 0.0000000000
133675  50.546  39.483  -1.533 0.0000000000
133691  48.999  39.194  -2.254 0.0000000000
133692  47.851  39.361  -2.455 0.0000000000
133693  46.790  39.583  -2.692 0.0000000000
133694  46.101  39.764  -2.987 0.0000000000
133711  44.662  39.128  -5.330 0.0000000000
133737  43.718  40.016  -8.717 0.0000000000
133744  43.785  40.168  -9.330 0.0000000000
134491  51.536  40.954  2.244 0.0000000000
134493  49.874  40.874  2.034 0.0000000000
134534  53.449  40.030  0.086 0.0000000000
134535  53.051  40.232  0.615 0.0000000000
134550  51.859  40.448  -0.398 0.0000000000
134564  53.527  39.587  -1.061 0.0000000000
134569  48.881  40.173  -1.167 0.0000000000
134571  46.769  40.519  -1.760 0.0000000000
134606  43.773  40.542  -8.217 0.0000000000
134618  41.501  41.120  -8.514 0.0000000000
134619  41.053  40.995  -8.309 0.0000000000
134630  44.008  40.430  -9.959 0.0000000000
134631  43.767  40.702  -9.362 0.0000000000
134633  41.696  40.958  -8.969 0.0000000000
135374  49.167  41.924  4.548 0.0000000000
135375  48.240  41.557  4.767 0.0000000000
135376  47.301  41.152  5.019 0.0000000000
135385  51.558  41.934  3.436 0.0000000000
135401  52.548  41.677  2.331 0.0000000000
135428  48.654  41.015  2.053 0.0000000000
135429  47.662  41.153  2.178 0.0000000000
135453  51.960  41.591  0.783 0.0000000000
135456  48.863  42.225  0.448 0.0000000000
135462  53.464  40.367  -0.016 0.0000000000
135463  53.222  40.685  0.009 0.0000000000
135469  46.287  41.859  -1.001 0.0000000000
135496  47.788  42.230  -5.994 0.0000000000
135498  46.670  41.832  -6.029 0.0000000000
135503  47.843  42.093  -6.231 0.0000000000
135518  41.345  41.743  -7.894 0.0000000000
135534  42.181  41.613  -8.617 0.0000000000
135535  41.700  41.485  -8.309 0.0000000000
135546  43.788  40.951  -9.349 0.0000000000
136144  48.315  42.698  5.114 0.0000000000
136145  47.550  42.484  5.209 0.0000000000
136151  49.576  42.761  4.961 0.0000000000
136152  46.329  42.575  4.887 0.0000000000
136169  52.079  42.287  2.828 0.0000000000
136181  52.619  41.879  1.902 0.0000000000
136184  50.487  43.328  1.604 0.0000000000
136209  48.073  43.142  0.667 0.0000000000
136218  48.477  42.307  0.404 0.0000000000
136221  45.742  43.070  -0.954 0.0000000000
136233  46.279  42.556  -4.941 0.0000000000
136246  47.577  42.414  -5.694 0.0000000000
136255  50.198  42.870  -7.103 0.0000000000
136256  49.414  42.468  -6.867 0.0000000000
136279  44.270  41.863  -7.539 0.0000000000
136825  48.566  43.654  4.981 0.0000000000
136828  46.662  42.885  4.895 0.0000000000
136831  50.091  43.135  4.340 0.0000000000
136832  49.180  43.543  4.342 0.0000000000
136833  46.802  43.893  4.564 0.0000000000
136839  50.420  43.564  3.665 0.0000000000
136851  51.749  42.873  3.203 0.0000000000
136863  51.739  42.938  2.711 0.0000000000
136865  50.520  43.692  1.942 0.0000000000
136885  50.058  43.530  1.608 0.0000000000
136902  47.668  43.418  0.566 0.0000000000
136914  45.977  43.827  -3.702 0.0000000000
136917  48.275  43.787  -4.962 0.0000000000
136925  50.925  43.628  -6.099 0.0000000000
136928  47.901  42.899  -5.382 0.0000000000
136938  51.745  43.862  -6.521 0.0000000000
136940  47.470  42.969  -6.763 0.0000000000
136941  46.797  43.008  -6.582 0.0000000000
136962  52.198  43.896  -7.102 0.0000000000
136964  50.721  43.413  -7.590 0.0000000000
136965  49.896  43.375  -7.594 0.0000000000
137008  45.659  43.793  -19.628 0.0000000000
137009  45.252  43.750  -19.546 0.0000000000
137010  44.372  43.634  -19.347 0.0000000000
137011  43.487  43.741  -19.145 0.0000000000
137017  48.729  43.674  -20.752 0.0000000000
137018  48.301  43.729  -20.648 0.0000000000
137021  45.006  43.693  -19.838 0.0000000000
137023  43.225  43.956  -19.350 0.0000000000
137024  42.560  44.120  -19.097 0.0000000000
137034  44.736  43.879  -20.089 0.0000000000
137035  44.108  43.926  -20.096 0.0000000000
137041  49.058  43.586  -21.258 0.0000000000
137042  48.483  43.710  -21.223 0.0000000000
137567  47.843  44.119  4.250 0.0000000000
137569  47.390  44.179  4.588 0.0000000000
137572  48.101  44.008  3.962 0.0000000000
137574  47.005  44.414  4.630 0.0000000000
137576  46.056  44.405  4.225 0.0000000000
137581  47.900  44.125  3.387 0.0000000000
137609  50.034  44.181  2.278 0.0000000000
137621  48.691  44.320  1.277 0.0000000000
137650  46.147  44.384  -3.546 0.0000000000
137660  51.409  44.420  -5.842 0.0000000000
137662  49.582  44.133  -5.220 0.0000000000
137663  48.985  44.163  -5.006 0.0000000000
137667  52.433  44.379  -6.719 0.0000000000
137668  51.993  44.369  -6.190 0.0000000000
137671  45.565  44.023  -6.648 0.0000000000
137692  50.285  43.918  -7.950 0.0000000000
137693  49.546  44.218  -7.717 0.0000000000
137714  51.430  44.619  -8.652 0.0000000000
137715  50.557  44.455  -8.355 0.0000000000
137720  53.211  44.898  -10.001 0.0000000000
137736  54.119  45.139  -15.107 0.0000000000
137740  54.069  45.099  -15.603 0.0000000000
137743  54.477  44.783  -16.742 0.0000000000
137744  53.827  44.934  -16.373 0.0000000000
137750  53.984  44.696  -17.247 0.0000000000
137766  53.969  45.206  -18.422 0.0000000000
137767  53.669  45.083  -18.624 0.0000000000
137768  53.286  44.932  -18.476 0.0000000000
137770  45.747  44.104  -19.404 0.0000000000
137773  42.893  43.932  -18.644 0.0000000000
137781  52.246  44.584  -20.117 0.0000000000
137787  46.259  43.965  -19.569 0.0000000000
137788  43.982  44.450  -19.939 0.0000000000
137797  52.601  44.678  -20.581 0.0000000000
137799  50.862  43.993  -21.014 0.0000000000
137800  49.583  43.704  -21.103 0.0000000000
137802  46.851  44.423  -21.019 0.0000000000
137805  44.350  44.323  -20.076 0.0000000000
137806  43.986  44.134  -20.089 0.0000000000
137812  51.377  44.249  -21.451 0.0000000000
137813  50.415  44.071  -21.659 0.0000000000
137815  48.258  44.175  -21.381 0.0000000000
137816  47.219  44.325  -21.201 0.0000000000
137817  46.846  44.174  -21.107 0.0000000000
138353  47.958  44.363  4.296 0.0000000000
138354  48.014  44.630  4.455 0.0000000000
138355  47.956  45.020  5.005 0.0000000000
138361  48.157  44.730  4.152 0.0000000000
138362  47.377  45.247  5.014 0.0000000000
138364  46.315  45.474  4.464 0.0000000000
138368  48.843  44.625  3.510 0.0000000000
138386  48.713  45.333  3.029 0.0000000000
138387  48.390  45.728  2.715 0.0000000000
138404  48.165  45.604  2.085 0.0000000000
138417  47.838  45.386  1.487 0.0000000000
138422  46.673  45.178  0.328 0.0000000000
138443  47.186  45.793  -3.873 0.0000000000
138449  50.315  45.523  -4.940 0.0000000000
138457  50.830  45.166  -5.213 0.0000000000
138462  47.460  44.315  -6.743 0.0000000000
138480  52.926  44.917  -7.402 0.0000000000
138483  47.859  44.723  -6.929 0.0000000000
138508  51.183  45.168  -8.967 0.0000000000
138510  49.903  45.122  -8.246 0.0000000000
138511  49.342  45.182  -7.947 0.0000000000
138526  52.272  45.186  -10.098 0.0000000000
138528  50.809  45.534  -9.067 0.0000000000
138558  54.635  45.478  -15.533 0.0000000000
138569  51.586  45.932  -15.114 0.0000000000
138576  54.497  45.155  -17.147 0.0000000000
138577  52.793  45.335  -17.020 0.0000000000
138588  54.209  45.331  -17.892 0.0000000000
138604  54.086  45.273  -18.221 0.0000000000
138605  53.909  45.581  -18.786 0.0000000000
138624  52.500  44.708  -19.587 0.0000000000
138625  51.996  44.855  -19.671 0.0000000000
138630  47.148  44.821  -19.309 0.0000000000
138631  44.720  45.427  -19.788 0.0000000000
138632  43.996  44.960  -19.708 0.0000000000
138643  51.523  45.566  -21.518 0.0000000000
138647  45.081  44.818  -20.024 0.0000000000
138657  47.395  44.857  -21.118 0.0000000000
139201  48.564  45.446  4.975 0.0000000000
139203  47.296  46.488  5.309 0.0000000000
139221  48.429  46.060  3.748 0.0000000000
139237  47.798  46.092  2.862 0.0000000000
139250  47.450  46.005  2.257 0.0000000000
139254  44.407  46.612  1.123 0.0000000000
139279  43.060  46.780  -0.677 0.0000000000
139311  50.298  46.064  -4.682 0.0000000000
139318  51.796  45.727  -5.533 0.0000000000
139332  52.958  45.750  -7.860 0.0000000000
139333  52.743  45.919  -7.391 0.0000000000
139334  48.833  45.468  -7.725 0.0000000000
139358  49.100  45.702  -8.146 0.0000000000
139360  46.955  46.677  -8.171 0.0000000000
139387  51.213  45.769  -9.826 0.0000000000
139392  46.883  47.070  -8.874 0.0000000000
139413  48.027  47.090  -9.864 0.0000000000
139414  47.622  47.126  -9.623 0.0000000000
139415  40.121  46.892  -10.482 0.0000000000
139426  49.436  46.784  -10.986 0.0000000000
139433  54.550  46.241  -13.097 0.0000000000
139458  51.830  45.899  -13.883 0.0000000000
139473  53.727  46.431  -15.821 0.0000000000
139474  53.067  46.717  -16.161 0.0000000000
139509  54.361  45.480  -17.413 0.0000000000
139512  51.625  45.943  -17.097 0.0000000000
139513  50.968  46.070  -17.451 0.0000000000
139517  46.530  46.726  -17.855 0.0000000000
139531  50.793  45.987  -18.122 0.0000000000
139555  53.210  46.321  -20.142 0.0000000000
139557  51.671  46.135  -21.269 0.0000000000
139566  50.442  45.935  -21.726 0.0000000000
139568  48.743  45.627  -21.317 0.0000000000
140049  47.195  48.246  5.908 0.0000000000
140063  46.872  47.587  5.697 0.0000000000
140076  47.833  47.648  4.457 0.0000000000
140088  48.123  46.736  3.934 0.0000000000
140089  47.657  47.253  3.955 0.0000000000
140109  43.610  47.148  1.488 0.0000000000
140131  41.679  47.820  -1.148 0.0000000000
140136  41.789  48.017  -2.073 0.0000000000
140142  41.830  48.280  -2.633 0.0000000000
140171  51.671  46.302  -5.559 0.0000000000
140172  51.082  46.794  -5.367 0.0000000000
140180  52.339  46.352  -6.695 0.0000000000
140242  47.266  47.263  -9.873 0.0000000000
140270  47.697  47.252  -10.495 0.0000000000
140293  54.306  47.151  -12.642 0.0000000000
140319  53.554  47.742  -13.605 0.0000000000
140344  51.831  47.799  -14.629 0.0000000000
140362  53.595  46.646  -15.249 0.0000000000
140365  51.050  47.824  -15.718 0.0000000000
140366  49.261  47.172  -15.532 0.0000000000
140382  51.205  47.730  -15.954 0.0000000000
140401  48.763  47.095  -16.735 0.0000000000
140402  48.213  47.158  -16.846 0.0000000000
140416  52.304  47.451  -17.878 0.0000000000
140425  53.481  47.617  -19.591 0.0000000000
140426  52.994  47.962  -19.829 0.0000000000
140444  51.331  46.663  -21.485 0.0000000000
140446  49.901  46.927  -21.466 0.0000000000
140916  47.153  48.865  5.956 0.0000000000
140917  46.547  48.821  5.987 0.0000000000
140931  47.673  48.458  5.667 0.0000000000
140932  46.361  48.197  5.813 0.0000000000
140933  45.666  48.720  5.772 0.0000000000
140949  48.205  47.516  4.979 0.0000000000
140983  41.537  49.292  1.551 0.0000000000
140991  42.924  47.627  1.721 0.0000000000
141017  42.156  48.626  -3.079 0.0000000000
141018  41.843  48.615  -2.615 0.0000000000
141022  42.975  48.634  -3.956 0.0000000000
141023  42.555  48.647  -3.524 0.0000000000
141032  44.932  48.264  -5.083 0.0000000000
141045  45.253  48.960  -5.677 0.0000000000
141046  44.619  49.221  -5.327 0.0000000000
141056  46.199  49.206  -6.226 0.0000000000
141068  51.641  49.229  -8.248 0.0000000000
141102  53.153  48.221  -13.178 0.0000000000
141103  52.599  48.272  -13.209 0.0000000000
141104  51.905  48.438  -13.377 0.0000000000
141116  50.920  48.274  -14.380 0.0000000000
141123  51.383  47.945  -14.735 0.0000000000
141125  50.121  48.511  -15.562 0.0000000000
141132  51.101  47.847  -16.717 0.0000000000
141144  50.551  48.679  -17.315 0.0000000000
141150  53.138  48.606  -18.944 0.0000000000
141151  52.842  48.421  -18.681 0.0000000000
141161  52.146  48.754  -19.723 0.0000000000
141178  49.934  48.372  -21.445 0.0000000000
141678  47.098  49.113  5.953 0.0000000000
141679  46.826  49.335  5.970 0.0000000000
141693  47.288  49.142  5.796 0.0000000000
141711  47.447  49.097  5.468 0.0000000000
141729  46.645  49.123  4.574 0.0000000000
141733  42.849  50.100  3.542 0.0000000000
141783  42.324  49.417  -2.993 0.0000000000
141784  41.861  49.059  -2.530 0.0000000000
141793  43.712  49.327  -4.707 0.0000000000
141803  44.801  49.543  -5.510 0.0000000000
141811  47.706  49.282  -6.953 0.0000000000
141812  46.947  49.786  -6.659 0.0000000000
141814  45.688  49.839  -6.002 0.0000000000
141823  50.069  49.786  -7.883 0.0000000000
141825  48.039  49.819  -7.276 0.0000000000
141835  52.702  49.885  -9.289 0.0000000000
141844  52.265  49.499  -11.660 0.0000000000
141855  53.109  48.729  -12.476 0.0000000000
141856  52.590  48.906  -12.417 0.0000000000
141870  51.349  48.650  -13.370 0.0000000000
141872  49.439  49.422  -13.694 0.0000000000
141884  50.368  48.552  -14.405 0.0000000000
141886  48.888  49.538  -14.694 0.0000000000
141893  49.464  49.053  -15.851 0.0000000000
141902  49.412  49.491  -16.650 0.0000000000
141911  52.171  49.908  -18.131 0.0000000000
141921  53.293  49.453  -18.735 0.0000000000
141930  53.234  49.543  -19.246 0.0000000000
142492  46.390  49.979  5.988 0.0000000000
142493  45.970  50.408  6.380 0.0000000000
142506  46.446  50.197  5.668 0.0000000000
142508  45.718  51.057  5.638 0.0000000000
142520  46.292  50.169  5.294 0.0000000000
142522  45.256  51.047  5.337 0.0000000000
142538  44.872  50.544  4.819 0.0000000000
142541  42.323  51.041  3.441 0.0000000000
142593  43.324  51.013  -2.008 0.0000000000
142608  45.014  51.138  -3.807 0.0000000000
142609  44.530  50.965  -3.505 0.0000000000
142611  42.724  49.747  -3.566 0.0000000000
142618  46.074  50.838  -5.701 0.0000000000
142619  45.516  50.716  -5.426 0.0000000000
142620  44.769  50.092  -5.393 0.0000000000
142625  47.259  50.757  -6.687 0.0000000000
142626  46.325  50.563  -6.092 0.0000000000
142637  51.005  51.497  -7.786 0.0000000000
142655  51.504  50.955  -8.135 0.0000000000
142669  52.862  50.276  -10.094 0.0000000000
142685  48.294  50.897  -11.135 0.0000000000
142696  50.459  50.186  -11.652 0.0000000000
142707  49.523  49.957  -12.571 0.0000000000
142718  49.304  49.766  -13.207 0.0000000000
142719  48.652  50.051  -13.628 0.0000000000
142720  47.725  50.614  -13.655 0.0000000000
142749  48.477  50.024  -15.446 0.0000000000
142758  49.192  50.022  -16.831 0.0000000000
142767  53.013  51.275  -17.889 0.0000000000
142772  49.129  50.287  -16.925 0.0000000000
142780  53.189  50.816  -18.475 0.0000000000
142781  52.918  51.111  -18.632 0.0000000000
142790  52.775  50.572  -18.970 0.0000000000
143359  46.159  50.626  5.839 0.0000000000
143361  45.257  51.710  5.995 0.0000000000
143373  44.849  51.593  5.543 0.0000000000
143375  43.239  51.822  4.694 0.0000000000
143404  42.012  52.139  3.028 0.0000000000
143419  42.525  52.326  0.849 0.0000000000
143428  43.647  52.404  0.123 0.0000000000
143437  45.923  52.671  -0.825 0.0000000000
143440  42.758  51.300  -0.797 0.0000000000
143441  42.231  51.098  -0.496 0.0000000000
143448  46.789  52.646  -1.511 0.0000000000
143464  44.591  51.304  -2.624 0.0000000000
143465  43.969  51.182  -2.320 0.0000000000
143477  45.479  51.389  -3.565 0.0000000000
143486  48.473  52.766  -4.413 0.0000000000
143510  50.250  52.415  -7.015 0.0000000000
143527  51.695  52.346  -7.806 0.0000000000
143530  49.593  51.610  -7.306 0.0000000000
143531  48.927  51.332  -7.246 0.0000000000
143550  52.066  52.079  -8.122 0.0000000000
143551  51.920  51.577  -8.078 0.0000000000
143552  48.661  52.259  -8.497 0.0000000000
143595  52.431  51.539  -9.704 0.0000000000
143596  51.763  51.615  -10.059 0.0000000000
143598  49.437  51.404  -10.171 0.0000000000
143611  47.169  50.889  -11.637 0.0000000000
143672  52.362  52.427  -16.997 0.0000000000
143673  52.010  52.317  -16.989 0.0000000000
143691  51.916  51.732  -17.290 0.0000000000
143726  52.644  51.259  -18.691 0.0000000000
144315  44.445  52.503  5.866 0.0000000000
144373  43.447  53.038  0.973 0.0000000000
144374  42.762  52.792  1.183 0.0000000000
144399  47.177  53.375  -0.750 0.0000000000
144400  46.172  53.032  -0.462 0.0000000000
144412  46.486  52.795  -1.000 0.0000000000
144425  48.336  53.491  -2.413 0.0000000000
144444  48.256  52.990  -3.288 0.0000000000
144456  48.853  53.213  -4.319 0.0000000000
144465  50.153  53.240  -6.113 0.0000000000
144466  49.738  53.265  -5.577 0.0000000000
144475  50.875  52.937  -7.177 0.0000000000
144477  49.466  52.647  -6.227 0.0000000000
144478  49.062  52.487  -6.081 0.0000000000
144486  51.820  52.566  -7.891 0.0000000000
144487  51.261  52.733  -7.485 0.0000000000
144489  48.560  53.066  -7.323 0.0000000000
144498  51.753  53.027  -8.454 0.0000000000
144499  50.215  53.045  -8.345 0.0000000000
144501  48.761  52.807  -7.901 0.0000000000
144508  52.080  52.704  -8.826 0.0000000000
144512  48.960  52.324  -8.520 0.0000000000
144578  52.542  53.191  -16.547 0.0000000000
144579  51.797  52.810  -16.746 0.0000000000
144580  50.852  52.897  -17.001 0.0000000000
144581  50.281  52.879  -17.051 0.0000000000
144594  53.054  52.374  -17.626 0.0000000000
144597  51.249  52.238  -17.185 0.0000000000
144609  53.060  52.191  -17.807 0.0000000000
144610  52.864  52.592  -17.830 0.0000000000
144611  52.288  52.753  -18.321 0.0000000000
145203  42.558  53.492  3.016 0.0000000000
145213  43.341  53.952  1.977 0.0000000000
145230  43.691  53.466  1.277 0.0000000000
145249  46.022  53.751  0.343 0.0000000000
145250  44.948  53.558  0.701 0.0000000000
145251  44.302  53.436  0.932 0.0000000000
145263  47.430  53.926  -0.717 0.0000000000
145264  46.929  53.650  -0.333 0.0000000000
145265  46.509  53.602  -0.084 0.0000000000
145296  48.129  53.669  -2.009 0.0000000000
145329  49.504  53.684  -4.924 0.0000000000
145347  50.943  53.167  -7.157 0.0000000000
145348  50.585  53.523  -6.834 0.0000000000
145349  48.707  53.861  -6.327 0.0000000000
145356  51.671  52.899  -7.836 0.0000000000
145358  50.545  53.578  -7.370 0.0000000000
145360  48.818  53.500  -6.937 0.0000000000
145362  47.097  52.989  -6.462 0.0000000000
145366  51.635  53.077  -8.048 0.0000000000
145368  50.323  53.274  -8.104 0.0000000000
145369  49.425  53.249  -7.675 0.0000000000
145374  50.794  53.141  -8.478 0.0000000000
145375  50.539  53.115  -8.442 0.0000000000
145428  52.556  54.180  -15.962 0.0000000000
145429  52.312  54.153  -15.921 0.0000000000
145439  52.620  53.960  -16.076 0.0000000000
145456  49.361  52.547  -17.189 0.0000000000
145467  52.792  53.565  -17.330 0.0000000000
145995  43.036  54.982  6.014 0.0000000000
146010  41.552  54.682  5.798 0.0000000000
146022  42.973  54.555  4.461 0.0000000000
146058  44.535  55.093  2.241 0.0000000000
146059  43.693  54.663  2.440 0.0000000000
146060  43.005  54.150  2.709 0.0000000000
146071  46.374  55.163  0.884 0.0000000000
146072  45.761  54.977  1.323 0.0000000000
146073  44.982  54.684  1.586 0.0000000000
146091  47.220  54.624  -0.112 0.0000000000
146092  46.654  54.579  0.432 0.0000000000
146113  47.451  54.597  -0.826 0.0000000000
146180  49.443  54.111  -5.056 0.0000000000
146189  50.257  53.987  -6.200 0.0000000000
146190  49.701  54.179  -5.899 0.0000000000
146200  49.887  54.152  -6.481 0.0000000000
146201  49.083  54.133  -6.219 0.0000000000
146208  50.007  53.858  -7.002 0.0000000000
146209  49.455  53.926  -6.780 0.0000000000
146267  50.216  54.869  -15.889 0.0000000000
146284  52.439  54.851  -17.476 0.0000000000
146289  52.574  54.228  -17.553 0.0000000000
146290  52.061  54.519  -18.099 0.0000000000
146778  42.991  55.334  5.925 0.0000000000
146780  42.281  55.422  6.192 0.0000000000
146794  42.976  55.416  5.543 0.0000000000
146796  41.771  55.426  5.899 0.0000000000
146849  45.453  56.062  2.026 0.0000000000
146865  45.921  55.832  1.370 0.0000000000
146880  47.200  55.078  0.006 0.0000000000
146899  47.192  55.110  -0.260 0.0000000000
146915  46.826  55.245  -0.906 0.0000000000
147042  52.210  55.276  -15.696 0.0000000000
147043  51.579  55.408  -15.281 0.0000000000
147056  51.981  55.840  -16.621 0.0000000000
147057  47.977  54.725  -16.235 0.0000000000
147066  50.792  55.802  -17.785 0.0000000000
147067  50.216  55.773  -17.884 0.0000000000
147074  50.324  55.610  -18.413 0.0000000000
147543  42.299  55.933  5.731 0.0000000000
147556  42.610  55.924  4.807 0.0000000000
147570  42.492  56.411  4.446 0.0000000000
147583  43.756  56.807  3.581 0.0000000000
147599  44.920  56.837  2.588 0.0000000000
147616  46.364  55.954  0.732 0.0000000000
147617  45.835  56.457  1.200 0.0000000000
147632  46.561  55.890  0.220 0.0000000000
147770  48.525  57.500  -10.861 0.0000000000
147791  51.267  57.236  -13.254 0.0000000000
147796  46.636  56.282  -13.210 0.0000000000
147820  52.249  55.784  -15.379 0.0000000000
147824  52.254  55.812  -15.651 0.0000000000
147826  51.269  56.462  -16.262 0.0000000000
148318  42.175  56.431  4.199 0.0000000000
148319  41.890  56.590  4.432 0.0000000000
148350  45.203  57.202  2.036 0.0000000000
148351  44.822  57.450  2.512 0.0000000000
148369  44.828  57.461  1.925 0.0000000000
148386  45.153  57.078  1.326 0.0000000000
148539  48.277  58.153  -10.232 0.0000000000
148564  51.335  57.495  -13.332 0.0000000000
148581  51.397  57.231  -14.170 0.0000000000
148607  51.391  56.811  -15.665 0.0000000000
148608  50.759  56.865  -15.831 0.0000000000
148609  49.917  56.802  -16.038 0.0000000000
148614  48.208  56.738  -17.620 0.0000000000
148623  50.217  56.562  -21.018 0.0000000000
148630  49.040  58.513  -21.371 0.0000000000
149087  44.249  58.436  3.407 0.0000000000
149307  51.246  57.749  -13.497 0.0000000000
149322  51.143  57.779  -13.925 0.0000000000
149323  50.148  57.878  -14.454 0.0000000000
149392  48.603  58.752  -21.013 0.0000000000
149902  44.112  59.049  3.266 0.0000000000
149903  43.436  59.798  3.612 0.0000000000
149915  44.289  58.954  2.823 0.0000000000
151342  42.164  60.972  3.986 0.0000000000
