#!ascii label  , from subject 198451 vox2ras=TkReg
1231
78086  17.499  -7.800  32.197 0.0000000000
83065  30.805  -3.735  41.089 0.0000000000
104775  38.873  11.186  14.709 0.0000000000
90134  26.430  -0.490  23.614 0.0000000000
88622  32.330  -1.759  34.378 0.0000000000
114146  48.589  20.118  6.537 0.0000000000
97222  36.838  5.663  16.830 0.0000000000
90285  31.561  0.502  15.199 0.0000000000
74135  14.010  -11.611  32.202 0.0000000000
79250  24.410  -6.629  36.518 0.0000000000
79317  27.850  -6.065  33.430 0.0000000000
79368  20.867  -6.485  29.809 0.0000000000
103597  47.651  10.325  8.880 0.0000000000
79206  20.436  -6.262  37.677 0.0000000000
79258  15.887  -7.219  35.787 0.0000000000
108269  45.914  15.330  13.204 0.0000000000
74069  12.672  -11.733  36.256 0.0000000000
70159  8.450  -14.674  36.216 0.0000000000
91405  30.421  1.538  21.354 0.0000000000
90060  28.988  -0.658  29.871 0.0000000000
79436  30.543  -7.461  26.085 0.0000000000
78135  29.536  -7.732  29.044 0.0000000000
93839  35.710  2.402  17.495 0.0000000000
93841  33.859  2.831  16.232 0.0000000000
91477  33.197  0.720  17.728 0.0000000000
97211  40.553  6.456  18.529 0.0000000000
76876  16.982  -8.589  30.055 0.0000000000
75546  15.446  -10.812  30.204 0.0000000000
76841  15.717  -9.520  31.883 0.0000000000
78029  21.568  -6.552  34.534 0.0000000000
79320  22.741  -6.018  33.152 0.0000000000
79356  19.805  -6.978  31.235 0.0000000000
78153  18.311  -7.906  28.378 0.0000000000
104796  39.848  12.349  12.265 0.0000000000
104750  41.539  12.015  16.551 0.0000000000
105960  42.637  13.533  14.140 0.0000000000
107126  43.523  13.931  11.711 0.0000000000
79207  14.465  -7.702  38.542 0.0000000000
75467  14.124  -10.418  35.960 0.0000000000
75448  13.695  -10.213  38.060 0.0000000000
71375  8.106  -13.181  39.713 0.0000000000
72688  9.180  -13.105  37.664 0.0000000000
71402  7.700  -14.200  38.294 0.0000000000
68712  6.534  -16.605  39.329 0.0000000000
68693  6.029  -16.339  40.969 0.0000000000
92393  30.218  1.571  32.797 0.0000000000
89952  30.928  -0.906  32.778 0.0000000000
87438  29.835  -3.304  28.393 0.0000000000
85990  31.309  -4.258  30.736 0.0000000000
80672  25.712  -5.365  29.410 0.0000000000
78080  29.348  -6.717  31.801 0.0000000000
79393  27.271  -7.123  27.626 0.0000000000
78167  27.920  -8.060  26.000 0.0000000000
91387  28.083  0.998  22.288 0.0000000000
90221  28.189  -0.563  19.143 0.0000000000
87579  26.531  -2.311  19.980 0.0000000000
114192  52.366  19.792  2.481 0.0000000000
112989  49.217  18.951  2.604 0.0000000000
102243  38.485  9.050  16.205 0.0000000000
97231  34.395  5.791  15.506 0.0000000000
102229  41.289  9.733  17.909 0.0000000000
79198  27.220  -6.170  38.621 0.0000000000
79220  28.984  -5.237  37.442 0.0000000000
79292  25.881  -6.250  34.988 0.0000000000
81882  24.443  -5.353  31.826 0.0000000000
81929  22.377  -5.301  27.976 0.0000000000
105995  50.126  12.064  10.054 0.0000000000
108314  49.518  14.413  8.440 0.0000000000
111818  48.417  17.032  9.245 0.0000000000
112962  46.559  18.306  7.749 0.0000000000
79298  19.318  -6.524  34.918 0.0000000000
79301  16.540  -7.582  33.994 0.0000000000
80556  18.226  -5.611  36.357 0.0000000000
79227  22.634  -6.921  37.006 0.0000000000
107123  46.701  14.091  11.002 0.0000000000
75486  14.870  -10.073  34.287 0.0000000000
74086  13.513  -11.679  34.742 0.0000000000
72735  11.506  -13.325  33.856 0.0000000000
74028  11.886  -11.851  38.224 0.0000000000
72719  10.225  -13.322  35.639 0.0000000000
67254  4.886  -17.462  42.340 0.0000000000
90218  32.575  1.366  20.193 0.0000000000
92518  28.049  1.637  25.503 0.0000000000
92465  29.350  2.284  28.851 0.0000000000
90093  27.296  -0.372  26.841 0.0000000000
87489  28.534  -3.670  26.645 0.0000000000
81979  30.039  -6.924  24.879 0.0000000000
78239  30.228  -8.871  23.687 0.0000000000
80567  31.015  -5.778  35.405 0.0000000000
80598  31.904  -5.911  33.652 0.0000000000
81890  31.720  -5.810  31.558 0.0000000000
78163  30.110  -8.150  27.688 0.0000000000
78204  28.812  -8.801  24.836 0.0000000000
90235  30.352  0.445  17.445 0.0000000000
88897  30.237  -1.674  15.821 0.0000000000
91496  35.291  1.304  17.865 0.0000000000
91497  34.096  1.246  17.176 0.0000000000
91457  33.873  0.803  18.686 0.0000000000
93821  37.618  2.986  18.265 0.0000000000
78103  17.662  -7.930  31.325 0.0000000000
76857  16.184  -8.814  31.445 0.0000000000
78087  16.581  -8.185  32.157 0.0000000000
78064  19.410  -6.643  32.993 0.0000000000
78063  20.258  -6.710  32.761 0.0000000000
78085  18.493  -7.356  32.150 0.0000000000
78102  18.520  -7.391  31.054 0.0000000000
104785  39.792  12.287  13.326 0.0000000000
104762  40.805  12.023  15.549 0.0000000000
105956  41.848  12.685  15.707 0.0000000000
105963  40.535  12.387  14.564 0.0000000000
105973  41.348  13.018  12.695 0.0000000000
71376  7.438  -13.820  40.056 0.0000000000
71389  7.570  -13.985  39.195 0.0000000000
70120  7.109  -14.753  39.574 0.0000000000
70146  7.030  -15.824  38.347 0.0000000000
70121  6.734  -15.607  39.914 0.0000000000
68703  6.194  -16.498  40.149 0.0000000000
91203  31.167  -0.214  34.184 0.0000000000
89951  31.605  -1.272  33.171 0.0000000000
88705  31.164  -2.200  31.652 0.0000000000
87396  31.642  -3.071  31.824 0.0000000000
83087  31.748  -4.176  39.700 0.0000000000
81939  25.196  -5.356  28.044 0.0000000000
80671  26.392  -5.937  29.407 0.0000000000
80705  25.737  -6.051  26.820 0.0000000000
79409  26.517  -6.869  26.449 0.0000000000
91370  27.126  0.842  23.727 0.0000000000
90180  27.002  -0.396  21.320 0.0000000000
115258  48.954  20.896  8.930 0.0000000000
116327  50.437  22.110  8.666 0.0000000000
115290  49.917  20.653  6.339 0.0000000000
114152  50.564  20.320  5.232 0.0000000000
114170  48.791  19.228  4.171 0.0000000000
99719  37.673  7.591  16.429 0.0000000000
99739  36.506  7.607  15.485 0.0000000000
98426  36.429  6.195  16.335 0.0000000000
91513  32.698  1.514  15.953 0.0000000000
93854  32.775  2.909  14.664 0.0000000000
91524  31.649  1.154  14.392 0.0000000000
97220  38.635  5.895  17.500 0.0000000000
99717  39.324  7.871  17.283 0.0000000000
102241  39.877  9.566  17.045 0.0000000000
75531  14.858  -11.415  30.729 0.0000000000
74121  13.340  -12.195  32.598 0.0000000000
79224  25.434  -6.515  37.602 0.0000000000
79248  26.213  -6.349  36.668 0.0000000000
79271  25.183  -6.532  35.729 0.0000000000
79339  21.878  -6.039  31.954 0.0000000000
80621  23.314  -5.628  32.368 0.0000000000
80641  22.433  -5.777  31.065 0.0000000000
81905  23.824  -5.132  30.115 0.0000000000
80674  21.790  -5.600  28.881 0.0000000000
80692  20.396  -6.600  28.268 0.0000000000
86076  27.950  -4.854  24.692 0.0000000000
104841  49.233  11.076  9.398 0.0000000000
106029  50.498  12.754  8.644 0.0000000000
104870  49.676  11.607  8.009 0.0000000000
109467  47.703  15.245  7.846 0.0000000000
110667  46.701  16.173  7.887 0.0000000000
112959  46.958  18.102  8.521 0.0000000000
79254  20.314  -6.431  36.322 0.0000000000
79276  18.705  -6.285  35.187 0.0000000000
80555  19.073  -5.663  36.724 0.0000000000
79228  21.568  -6.807  37.085 0.0000000000
78015  21.024  -6.546  35.895 0.0000000000
108277  48.446  14.919  12.177 0.0000000000
108290  46.551  14.657  11.807 0.0000000000
107158  43.939  13.311  10.037 0.0000000000
79279  15.822  -7.969  34.922 0.0000000000
78032  15.982  -8.005  34.218 0.0000000000
78017  15.153  -8.592  35.383 0.0000000000
74047  13.700  -11.043  36.212 0.0000000000
74067  13.908  -11.125  35.437 0.0000000000
72698  12.860  -12.083  34.943 0.0000000000
72716  12.210  -12.535  34.486 0.0000000000
72699  12.340  -12.176  35.493 0.0000000000
74029  11.349  -11.945  38.725 0.0000000000
71414  8.626  -14.043  37.021 0.0000000000
72687  9.970  -12.654  37.354 0.0000000000
71426  9.044  -13.940  36.080 0.0000000000
71437  9.916  -14.080  34.932 0.0000000000
91328  29.525  2.095  24.947 0.0000000000
91234  29.690  0.490  31.690 0.0000000000
93618  29.617  1.963  30.895 0.0000000000
91270  28.778  1.037  29.668 0.0000000000
91287  27.947  1.019  27.995 0.0000000000
90080  28.239  -0.385  28.564 0.0000000000
88778  27.654  -1.284  27.032 0.0000000000
88777  28.552  -2.511  27.424 0.0000000000
83222  30.234  -5.687  27.474 0.0000000000
83232  29.859  -5.938  26.581 0.0000000000
80737  30.495  -7.355  25.180 0.0000000000
79452  30.434  -8.122  24.431 0.0000000000
78219  30.007  -8.595  24.843 0.0000000000
79268  28.047  -5.985  35.535 0.0000000000
80554  30.119  -5.196  36.349 0.0000000000
79289  28.932  -6.125  34.392 0.0000000000
78117  29.272  -7.280  29.985 0.0000000000
79332  30.450  -6.201  32.218 0.0000000000
79351  30.702  -6.550  31.478 0.0000000000
80635  31.973  -5.725  32.759 0.0000000000
78114  30.740  -7.757  29.976 0.0000000000
78147  30.872  -7.528  28.894 0.0000000000
78150  29.839  -8.001  28.271 0.0000000000
78186  27.643  -8.232  25.239 0.0000000000
78185  28.330  -8.419  25.482 0.0000000000
91423  31.456  1.556  20.770 0.0000000000
91459  31.164  0.963  18.274 0.0000000000
91442  30.199  0.942  19.078 0.0000000000
87612  28.558  -2.196  17.509 0.0000000000
88887  29.179  -1.381  17.171 0.0000000000
114224  52.042  19.252  0.168 0.0000000000
94985  36.721  3.778  17.516 0.0000000000
96118  35.195  4.748  16.460 0.0000000000
93825  34.599  2.731  16.682 0.0000000000
91512  33.398  1.596  16.467 0.0000000000
90267  32.250  0.818  16.362 0.0000000000
96091  39.814  5.089  18.954 0.0000000000
96106  38.094  4.189  17.907 0.0000000000
76878  15.928  -10.107  29.609 0.0000000000
75530  15.312  -10.480  31.309 0.0000000000
75516  15.090  -10.149  32.348 0.0000000000
79274  22.436  -6.551  34.928 0.0000000000
79295  23.115  -6.400  34.264 0.0000000000
79296  22.074  -6.451  33.965 0.0000000000
79340  20.688  -6.551  32.182 0.0000000000
79355  20.806  -6.543  31.008 0.0000000000
79382  20.012  -6.863  28.890 0.0000000000
79370  18.929  -7.166  30.283 0.0000000000
78138  17.620  -8.205  29.082 0.0000000000
103610  46.863  9.950  8.562 0.0000000000
80524  19.819  -5.751  37.868 0.0000000000
107099  43.338  13.585  16.556 0.0000000000
107101  43.869  14.252  15.407 0.0000000000
108271  44.551  14.810  13.931 0.0000000000
107112  44.313  14.382  12.422 0.0000000000
107113  43.278  13.886  12.676 0.0000000000
105980  41.409  13.081  11.695 0.0000000000
80544  15.379  -6.890  37.270 0.0000000000
76761  14.844  -9.179  35.887 0.0000000000
78002  14.636  -8.878  37.283 0.0000000000
75458  13.802  -10.531  37.052 0.0000000000
75459  13.383  -10.994  37.282 0.0000000000
72661  9.737  -12.249  39.020 0.0000000000
72674  9.018  -12.839  38.508 0.0000000000
71401  8.417  -13.626  37.973 0.0000000000
71415  7.983  -14.450  37.529 0.0000000000
68726  7.068  -16.602  37.734 0.0000000000
91219  30.362  -0.142  32.917 0.0000000000
90034  29.723  -0.882  30.777 0.0000000000
88763  29.316  -2.408  28.450 0.0000000000
88726  30.590  -2.402  30.580 0.0000000000
86008  30.605  -4.032  29.235 0.0000000000
81937  30.734  -6.251  28.344 0.0000000000
79337  26.954  -5.526  32.020 0.0000000000
79335  28.420  -6.456  32.506 0.0000000000
79352  27.817  -6.470  30.796 0.0000000000
79365  27.914  -6.968  29.557 0.0000000000
79379  27.934  -7.399  28.316 0.0000000000
78152  28.656  -7.713  27.608 0.0000000000
79392  27.919  -7.662  27.147 0.0000000000
79408  27.262  -7.503  26.281 0.0000000000
91386  29.124  1.703  22.061 0.0000000000
90178  28.564  0.498  20.461 0.0000000000
90179  27.765  0.062  20.949 0.0000000000
88869  27.312  -1.519  19.219 0.0000000000
115331  51.587  20.232  4.637 0.0000000000
114194  50.073  19.180  2.412 0.0000000000
103520  38.564  10.190  15.526 0.0000000000
103539  37.470  10.171  14.200 0.0000000000
101022  36.823  8.977  14.726 0.0000000000
96126  34.248  4.719  15.964 0.0000000000
95007  33.085  3.770  14.277 0.0000000000
99703  42.214  7.993  18.735 0.0000000000
102219  42.462  9.756  18.564 0.0000000000
103482  42.907  11.039  18.555 0.0000000000
103499  40.946  10.490  17.344 0.0000000000
104752  40.148  10.857  16.346 0.0000000000
80506  28.480  -5.714  39.732 0.0000000000
81792  30.021  -4.746  39.549 0.0000000000
79221  28.029  -5.748  37.558 0.0000000000
79269  27.032  -5.923  35.637 0.0000000000
79291  26.829  -5.905  34.579 0.0000000000
79294  24.240  -6.098  34.483 0.0000000000
80601  25.369  -5.508  33.537 0.0000000000
80618  26.374  -5.512  32.771 0.0000000000
81903  25.008  -5.091  30.799 0.0000000000
81927  24.377  -5.297  28.632 0.0000000000
81941  23.270  -5.322  27.196 0.0000000000
110661  50.070  16.035  9.125 0.0000000000
107166  49.151  13.072  8.053 0.0000000000
110662  48.759  16.370  8.970 0.0000000000
112945  49.445  18.445  10.480 0.0000000000
112946  48.729  18.531  10.142 0.0000000000
114130  48.021  19.855  8.758 0.0000000000
114139  47.593  19.635  7.273 0.0000000000
112967  47.990  19.234  5.224 0.0000000000
78046  18.537  -6.684  33.840 0.0000000000
79324  17.515  -7.347  33.512 0.0000000000
79299  18.439  -6.587  34.368 0.0000000000
79256  17.958  -5.826  35.520 0.0000000000
80558  16.611  -6.401  36.095 0.0000000000
80525  18.833  -5.311  37.780 0.0000000000
80543  16.186  -6.113  36.967 0.0000000000
80528  15.235  -6.475  37.971 0.0000000000
83053  30.311  -3.594  41.547 0.0000000000
79160  27.468  -6.088  40.503 0.0000000000
79200  25.575  -6.598  38.546 0.0000000000
79225  24.571  -6.612  37.483 0.0000000000
79202  23.929  -6.570  38.252 0.0000000000
79251  23.503  -6.773  36.267 0.0000000000
78014  21.756  -6.584  35.433 0.0000000000
78030  20.814  -6.579  34.867 0.0000000000
108287  49.631  14.201  11.468 0.0000000000
107139  48.942  12.978  10.393 0.0000000000
106017  47.027  12.103  9.402 0.0000000000
107124  45.533  14.273  11.235 0.0000000000
107156  45.295  13.011  9.580 0.0000000000
104844  46.006  11.716  8.986 0.0000000000
78067  16.149  -8.224  32.876 0.0000000000
76822  15.476  -9.001  32.901 0.0000000000
75502  14.496  -10.813  32.796 0.0000000000
76789  14.611  -9.954  35.134 0.0000000000
74103  14.022  -11.260  34.230 0.0000000000
74120  13.953  -11.403  33.236 0.0000000000
72733  12.710  -12.496  33.165 0.0000000000
72754  11.800  -13.648  33.167 0.0000000000
74027  12.439  -11.408  37.798 0.0000000000
74049  12.475  -11.687  36.989 0.0000000000
72686  10.804  -12.434  37.035 0.0000000000
72700  11.528  -12.414  35.759 0.0000000000
72718  10.740  -13.135  35.102 0.0000000000
67265  5.220  -17.454  41.987 0.0000000000
90234  33.400  1.069  19.515 0.0000000000
91385  30.553  1.887  22.370 0.0000000000
91368  29.627  1.888  23.261 0.0000000000
91349  27.743  1.303  24.343 0.0000000000
91350  26.994  0.514  24.632 0.0000000000
92489  28.304  1.742  27.234 0.0000000000
91314  27.257  0.287  26.449 0.0000000000
90118  26.773  -0.529  25.157 0.0000000000
88791  27.062  -1.308  26.002 0.0000000000
87515  27.632  -3.699  25.106 0.0000000000
86075  28.422  -5.130  25.187 0.0000000000
87462  29.174  -3.525  27.611 0.0000000000
84636  29.027  -5.304  26.085 0.0000000000
81980  29.553  -6.855  24.263 0.0000000000
80748  30.416  -7.714  23.442 0.0000000000
79465  30.605  -8.379  23.064 0.0000000000
87330  32.901  -2.078  35.172 0.0000000000
81807  30.994  -4.618  38.459 0.0000000000
81819  31.865  -4.914  37.514 0.0000000000
81829  32.511  -5.033  36.631 0.0000000000
79314  30.259  -6.127  33.337 0.0000000000
80577  31.561  -6.014  34.524 0.0000000000
81827  32.835  -4.547  35.620 0.0000000000
83150  32.819  -4.485  34.622 0.0000000000
84528  32.742  -4.152  33.873 0.0000000000
87375  32.380  -3.389  33.184 0.0000000000
83188  31.700  -4.856  31.379 0.0000000000
80687  30.820  -6.671  28.977 0.0000000000
79421  30.446  -7.999  26.623 0.0000000000
78165  29.103  -8.290  26.980 0.0000000000
78183  29.558  -8.570  26.391 0.0000000000
78220  29.475  -8.989  24.221 0.0000000000
91458  32.769  0.992  18.904 0.0000000000
91478  31.935  0.715  17.652 0.0000000000
90250  31.387  0.471  16.746 0.0000000000
90219  29.436  0.361  18.409 0.0000000000
90252  29.753  -0.407  16.874 0.0000000000
90287  30.741  -0.539  15.582 0.0000000000
112983  48.408  18.948  3.558 0.0000000000
90248  34.926  0.639  18.823 0.0000000000
91476  34.523  0.905  18.334 0.0000000000
91456  34.325  0.699  18.673 0.0000000000
90266  35.688  1.136  18.195 0.0000000000
78104  16.912  -8.312  31.375 0.0000000000
104786  38.991  11.776  13.598 0.0000000000
104787  38.278  11.185  13.699 0.0000000000
104773  40.591  12.291  14.878 0.0000000000
104774  39.960  12.029  14.561 0.0000000000
105969  40.497  12.551  14.008 0.0000000000
70133  6.856  -15.695  39.073 0.0000000000
89924  32.284  -1.443  34.791 0.0000000000
89925  31.909  -1.142  34.289 0.0000000000
89950  31.886  -1.630  33.592 0.0000000000
88648  31.784  -1.926  33.230 0.0000000000
87356  32.167  -2.646  33.280 0.0000000000
85867  31.734  -2.815  41.219 0.0000000000
83076  31.850  -3.646  40.351 0.0000000000
80706  24.762  -5.641  26.595 0.0000000000
90157  26.323  -1.146  22.472 0.0000000000
115279  48.828  20.607  7.413 0.0000000000
116328  49.665  21.367  8.371 0.0000000000
116340  49.724  21.156  7.774 0.0000000000
114145  49.360  20.366  6.280 0.0000000000
114153  49.707  20.153  5.514 0.0000000000
98424  38.156  6.768  16.978 0.0000000000
98425  37.071  6.680  16.367 0.0000000000
91514  32.009  1.076  15.247 0.0000000000
92659  32.019  1.547  14.734 0.0000000000
91515  31.544  0.603  14.772 0.0000000000
91525  31.639  0.430  14.231 0.0000000000
97221  37.725  5.873  17.194 0.0000000000
98423  39.264  6.826  17.461 0.0000000000
99718  38.482  7.735  16.941 0.0000000000
75517  14.717  -11.112  31.796 0.0000000000
74149  14.270  -11.962  31.224 0.0000000000
74136  13.644  -12.448  31.620 0.0000000000
79249  25.304  -6.521  36.644 0.0000000000
79272  24.297  -6.523  35.549 0.0000000000
79354  21.537  -6.028  30.676 0.0000000000
79367  21.566  -6.272  30.041 0.0000000000
80657  22.065  -5.814  30.031 0.0000000000
80658  21.463  -6.136  29.552 0.0000000000
80675  20.941  -6.290  28.923 0.0000000000
79381  20.570  -6.553  29.134 0.0000000000
84657  28.356  -5.782  24.084 0.0000000000
104842  48.190  10.930  9.181 0.0000000000
102335  49.713  9.988  8.465 0.0000000000
102337  48.911  9.742  8.577 0.0000000000
110668  45.995  16.116  7.353 0.0000000000
79229  20.751  -6.511  37.135 0.0000000000
79230  19.859  -6.072  37.023 0.0000000000
79253  21.082  -6.505  36.594 0.0000000000
109420  45.526  15.413  14.084 0.0000000000
109431  46.506  15.679  13.257 0.0000000000
108278  47.403  15.121  12.308 0.0000000000
108279  46.357  15.240  12.576 0.0000000000
74068  13.209  -11.630  35.720 0.0000000000
74007  11.093  -11.574  39.235 0.0000000000
71438  9.326  -14.322  35.404 0.0000000000
90007  29.495  0.019  30.536 0.0000000000
91251  29.250  0.784  30.610 0.0000000000
90061  28.648  -0.081  29.214 0.0000000000
88748  28.525  -0.775  28.861 0.0000000000
88764  28.325  -1.212  28.180 0.0000000000
88747  29.021  -1.322  29.376 0.0000000000
81965  30.519  -6.826  26.819 0.0000000000
81966  30.267  -6.742  26.229 0.0000000000
79437  30.552  -7.744  25.634 0.0000000000
79451  30.572  -7.695  24.901 0.0000000000
79290  27.958  -6.119  34.471 0.0000000000
78097  30.063  -7.166  30.828 0.0000000000
78116  29.834  -7.525  29.980 0.0000000000
78096  30.621  -7.196  30.766 0.0000000000
78115  30.268  -7.728  30.044 0.0000000000
78134  30.020  -7.965  29.191 0.0000000000
91424  30.423  1.254  20.270 0.0000000000
94986  35.797  3.732  17.048 0.0000000000
93824  35.335  2.792  17.231 0.0000000000
92644  34.053  2.051  16.582 0.0000000000
91498  32.908  1.016  16.618 0.0000000000
90249  32.218  0.667  16.837 0.0000000000
96081  40.434  4.954  19.440 0.0000000000
93822  36.979  2.969  17.857 0.0000000000
94984  37.537  3.698  17.916 0.0000000000
96116  37.541  4.757  17.518 0.0000000000
76858  15.833  -9.740  30.786 0.0000000000
78043  21.456  -6.394  34.029 0.0000000000
78083  20.139  -6.806  32.235 0.0000000000
79369  19.855  -6.730  30.080 0.0000000000
78120  17.408  -8.166  30.279 0.0000000000
78119  18.038  -7.522  30.007 0.0000000000
76893  17.084  -8.823  29.561 0.0000000000
104749  42.345  12.294  17.115 0.0000000000
105949  42.766  13.104  16.605 0.0000000000
105955  42.590  13.387  15.288 0.0000000000
107105  43.276  13.855  14.791 0.0000000000
107104  43.905  14.348  14.329 0.0000000000
107109  43.310  13.933  13.730 0.0000000000
107108  43.989  14.392  13.364 0.0000000000
105966  42.684  13.669  13.166 0.0000000000
105974  40.518  12.735  12.998 0.0000000000
105981  40.600  12.754  11.978 0.0000000000
79232  14.897  -7.777  37.482 0.0000000000
76750  14.216  -9.666  37.659 0.0000000000
75449  13.396  -10.789  37.800 0.0000000000
72662  8.910  -12.662  39.376 0.0000000000
70145  7.437  -15.361  37.706 0.0000000000
68727  6.846  -16.627  38.556 0.0000000000
67283  5.878  -17.571  40.480 0.0000000000
67276  5.703  -17.102  41.155 0.0000000000
91218  31.157  -0.672  33.342 0.0000000000
91233  30.014  -0.289  32.115 0.0000000000
90005  30.186  -0.986  31.184 0.0000000000
88727  29.940  -1.359  30.292 0.0000000000
88706  30.585  -1.655  31.025 0.0000000000
85974  31.263  -3.443  30.657 0.0000000000
87407  30.939  -3.118  30.348 0.0000000000
85991  31.173  -3.891  30.203 0.0000000000
84587  30.890  -4.790  29.025 0.0000000000
83204  31.097  -5.105  29.330 0.0000000000
80654  26.473  -5.539  30.671 0.0000000000
79353  27.100  -5.849  31.267 0.0000000000
79380  27.262  -6.666  28.831 0.0000000000
90154  28.354  0.887  21.404 0.0000000000
90155  27.544  0.287  21.869 0.0000000000
88837  26.463  -1.766  20.905 0.0000000000
88836  26.736  -1.101  20.752 0.0000000000
87578  26.786  -1.978  19.584 0.0000000000
114183  49.334  19.189  3.350 0.0000000000
114182  50.460  19.532  3.415 0.0000000000
114195  49.551  19.116  2.787 0.0000000000
112998  49.704  19.003  1.822 0.0000000000
112999  48.963  18.589  1.599 0.0000000000
102252  38.703  9.944  15.901 0.0000000000
102270  37.765  9.893  15.175 0.0000000000
101011  37.663  8.964  15.572 0.0000000000
98437  35.102  6.184  15.559 0.0000000000
98452  35.562  7.130  15.055 0.0000000000
98453  34.945  6.567  14.865 0.0000000000
97242  33.960  5.676  14.569 0.0000000000
94988  34.253  3.396  16.465 0.0000000000
96119  34.663  4.273  16.372 0.0000000000
94998  33.835  3.719  15.872 0.0000000000
93855  32.474  2.461  14.189 0.0000000000
93868  32.842  2.939  13.737 0.0000000000
98407  41.233  6.503  18.974 0.0000000000
98405  42.050  7.459  18.962 0.0000000000
98413  41.634  7.486  18.702 0.0000000000
99715  40.728  8.206  17.793 0.0000000000
100976  41.805  8.844  18.263 0.0000000000
102228  41.967  9.817  18.189 0.0000000000
103472  42.817  10.358  18.694 0.0000000000
103484  41.616  10.611  17.793 0.0000000000
100993  38.808  8.580  16.711 0.0000000000
102242  39.011  9.534  16.446 0.0000000000
103519  39.179  10.415  15.910 0.0000000000
79176  28.239  -5.894  39.582 0.0000000000
79197  28.096  -5.873  38.588 0.0000000000
79222  27.172  -6.139  37.631 0.0000000000
79270  26.060  -6.239  35.730 0.0000000000
79247  27.129  -6.078  36.639 0.0000000000
80578  26.225  -5.910  34.558 0.0000000000
79319  23.629  -5.909  33.766 0.0000000000
80620  24.274  -5.386  32.495 0.0000000000
80602  24.446  -5.503  33.510 0.0000000000
80600  25.998  -5.744  33.749 0.0000000000
80619  25.338  -5.303  32.518 0.0000000000
80638  25.564  -5.169  31.356 0.0000000000
81891  24.835  -5.180  31.458 0.0000000000
81915  23.492  -5.234  29.351 0.0000000000
81914  24.411  -5.100  29.594 0.0000000000
81928  23.449  -5.169  28.250 0.0000000000
79383  19.043  -7.197  29.162 0.0000000000
79395  19.065  -7.501  27.982 0.0000000000
107137  50.814  12.803  10.287 0.0000000000
107161  50.124  13.527  8.544 0.0000000000
108313  50.443  14.380  8.727 0.0000000000
110650  50.570  16.635  9.556 0.0000000000
109462  49.716  15.305  8.694 0.0000000000
103623  48.913  10.339  7.303 0.0000000000
104871  48.873  11.389  7.659 0.0000000000
109464  47.814  15.688  8.158 0.0000000000
109463  48.540  15.318  8.356 0.0000000000
110651  49.409  16.824  9.464 0.0000000000
111809  48.546  17.558  9.570 0.0000000000
111810  47.850  17.945  9.338 0.0000000000
112958  47.399  18.499  8.955 0.0000000000
112961  47.066  18.919  7.991 0.0000000000
112964  47.069  19.070  6.913 0.0000000000
78045  19.470  -6.576  34.161 0.0000000000
79257  16.999  -6.430  35.469 0.0000000000
80557  17.153  -5.753  36.097 0.0000000000
81809  17.203  -5.108  37.668 0.0000000000
81820  16.716  -5.291  37.097 0.0000000000
81810  16.016  -5.504  37.840 0.0000000000
80527  15.779  -6.003  37.573 0.0000000000
81765  28.761  -5.342  41.160 0.0000000000
79226  23.678  -6.720  37.290 0.0000000000
79252  22.608  -6.733  35.884 0.0000000000
77999  21.870  -6.668  36.314 0.0000000000
78031  20.154  -6.559  35.228 0.0000000000
102272  36.755  9.223  14.304 0.0000000000
107122  47.784  13.957  10.925 0.0000000000
107121  48.793  13.710  10.943 0.0000000000
107140  47.932  13.278  10.390 0.0000000000
105997  48.022  12.498  9.896 0.0000000000
105998  47.071  12.920  9.866 0.0000000000
107111  45.052  14.506  11.960 0.0000000000
107125  44.407  14.144  11.403 0.0000000000
106020  43.746  12.737  9.313 0.0000000000
107157  44.675  13.175  9.761 0.0000000000
106018  45.984  12.688  9.434 0.0000000000
104845  45.387  12.106  9.014 0.0000000000
79300  17.379  -7.142  34.122 0.0000000000
78047  16.742  -7.582  33.449 0.0000000000
78048  16.140  -8.088  33.579 0.0000000000
76804  15.070  -9.274  33.919 0.0000000000
78049  15.592  -8.566  33.715 0.0000000000
75501  14.863  -9.979  33.343 0.0000000000
76762  14.363  -9.526  36.537 0.0000000000
76774  14.490  -9.752  35.522 0.0000000000
74085  14.028  -11.174  34.854 0.0000000000
74104  13.353  -11.828  33.693 0.0000000000
72734  12.183  -12.886  33.580 0.0000000000
74050  12.040  -11.883  37.493 0.0000000000
72673  9.890  -12.445  38.218 0.0000000000
72702  9.918  -13.029  36.353 0.0000000000
72701  10.829  -12.730  36.122 0.0000000000
72685  11.634  -12.155  36.761 0.0000000000
68680  5.526  -16.863  41.909 0.0000000000
67266  4.982  -17.765  42.102 0.0000000000
91403  32.271  1.822  22.067 0.0000000000
91367  30.868  2.147  23.311 0.0000000000
91347  30.135  2.079  24.172 0.0000000000
92517  28.846  2.012  25.550 0.0000000000
91329  28.927  2.005  24.968 0.0000000000
92531  28.105  1.619  24.882 0.0000000000
91330  27.530  1.126  25.177 0.0000000000
93638  29.522  1.951  30.408 0.0000000000
92466  28.546  1.797  28.087 0.0000000000
90082  27.526  -0.012  27.204 0.0000000000
91303  27.588  0.786  27.044 0.0000000000
91304  27.404  0.173  26.893 0.0000000000
90104  27.023  -0.390  26.133 0.0000000000
88789  28.386  -2.999  26.843 0.0000000000
88790  27.733  -2.696  26.110 0.0000000000
87490  28.076  -3.767  25.804 0.0000000000
86052  27.972  -4.246  25.381 0.0000000000
86051  28.464  -4.612  25.741 0.0000000000
88762  29.997  -2.769  28.784 0.0000000000
83243  29.868  -6.449  26.016 0.0000000000
84621  29.354  -5.203  26.725 0.0000000000
83244  29.440  -6.154  25.522 0.0000000000
83256  29.521  -6.586  24.761 0.0000000000
81987  29.938  -7.287  23.862 0.0000000000
80738  30.396  -7.520  24.430 0.0000000000
80522  29.281  -4.901  37.899 0.0000000000
81791  30.521  -4.645  39.023 0.0000000000
80521  29.822  -4.584  38.085 0.0000000000
80553  30.703  -5.447  36.068 0.0000000000
80537  30.678  -5.022  37.113 0.0000000000
80552  31.427  -5.311  36.184 0.0000000000
81818  32.239  -4.970  37.100 0.0000000000
78081  28.782  -6.695  31.817 0.0000000000
79334  28.979  -6.595  32.329 0.0000000000
78061  29.559  -6.416  32.497 0.0000000000
79312  31.486  -6.177  33.373 0.0000000000
79313  30.838  -6.097  33.281 0.0000000000
80576  31.846  -5.925  34.422 0.0000000000
80564  32.340  -5.241  35.705 0.0000000000
80575  32.315  -5.540  34.927 0.0000000000
81836  32.754  -4.685  34.988 0.0000000000
81852  32.515  -5.139  34.504 0.0000000000
81889  32.000  -5.537  32.246 0.0000000000
83167  32.580  -4.833  33.832 0.0000000000
83177  32.270  -4.968  32.777 0.0000000000
85944  32.568  -3.698  33.477 0.0000000000
84548  32.057  -4.432  32.438 0.0000000000
85955  32.248  -3.808  32.870 0.0000000000
83187  31.916  -5.084  31.812 0.0000000000
78162  30.350  -7.889  27.958 0.0000000000
79390  30.660  -7.403  28.317 0.0000000000
78181  30.378  -8.134  27.338 0.0000000000
79405  30.727  -7.514  27.319 0.0000000000
78182  30.087  -8.368  26.787 0.0000000000
78166  28.411  -8.133  26.524 0.0000000000
78184  28.944  -8.571  25.936 0.0000000000
78203  29.458  -8.611  25.327 0.0000000000
90217  33.019  1.231  19.855 0.0000000000
91440  32.573  1.127  19.474 0.0000000000
91479  31.059  0.594  17.356 0.0000000000
90199  28.674  0.175  19.564 0.0000000000
91443  29.215  0.572  19.100 0.0000000000
90220  28.677  0.037  18.707 0.0000000000
88886  29.803  -1.686  16.454 0.0000000000
90270  30.275  -0.681  16.045 0.0000000000
114214  52.738  19.378  0.724 0.0000000000
113025  52.831  19.006  -0.324 0.0000000000
113010  53.591  19.171  0.263 0.0000000000
112975  48.057  19.149  4.727 0.0000000000
112984  47.075  18.213  3.455 0.0000000000
91510  35.722  1.716  17.654 0.0000000000
92643  34.827  1.862  17.005 0.0000000000
91511  35.439  1.692  17.446 0.0000000000
91495  36.160  1.669  17.934 0.0000000000
78121  17.067  -8.242  30.810 0.0000000000
76877  16.568  -8.857  30.300 0.0000000000
76840  15.978  -8.711  32.322 0.0000000000
78044  20.677  -6.376  33.796 0.0000000000
78084  19.501  -7.013  31.985 0.0000000000
79357  19.115  -7.159  30.990 0.0000000000
104797  39.018  12.051  12.529 0.0000000000
104761  41.381  12.300  15.833 0.0000000000
105950  42.141  12.530  16.507 0.0000000000
105957  41.279  12.431  15.489 0.0000000000
105962  41.069  12.601  14.822 0.0000000000
105961  41.900  13.080  14.517 0.0000000000
105967  42.058  13.189  13.423 0.0000000000
105968  41.236  12.875  13.737 0.0000000000
77990  14.397  -8.764  38.152 0.0000000000
70132  7.275  -14.955  38.713 0.0000000000
91202  31.678  -0.487  34.772 0.0000000000
89926  31.495  -0.834  33.738 0.0000000000
89975  31.024  -1.491  32.345 0.0000000000
88678  31.547  -1.991  32.613 0.0000000000
88704  31.738  -2.540  32.339 0.0000000000
85973  31.529  -3.808  31.142 0.0000000000
80689  25.907  -5.573  28.432 0.0000000000
80688  26.580  -6.357  28.030 0.0000000000
80704  26.661  -6.834  27.059 0.0000000000
79424  26.384  -7.001  25.632 0.0000000000
90133  27.231  0.577  22.811 0.0000000000
90156  26.673  -0.266  22.256 0.0000000000
88820  26.445  -1.036  21.562 0.0000000000
116303  49.564  21.332  10.477 0.0000000000
116302  50.046  21.953  10.950 0.0000000000
116318  49.483  21.472  9.417 0.0000000000
115310  50.420  20.592  5.666 0.0000000000
114169  49.614  19.557  4.387 0.0000000000
114184  48.845  19.135  3.684 0.0000000000
100994  37.992  8.498  16.063 0.0000000000
100995  37.457  8.057  15.924 0.0000000000
99738  37.080  7.593  15.876 0.0000000000
98436  35.877  6.711  15.775 0.0000000000
97230  35.138  5.792  16.018 0.0000000000
92657  33.210  2.225  16.076 0.0000000000
93842  33.314  2.872  15.471 0.0000000000
92658  32.463  2.102  15.163 0.0000000000
92673  32.047  1.887  14.188 0.0000000000
98416  39.711  6.411  18.029 0.0000000000
98415  40.126  6.950  18.104 0.0000000000
99716  40.075  7.934  17.662 0.0000000000
100991  40.307  8.837  17.535 0.0000000000
102240  40.593  9.665  17.484 0.0000000000
100992  39.539  8.747  17.192 0.0000000000
72770  13.156  -12.914  31.875 0.0000000000
72752  12.770  -12.887  32.378 0.0000000000
79223  26.309  -6.406  37.646 0.0000000000
79338  22.681  -5.932  32.358 0.0000000000
80640  23.317  -5.409  31.404 0.0000000000
81893  23.738  -5.099  30.750 0.0000000000
80656  23.057  -5.394  30.346 0.0000000000
80673  22.602  -5.419  29.518 0.0000000000
81916  22.733  -5.328  28.822 0.0000000000
80690  21.665  -5.501  28.075 0.0000000000
80691  20.997  -5.936  27.829 0.0000000000
86077  27.327  -4.193  24.277 0.0000000000
104829  49.670  11.648  9.751 0.0000000000
104827  50.488  11.571  9.373 0.0000000000
103593  50.094  10.958  8.610 0.0000000000
104857  50.132  11.893  8.411 0.0000000000
106030  49.908  12.689  8.295 0.0000000000
106043  48.013  12.234  7.661 0.0000000000
108318  47.516  14.267  7.621 0.0000000000
110663  47.530  16.339  8.420 0.0000000000
111819  47.700  17.350  9.028 0.0000000000
110664  46.738  16.796  8.141 0.0000000000
111822  46.158  17.343  7.618 0.0000000000
79275  19.684  -6.509  35.618 0.0000000000
79255  19.161  -6.018  36.080 0.0000000000
78000  21.438  -6.580  36.485 0.0000000000
78016  20.343  -6.587  35.790 0.0000000000
109429  48.236  15.572  12.743 0.0000000000
108289  47.594  14.530  11.609 0.0000000000
107144  43.540  13.688  10.697 0.0000000000
79278  16.513  -7.116  34.666 0.0000000000
78033  15.347  -8.650  34.488 0.0000000000
72715  12.809  -12.232  34.124 0.0000000000
72717  11.570  -12.808  34.849 0.0000000000
74006  11.768  -11.404  38.953 0.0000000000
72703  9.283  -13.269  36.877 0.0000000000
71425  9.631  -13.664  35.632 0.0000000000
92516  29.770  2.399  25.674 0.0000000000
92502  28.998  2.229  26.445 0.0000000000
92409  29.851  1.581  32.159 0.0000000000
92410  29.482  1.561  31.392 0.0000000000
92425  29.342  1.534  30.763 0.0000000000
92445  29.183  1.702  30.051 0.0000000000
91286  28.382  1.154  28.812 0.0000000000
90062  28.081  0.326  28.563 0.0000000000
90092  27.585  -0.519  27.333 0.0000000000
88765  27.775  -0.790  27.641 0.0000000000
86021  30.069  -4.237  28.536 0.0000000000
86033  29.815  -4.313  27.744 0.0000000000
84620  29.827  -5.085  27.285 0.0000000000
81978  30.331  -6.995  25.532 0.0000000000
79245  28.967  -5.677  36.460 0.0000000000
79219  29.297  -4.419  36.846 0.0000000000
79267  28.985  -5.972  35.460 0.0000000000
79266  29.835  -5.905  35.432 0.0000000000
79288  29.758  -6.059  34.379 0.0000000000
78099  29.035  -6.939  31.001 0.0000000000
78098  29.605  -7.101  30.898 0.0000000000
78078  30.355  -6.711  31.382 0.0000000000
79331  30.973  -6.232  32.197 0.0000000000
80615  32.066  -5.664  33.427 0.0000000000
79330  31.324  -6.164  32.067 0.0000000000
79350  31.022  -6.653  31.089 0.0000000000
79349  31.263  -6.343  31.055 0.0000000000
80652  31.439  -6.173  30.797 0.0000000000
78113  31.100  -7.520  29.808 0.0000000000
78149  30.214  -7.954  28.486 0.0000000000
78164  29.682  -8.288  27.353 0.0000000000
78221  28.667  -9.529  23.802 0.0000000000
90198  32.290  1.584  20.607 0.0000000000
91441  31.848  1.253  19.693 0.0000000000
88878  28.294  -1.291  17.883 0.0000000000
88877  28.818  -0.976  17.521 0.0000000000
88888  28.684  -1.441  17.472 0.0000000000
114205  51.006  19.336  1.586 0.0000000000
114204  52.025  19.523  1.623 0.0000000000
96117  36.349  4.714  16.964 0.0000000000
94987  34.893  3.649  16.661 0.0000000000
91499  32.302  0.983  16.023 0.0000000000
90268  31.645  0.627  15.916 0.0000000000
97203  40.929  5.995  18.980 0.0000000000
97204  40.364  5.599  18.867 0.0000000000
94970  38.282  3.674  18.394 0.0000000000
96105  38.849  4.840  18.093 0.0000000000
96104  39.476  5.491  18.466 0.0000000000
96115  38.192  5.342  17.598 0.0000000000
79273  23.381  -6.606  35.243 0.0000000000
79321  21.628  -6.290  33.035 0.0000000000
79297  21.378  -6.325  33.631 0.0000000000
78137  18.317  -7.497  29.369 0.0000000000
103609  47.662  9.718  8.665 0.0000000000
102348  48.859  9.492  8.016 0.0000000000
102349  48.099  9.344  8.288 0.0000000000
80523  20.492  -6.150  38.259 0.0000000000
107095  44.195  13.560  17.429 0.0000000000
107098  43.997  13.936  16.687 0.0000000000
107102  43.276  13.734  15.908 0.0000000000
108266  44.434  14.812  14.846 0.0000000000
108265  45.075  15.189  14.365 0.0000000000
108270  45.320  15.139  13.614 0.0000000000
108280  45.333  14.887  12.712 0.0000000000
108281  44.708  14.716  13.202 0.0000000000
107127  42.825  13.618  11.961 0.0000000000
105972  42.230  13.467  12.417 0.0000000000
105979  42.161  13.462  11.367 0.0000000000
79231  15.423  -7.258  36.764 0.0000000000
78001  15.055  -8.386  36.458 0.0000000000
74048  13.197  -11.285  36.732 0.0000000000
70160  8.000  -15.185  36.714 0.0000000000
68742  7.666  -16.541  36.827 0.0000000000
91204  30.515  0.957  33.743 0.0000000000
91220  30.068  0.938  32.788 0.0000000000
90006  29.723  -0.326  31.011 0.0000000000
90035  29.278  -0.684  30.486 0.0000000000
88746  30.014  -2.457  29.551 0.0000000000
88745  30.567  -2.792  30.030 0.0000000000
86009  30.105  -3.726  28.869 0.0000000000
86020  30.485  -4.520  28.874 0.0000000000
81938  30.571  -6.106  27.688 0.0000000000
80715  30.651  -7.127  27.045 0.0000000000
79336  27.591  -5.974  32.289 0.0000000000
78082  28.315  -6.502  31.984 0.0000000000
78100  28.394  -6.601  31.342 0.0000000000
79366  27.222  -6.199  30.073 0.0000000000
78118  28.532  -7.056  30.281 0.0000000000
78136  28.731  -7.546  28.981 0.0000000000
78151  29.295  -7.941  28.018 0.0000000000
79407  27.889  -7.877  26.495 0.0000000000
91406  29.313  1.263  20.875 0.0000000000
90200  27.866  -0.380  19.988 0.0000000000
90201  27.232  -0.596  20.561 0.0000000000
88853  27.651  -1.070  19.396 0.0000000000
87588  27.578  -2.029  18.715 0.0000000000
114181  51.614  19.758  3.392 0.0000000000
114168  50.842  20.041  4.473 0.0000000000
114193  51.266  19.494  2.488 0.0000000000
113012  49.914  19.000  0.735 0.0000000000
103537  38.775  10.621  15.288 0.0000000000
104776  38.228  10.895  14.312 0.0000000000
103538  38.058  10.360  14.879 0.0000000000
102271  37.318  9.591  14.890 0.0000000000
101012  37.083  8.523  15.329 0.0000000000
101013  36.381  8.111  15.110 0.0000000000
97223  35.969  5.642  16.364 0.0000000000
96125  34.675  5.326  16.067 0.0000000000
94999  33.273  3.711  15.091 0.0000000000
96127  33.555  4.465  15.372 0.0000000000
97233  33.414  4.813  15.036 0.0000000000
96133  33.338  4.538  14.108 0.0000000000
99704  41.859  8.047  18.497 0.0000000000
100964  42.482  8.756  18.741 0.0000000000
104735  42.861  11.832  17.911 0.0000000000
104736  41.909  11.558  17.613 0.0000000000
104737  41.261  11.263  17.280 0.0000000000
104751  40.718  11.166  16.507 0.0000000000
104763  39.807  11.207  15.701 0.0000000000
83078  30.212  -4.533  40.641 0.0000000000
81762  30.549  -4.548  40.092 0.0000000000
80486  29.341  -5.074  39.977 0.0000000000
79196  28.681  -5.490  38.663 0.0000000000
79246  28.051  -5.884  36.550 0.0000000000
79318  27.109  -5.909  33.538 0.0000000000
79293  25.106  -6.335  34.896 0.0000000000
80603  23.680  -5.698  33.102 0.0000000000
80581  24.815  -5.788  33.968 0.0000000000
80579  25.802  -5.979  34.444 0.0000000000
80599  26.451  -5.854  34.046 0.0000000000
80617  26.731  -5.762  33.297 0.0000000000
80637  26.371  -5.332  31.766 0.0000000000
80655  25.735  -5.350  30.268 0.0000000000
81904  24.395  -4.970  30.429 0.0000000000
81913  25.113  -5.055  29.924 0.0000000000
81926  25.158  -5.231  29.010 0.0000000000
81940  24.450  -5.321  27.406 0.0000000000
81953  24.019  -5.548  26.435 0.0000000000
79394  19.757  -7.160  27.701 0.0000000000
88807  26.299  -1.928  23.397 0.0000000000
111798  50.770  17.911  10.574 0.0000000000
103608  49.608  10.334  7.981 0.0000000000
106042  49.218  12.424  7.968 0.0000000000
107162  49.289  13.534  8.259 0.0000000000
108317  48.285  14.341  8.003 0.0000000000
108315  48.800  14.386  8.258 0.0000000000
111808  49.798  17.596  10.145 0.0000000000
111799  50.033  18.309  10.600 0.0000000000
112934  49.663  18.855  10.880 0.0000000000
114105  49.295  19.659  10.864 0.0000000000
114106  48.695  19.518  10.267 0.0000000000
112947  48.001  18.498  9.530 0.0000000000
114118  48.155  19.426  9.655 0.0000000000
115244  48.911  20.516  10.090 0.0000000000
115259  48.455  20.213  9.293 0.0000000000
114138  48.118  20.101  7.761 0.0000000000
114147  47.844  19.450  6.234 0.0000000000
114155  47.927  19.317  5.734 0.0000000000
78065  18.265  -7.135  33.203 0.0000000000
79323  18.046  -6.968  33.806 0.0000000000
79277  17.647  -6.444  34.820 0.0000000000
80540  19.286  -5.580  37.272 0.0000000000
80541  18.533  -5.333  37.033 0.0000000000
81808  18.132  -5.143  37.884 0.0000000000
80526  18.041  -5.237  37.443 0.0000000000
80542  17.414  -5.383  36.897 0.0000000000
81797  15.224  -6.035  38.934 0.0000000000
84443  31.359  -3.167  41.204 0.0000000000
83066  30.142  -4.428  41.120 0.0000000000
81764  29.267  -5.099  40.795 0.0000000000
80488  28.289  -5.784  40.258 0.0000000000
79177  27.367  -6.287  39.577 0.0000000000
79178  26.538  -6.645  39.524 0.0000000000
79199  26.408  -6.518  38.604 0.0000000000
103550  37.782  10.696  13.918 0.0000000000
107119  50.703  13.457  10.802 0.0000000000
107138  49.933  12.747  10.471 0.0000000000
108288  48.631  14.335  11.541 0.0000000000
105996  49.090  11.977  9.914 0.0000000000
106016  48.017  11.668  9.444 0.0000000000
108291  45.757  14.705  12.068 0.0000000000
107143  44.624  13.727  10.532 0.0000000000
107142  45.771  13.508  10.190 0.0000000000
105999  46.453  13.219  9.902 0.0000000000
104843  47.016  11.014  8.910 0.0000000000
104858  46.402  10.429  8.621 0.0000000000
78066  17.054  -7.594  32.853 0.0000000000
76821  15.864  -8.641  32.699 0.0000000000
76773  14.842  -9.313  35.424 0.0000000000
75474  14.738  -10.059  34.709 0.0000000000
75475  14.423  -10.429  34.901 0.0000000000
75487  14.511  -10.714  33.819 0.0000000000
72753  12.267  -13.455  32.653 0.0000000000
74004  12.868  -10.934  38.043 0.0000000000
74026  12.963  -11.179  37.451 0.0000000000
72660  10.567  -11.942  38.738 0.0000000000
72672  10.903  -12.212  38.011 0.0000000000
72671  11.497  -12.115  37.536 0.0000000000
72684  12.165  -12.051  36.280 0.0000000000
72736  11.002  -13.467  34.332 0.0000000000
71436  10.495  -13.908  34.388 0.0000000000
67277  5.390  -17.536  41.522 0.0000000000
65850  5.124  -18.703  41.733 0.0000000000
90233  33.861  0.913  19.336 0.0000000000
91404  31.591  1.784  21.659 0.0000000000
91369  28.261  1.308  23.279 0.0000000000
91348  28.824  1.878  24.350 0.0000000000
92488  29.189  2.340  27.444 0.0000000000
92503  28.115  1.694  26.310 0.0000000000
91313  27.506  1.048  26.037 0.0000000000
91331  27.085  0.381  25.622 0.0000000000
88800  26.780  -2.026  24.713 0.0000000000
88799  27.276  -2.934  25.094 0.0000000000
84656  28.510  -5.614  24.838 0.0000000000
88776  29.075  -2.881  27.942 0.0000000000
87463  28.644  -3.179  27.164 0.0000000000
86034  29.375  -4.435  27.175 0.0000000000
87488  29.013  -4.032  27.026 0.0000000000
86050  28.931  -4.552  26.607 0.0000000000
84637  28.786  -5.461  25.426 0.0000000000
83245  28.914  -5.905  25.058 0.0000000000
83257  28.982  -6.306  24.367 0.0000000000
88621  32.628  -1.812  34.886 0.0000000000
83088  31.148  -4.476  39.764 0.0000000000
81774  31.545  -4.512  39.169 0.0000000000
83099  32.223  -4.253  38.955 0.0000000000
80538  29.838  -4.608  36.919 0.0000000000
81806  31.472  -4.831  38.021 0.0000000000
81788  32.519  -4.446  38.238 0.0000000000
83123  33.013  -4.412  36.707 0.0000000000
79316  28.871  -6.400  33.178 0.0000000000
79287  30.478  -6.041  34.356 0.0000000000
79333  29.993  -6.160  32.584 0.0000000000
79286  31.196  -6.074  34.407 0.0000000000
80566  31.405  -5.819  35.178 0.0000000000
80565  31.907  -5.582  35.457 0.0000000000
81828  32.715  -4.913  36.168 0.0000000000
83122  33.097  -4.112  36.205 0.0000000000
83151  32.653  -4.869  34.396 0.0000000000
83166  32.767  -4.393  34.197 0.0000000000
85935  33.085  -3.323  34.813 0.0000000000
85936  32.690  -3.492  34.203 0.0000000000
87343  32.751  -2.661  34.759 0.0000000000
87355  32.462  -2.925  33.687 0.0000000000
87376  32.049  -3.091  32.790 0.0000000000
85956  31.850  -3.794  32.142 0.0000000000
84559  31.527  -4.565  31.056 0.0000000000
80669  31.022  -6.353  29.876 0.0000000000
81924  30.929  -6.021  29.719 0.0000000000
83211  30.853  -5.793  29.467 0.0000000000
80703  30.633  -6.959  27.909 0.0000000000
79420  30.591  -7.532  26.506 0.0000000000
78202  29.994  -8.569  25.870 0.0000000000
79438  30.348  -8.295  25.603 0.0000000000
78240  29.786  -9.687  23.265 0.0000000000
91425  29.327  0.906  19.863 0.0000000000
91460  30.146  0.622  18.140 0.0000000000
90253  29.186  -0.550  17.356 0.0000000000
90236  29.609  0.061  17.656 0.0000000000
90251  30.561  0.198  16.694 0.0000000000
90269  30.933  0.010  15.977 0.0000000000
114154  48.452  19.455  5.350 0.0000000000
112990  48.106  18.529  2.469 0.0000000000
70175  8.310  -15.274  36.060 0.0000000000
76788  14.836  -9.583  34.870 0.0000000000
78062  29.245  -6.528  32.424 0.0000000000
78068  15.810  -8.458  33.258 0.0000000000
78079  29.888  -6.588  31.751 0.0000000000
78095  31.009  -7.266  30.357 0.0000000000
78101  19.243  -7.160  31.330 0.0000000000
78131  31.152  -7.384  29.340 0.0000000000
78132  30.899  -7.841  29.292 0.0000000000
78133  30.451  -7.980  29.270 0.0000000000
78148  30.577  -7.820  28.610 0.0000000000
79159  27.998  -5.962  40.173 0.0000000000
79175  28.553  -5.551  39.184 0.0000000000
79243  30.289  -5.491  36.058 0.0000000000
79244  29.710  -5.035  36.259 0.0000000000
79264  31.116  -5.885  35.066 0.0000000000
79265  30.599  -5.786  35.387 0.0000000000
79285  31.581  -6.112  34.178 0.0000000000
79315  29.640  -6.219  33.372 0.0000000000
79322  20.951  -6.451  33.118 0.0000000000
79341  20.045  -6.856  31.927 0.0000000000
79363  31.296  -6.465  30.485 0.0000000000
79364  31.246  -6.845  30.033 0.0000000000
79378  31.017  -7.059  29.113 0.0000000000
79391  30.511  -7.730  28.124 0.0000000000
79406  30.573  -7.826  27.613 0.0000000000
79422  30.263  -8.380  26.225 0.0000000000
80472  29.163  -5.220  40.384 0.0000000000
80473  28.706  -5.530  40.765 0.0000000000
80487  28.939  -5.384  39.997 0.0000000000
80503  30.336  -4.640  38.815 0.0000000000
80504  29.788  -4.872  39.236 0.0000000000
80505  28.873  -5.336  39.212 0.0000000000
80519  31.274  -4.904  37.798 0.0000000000
80520  30.734  -4.668  38.170 0.0000000000
80535  32.006  -5.079  36.875 0.0000000000
80536  31.561  -5.036  37.225 0.0000000000
80539  29.279  -4.548  37.251 0.0000000000
80550  32.424  -5.147  36.079 0.0000000000
80551  32.144  -5.165  36.363 0.0000000000
80580  25.220  -5.962  34.199 0.0000000000
80597  32.155  -5.607  34.131 0.0000000000
80616  31.763  -5.962  32.880 0.0000000000
80622  22.738  -5.817  31.850 0.0000000000
80636  31.626  -5.955  31.925 0.0000000000
80639  23.914  -5.405  31.897 0.0000000000
80653  31.202  -6.491  30.130 0.0000000000
80670  31.073  -6.668  29.592 0.0000000000
80676  20.490  -6.600  28.826 0.0000000000
80686  30.798  -6.350  29.481 0.0000000000
80726  30.558  -7.179  26.400 0.0000000000
80727  30.459  -7.278  25.834 0.0000000000
81752  29.666  -4.810  41.023 0.0000000000
81753  29.080  -5.143  41.321 0.0000000000
81763  29.954  -4.652  40.469 0.0000000000
81775  30.873  -4.602  39.425 0.0000000000
81776  30.241  -4.663  39.787 0.0000000000
81777  29.641  -4.867  40.072 0.0000000000
81789  31.852  -4.532  38.450 0.0000000000
81790  31.213  -4.584  38.733 0.0000000000
81805  32.103  -4.686  37.777 0.0000000000
81817  32.803  -4.812  36.916 0.0000000000
81821  16.427  -5.342  37.315 0.0000000000
81837  32.570  -5.028  35.313 0.0000000000
81851  32.671  -4.824  34.640 0.0000000000
81870  32.309  -5.349  33.823 0.0000000000
81880  32.206  -5.366  33.167 0.0000000000
81881  24.891  -5.215  31.958 0.0000000000
81892  24.242  -5.225  31.247 0.0000000000
81901  31.852  -5.548  31.632 0.0000000000
81902  31.683  -5.706  31.093 0.0000000000
81912  31.359  -5.798  30.302 0.0000000000
81925  30.771  -6.141  29.196 0.0000000000
81951  30.616  -6.622  27.458 0.0000000000
81952  30.367  -6.343  27.039 0.0000000000
81967  30.019  -6.683  25.633 0.0000000000
83064  31.553  -3.434  40.863 0.0000000000
83077  30.928  -4.263  40.406 0.0000000000
83133  33.053  -4.237  35.391 0.0000000000
83195  31.785  -5.426  31.378 0.0000000000
83196  31.609  -5.217  30.905 0.0000000000
83203  31.163  -5.378  29.841 0.0000000000
83212  30.749  -5.523  29.026 0.0000000000
83221  30.488  -5.606  28.208 0.0000000000
83233  29.413  -5.672  26.254 0.0000000000
83258  28.629  -6.180  23.782 0.0000000000
84527  32.889  -3.973  34.464 0.0000000000
84537  32.501  -4.343  33.181 0.0000000000
84549  31.754  -4.444  31.677 0.0000000000
84571  31.369  -4.674  30.394 0.0000000000
84572  31.187  -4.639  29.619 0.0000000000
84604  30.422  -4.976  28.645 0.0000000000
84605  30.030  -5.037  28.053 0.0000000000
85860  31.200  -2.586  41.689 0.0000000000
85866  32.106  -2.314  41.058 0.0000000000
87397  31.186  -3.017  31.035 0.0000000000
87420  30.597  -3.253  29.735 0.0000000000
87421  30.223  -3.247  29.083 0.0000000000
87439  29.364  -3.018  28.106 0.0000000000
87461  29.866  -3.781  28.002 0.0000000000
88646  32.463  -2.277  34.287 0.0000000000
88647  32.099  -2.123  33.726 0.0000000000
88677  31.866  -2.424  33.009 0.0000000000
88728  29.289  -1.015  30.012 0.0000000000
88779  27.152  -0.849  26.553 0.0000000000
88854  27.025  -1.393  19.848 0.0000000000
88855  26.615  -1.617  20.355 0.0000000000
88868  27.691  -1.420  18.701 0.0000000000
89976  30.465  -0.824  32.077 0.0000000000
89977  29.981  -0.419  31.617 0.0000000000
90004  30.659  -1.469  31.663 0.0000000000
90036  29.099  0.063  30.040 0.0000000000
90081  27.697  -0.109  27.909 0.0000000000
90237  28.825  -0.348  17.916 0.0000000000
90238  28.250  -0.638  18.408 0.0000000000
90247  35.428  0.906  18.505 0.0000000000
90265  35.904  1.331  18.017 0.0000000000
91205  30.256  1.294  33.189 0.0000000000
91235  29.362  1.106  31.134 0.0000000000
91250  29.560  0.239  30.933 0.0000000000
91475  35.063  1.056  18.273 0.0000000000
92382  30.428  1.762  33.311 0.0000000000
92530  28.541  1.864  25.048 0.0000000000
92640  37.162  2.443  18.200 0.0000000000
92641  36.543  2.339  17.910 0.0000000000
92642  36.158  2.223  17.814 0.0000000000
92655  35.610  2.009  17.514 0.0000000000
92656  35.393  1.925  17.328 0.0000000000
92672  32.412  2.344  14.565 0.0000000000
93823  36.180  2.852  17.513 0.0000000000
93840  35.428  2.195  17.340 0.0000000000
94997  34.356  3.964  16.321 0.0000000000
96090  40.552  5.378  19.141 0.0000000000
96092  39.328  4.539  18.745 0.0000000000
96128  33.267  4.427  14.774 0.0000000000
97212  40.042  5.992  18.513 0.0000000000
97213  39.321  5.921  18.049 0.0000000000
97232  33.733  5.142  15.229 0.0000000000
97241  34.426  6.035  14.914 0.0000000000
97243  33.428  5.015  14.651 0.0000000000
98406  41.651  6.784  19.118 0.0000000000
98412  41.958  7.725  18.706 0.0000000000
98414  40.996  6.972  18.632 0.0000000000
98422  39.709  7.393  17.647 0.0000000000
98435  36.604  7.156  15.882 0.0000000000
99695  42.223  7.098  19.295 0.0000000000
99757  35.998  7.607  15.045 0.0000000000
100965  42.203  9.280  18.421 0.0000000000
100975  42.141  8.384  18.495 0.0000000000
100977  41.021  8.871  17.862 0.0000000000
102253  38.069  9.567  15.639 0.0000000000
102254  37.510  9.194  15.358 0.0000000000
102290  37.008  9.752  13.884 0.0000000000
102336  49.463  9.879  8.511 0.0000000000
102347  49.544  9.902  8.232 0.0000000000
103483  42.317  10.741  18.270 0.0000000000
103500  40.232  10.383  16.836 0.0000000000
103501  39.622  10.123  16.530 0.0000000000
103518  39.795  10.624  16.294 0.0000000000
103551  37.286  10.324  13.367 0.0000000000
103594  49.860  10.470  8.570 0.0000000000
103595  49.386  10.303  8.895 0.0000000000
103596  48.476  10.163  8.867 0.0000000000
103607  49.999  11.033  8.309 0.0000000000
103622  49.494  10.896  7.840 0.0000000000
104764  39.176  10.867  15.399 0.0000000000
104828  50.108  11.540  9.611 0.0000000000
104838  50.508  12.154  8.685 0.0000000000
104839  50.366  11.463  8.850 0.0000000000
104840  49.998  10.981  9.170 0.0000000000
104856  50.305  12.354  8.508 0.0000000000
105948  43.386  13.452  16.914 0.0000000000
105971  42.738  13.666  12.674 0.0000000000
106014  50.859  11.974  9.315 0.0000000000
106015  48.651  11.403  9.498 0.0000000000
106019  44.793  12.409  9.183 0.0000000000
106031  49.437  12.929  8.139 0.0000000000
106041  49.795  12.142  8.154 0.0000000000
107114  42.768  13.651  12.428 0.0000000000
107120  49.780  13.513  10.935 0.0000000000
107141  46.972  13.598  10.279 0.0000000000
107163  48.723  13.908  8.162 0.0000000000
107167  48.459  13.377  7.934 0.0000000000
108286  50.589  14.073  11.407 0.0000000000
109419  46.065  15.667  13.869 0.0000000000
109466  48.363  14.828  8.107 0.0000000000
110652  48.774  16.942  9.300 0.0000000000
111820  46.875  17.369  8.301 0.0000000000
111823  46.056  16.637  7.550 0.0000000000
112933  50.463  18.674  11.105 0.0000000000
112935  49.097  18.981  10.601 0.0000000000
112968  47.461  19.111  5.627 0.0000000000
112982  48.987  19.054  3.161 0.0000000000
112988  49.680  19.035  2.275 0.0000000000
114104  49.919  19.290  11.220 0.0000000000
114119  47.759  19.155  9.077 0.0000000000
114131  47.566  19.424  8.321 0.0000000000
115245  48.503  19.933  9.851 0.0000000000
115269  49.195  20.932  8.004 0.0000000000
115270  48.553  20.471  8.357 0.0000000000
115277  50.289  21.036  6.808 0.0000000000
115278  49.681  20.855  7.245 0.0000000000
115291  49.255  20.545  6.749 0.0000000000
