#!ascii label  , from subject  vox2ras=TkReg coords=orig
252
93350  20.882  1.284  -43.407 0.8750000000
94577  21.422  3.028  -44.516 1.0000000000
94558  21.754  2.080  -44.352 1.0000000000
93370  21.891  1.541  -44.455 1.0000000000
95740  21.832  3.424  -45.318 1.0000000000
94600  22.727  2.494  -46.043 1.0000000000
94576  21.943  2.357  -44.831 1.0000000000
93394  22.578  1.567  -45.341 1.0000000000
95757  22.512  3.666  -46.113 1.0000000000
96841  21.937  4.375  -45.884 1.0000000000
93418  24.348  1.513  -46.805 1.0000000000
93420  22.972  1.701  -45.911 1.0000000000
97973  22.012  5.556  -46.221 1.0000000000
95756  23.238  3.500  -46.832 1.0000000000
97954  22.197  5.064  -46.207 1.0000000000
95774  23.569  3.837  -47.520 1.0000000000
94599  23.780  2.436  -47.048 1.0000000000
94620  23.870  3.287  -47.441 1.0000000000
94619  24.475  2.943  -47.736 1.0000000000
101788  22.001  8.478  -46.548 1.0000000000
97972  22.506  5.520  -46.871 1.0000000000
99218  21.752  6.300  -46.205 1.0000000000
97989  23.042  5.278  -47.661 1.0000000000
95788  24.603  4.162  -48.284 1.0000000000
95773  24.187  3.784  -47.974 1.0000000000
94618  25.105  2.787  -47.693 0.8750000000
103079  21.365  9.486  -45.853 0.6250000000
103078  21.849  9.641  -46.602 0.6250000000
101789  21.455  8.602  -45.740 0.7500000000
100517  22.007  7.262  -46.568 1.0000000000
99252  23.657  6.246  -48.853 1.0000000000
99253  22.981  6.986  -48.276 1.0000000000
99236  22.913  6.143  -47.893 1.0000000000
99217  22.314  6.518  -47.009 1.0000000000
98004  23.966  5.352  -48.727 1.0000000000
97988  23.467  5.466  -48.269 1.0000000000
98003  24.488  5.601  -49.219 0.8750000000
96892  24.457  4.758  -48.576 1.0000000000
95772  25.216  3.512  -48.405 0.8750000000
103116  22.597  9.346  -48.331 1.0000000000
101804  22.472  8.413  -47.704 1.0000000000
99262  23.840  7.161  -49.294 1.0000000000
101825  22.836  8.307  -48.439 1.0000000000
100535  22.529  7.365  -47.434 1.0000000000
100563  24.247  7.733  -49.561 1.0000000000
98002  25.321  5.836  -49.144 1.0000000000
98013  24.803  6.028  -49.428 1.0000000000
98012  24.948  6.251  -49.487 1.0000000000
104362  23.268  10.657  -49.395 1.0000000000
103141  24.326  9.665  -50.578 1.0000000000
103129  24.093  9.196  -50.320 1.0000000000
101836  25.119  8.735  -50.197 1.0000000000
101851  24.637  8.995  -50.607 1.0000000000
101838  23.869  8.441  -49.594 1.0000000000
100553  25.538  7.665  -49.517 1.0000000000
99250  25.882  6.700  -49.043 0.8750000000
105567  22.854  11.809  -48.877 1.0000000000
104370  24.745  10.750  -50.613 1.0000000000
103142  23.756  10.381  -50.225 1.0000000000
110068  22.971  15.043  -49.661 1.0000000000
108908  22.768  14.382  -49.163 1.0000000000
107810  22.893  13.502  -48.969 1.0000000000
108920  23.081  14.435  -50.065 1.0000000000
105575  23.521  12.080  -49.809 1.0000000000
104371  24.106  10.964  -50.620 1.0000000000
105574  23.934  11.967  -50.388 1.0000000000
111284  23.586  15.708  -49.045 0.7500000000
107834  23.671  13.836  -50.505 1.0000000000
106719  24.372  12.857  -50.415 1.0000000000
111303  23.242  15.294  -49.828 1.0000000000
108936  23.514  14.676  -50.496 1.0000000000
93393  23.103  1.254  -45.808 1.0000000000
103115  23.117  9.290  -49.080 1.0000000000
94545  20.623  1.368  -42.699 0.6250000000
93338  20.488  0.908  -42.518 0.7500000000
92185  20.704  0.700  -43.038 1.0000000000
92206  21.419  0.978  -44.047 1.0000000000
92229  23.055  0.673  -45.282 1.0000000000
92249  23.513  0.901  -45.949 1.0000000000
94598  24.749  2.227  -47.248 0.8750000000
96874  25.658  4.168  -48.257 0.8750000000
98001  26.080  5.784  -48.405 0.8750000000
110057  22.856  15.287  -49.006 0.8750000000
106693  22.688  12.995  -48.436 0.8750000000
103140  25.018  9.773  -50.437 1.0000000000
104361  25.391  10.714  -50.068 1.0000000000
105565  25.063  11.673  -50.298 1.0000000000
106718  24.744  12.256  -50.356 1.0000000000
111293  24.110  16.148  -49.708 1.0000000000
108935  24.108  14.681  -50.628 1.0000000000
107833  24.503  13.962  -50.721 1.0000000000
115951  26.378  20.800  -51.011 0.5000000000
93371  21.365  1.540  -43.949 1.0000000000
92230  22.457  1.046  -44.862 1.0000000000
93419  23.453  1.532  -46.370 1.0000000000
96857  23.165  4.213  -47.253 1.0000000000
96858  22.611  4.437  -46.662 1.0000000000
96877  22.908  4.774  -47.311 1.0000000000
96876  23.497  4.543  -47.882 1.0000000000
96891  25.277  4.730  -48.588 0.8750000000
95755  25.460  3.051  -47.649 0.8750000000
103098  22.152  9.262  -47.291 1.0000000000
99261  24.454  6.554  -49.545 1.0000000000
99235  23.338  5.938  -48.356 1.0000000000
100554  23.310  7.546  -48.774 1.0000000000
96890  25.764  5.203  -48.569 0.8750000000
101824  23.293  8.592  -49.056 1.0000000000
100564  23.689  7.876  -49.302 1.0000000000
100555  22.860  7.726  -48.110 1.0000000000
100562  24.835  7.645  -49.829 1.0000000000
99260  25.216  6.707  -49.627 1.0000000000
104351  22.670  10.691  -48.386 1.0000000000
104350  23.002  9.868  -49.046 1.0000000000
104363  22.879  11.303  -48.897 1.0000000000
103130  23.664  9.392  -49.794 1.0000000000
105553  22.610  11.677  -48.376 1.0000000000
105566  23.205  11.696  -49.314 1.0000000000
106694  22.728  12.272  -48.669 1.0000000000
106707  23.016  12.626  -49.306 1.0000000000
104372  23.650  11.290  -49.999 1.0000000000
107822  23.104  13.594  -49.736 1.0000000000
106720  23.661  12.835  -49.997 1.0000000000
105573  24.517  11.777  -50.780 1.0000000000
110081  23.834  15.209  -50.191 1.0000000000
111302  23.549  15.429  -49.890 1.0000000000
111294  23.349  15.490  -49.537 1.0000000000
106682  22.350  12.395  -47.948 0.8750000000
111292  25.119  16.439  -49.880 1.0000000000
108919  24.761  14.750  -50.392 1.0000000000
114839  25.741  19.935  -50.336 0.7500000000
114848  26.263  20.329  -50.708 0.7500000000
87069  21.255  -3.127  -41.221 0.7500000000
85744  22.847  -3.819  -42.294 0.7500000000
87050  20.998  -3.192  -40.731 0.7500000000
88323  21.104  -2.480  -41.325 0.7500000000
87087  22.621  -3.122  -42.521 0.7500000000
87068  21.726  -3.100  -41.643 0.7500000000
89582  21.421  -2.126  -41.985 0.7500000000
88359  23.023  -2.720  -43.053 0.7500000000
88342  21.950  -2.512  -42.291 0.7500000000
92169  20.620  0.016  -42.586 0.7500000000
89604  21.637  -1.588  -42.644 0.7500000000
90948  21.259  -0.540  -42.898 0.8750000000
90949  20.917  -0.528  -42.470 0.8750000000
89603  22.308  -1.987  -42.645 0.7500000000
89622  22.728  -1.790  -43.415 0.7500000000
90968  21.702  -0.425  -43.319 0.8750000000
92184  21.354  0.183  -43.469 0.8750000000
89646  22.935  -1.139  -44.265 0.7500000000
90967  22.181  -0.516  -43.813 0.8750000000
92205  22.173  0.362  -44.421 0.8750000000
90986  23.511  -0.778  -44.867 0.7500000000
90987  22.763  -0.428  -44.464 0.8750000000
92204  23.029  -0.044  -44.858 0.8750000000
92227  24.730  0.192  -46.039 0.8750000000
92228  23.900  0.349  -45.720 0.8750000000
92248  24.126  0.838  -46.311 0.8750000000
92246  25.499  1.141  -46.227 0.7500000000
94597  25.603  2.472  -47.018 0.7500000000
95754  26.069  3.460  -47.403 0.6250000000
96873  26.374  4.559  -47.993 0.7500000000
99249  26.552  6.742  -48.115 0.7500000000
101822  26.594  8.778  -48.348 0.6250000000
101823  25.830  8.707  -49.204 0.8750000000
103114  26.180  9.728  -48.722 0.7500000000
112498  24.420  17.473  -49.447 0.7500000000
103128  25.641  9.701  -49.754 0.8750000000
106705  25.110  12.787  -49.734 0.8750000000
105552  25.659  11.719  -49.476 0.8750000000
107809  25.861  13.713  -49.110 0.8750000000
108918  25.210  14.721  -49.873 0.7500000000
107820  25.358  13.906  -49.912 0.8750000000
105551  26.449  11.766  -48.631 0.6250000000
107808  26.402  13.635  -48.261 0.7500000000
112497  25.056  17.430  -49.667 0.8750000000
112496  25.963  17.424  -49.577 0.7500000000
110066  25.296  15.585  -49.942 0.8750000000
108906  26.477  14.625  -48.524 0.7500000000
106691  26.668  12.770  -48.009 0.5000000000
113658  25.445  19.357  -50.005 0.6250000000
113657  25.901  19.206  -50.115 0.7500000000
113643  25.865  18.352  -49.933 0.7500000000
113656  26.523  19.015  -50.040 0.7500000000
113642  26.935  18.425  -49.600 0.7500000000
112495  26.723  17.609  -49.409 0.7500000000
114820  27.095  19.152  -50.012 0.7500000000
112483  26.428  17.053  -49.406 0.7500000000
111281  26.874  16.409  -48.543 0.7500000000
112482  27.072  17.280  -48.980 0.7500000000
113641  27.664  18.687  -49.381 0.7500000000
114847  26.616  20.452  -50.753 0.6250000000
104349  25.995  10.721  -49.175 0.8750000000
113644  25.023  18.624  -49.872 0.6250000000
111282  26.439  16.449  -49.247 0.7500000000
110056  25.690  15.289  -49.547 0.7500000000
96856  26.758  3.908  -47.316 0.6250000000
95771  25.806  3.927  -48.018 0.7500000000
85714  21.898  -4.541  -40.984 0.7500000000
85715  21.196  -3.961  -40.432 0.7500000000
88303  20.790  -2.514  -40.343 0.7500000000
85729  22.722  -4.457  -41.770 0.7500000000
85730  22.064  -3.840  -41.446 0.7500000000
89583  21.195  -1.436  -41.739 0.7500000000
87100  23.559  -3.213  -43.066 0.6250000000
89621  23.397  -2.106  -43.828 0.7500000000
90985  24.383  -1.080  -44.858 0.6250000000
100552  26.282  7.723  -48.725 0.7500000000
106706  24.897  13.526  -50.359 0.8750000000
92168  21.072  -0.093  -42.982 0.8750000000
93417  25.191  1.651  -46.585 0.7500000000
110067  24.519  15.427  -50.129 0.8750000000
107821  25.048  14.168  -50.478 0.8750000000
87049  21.530  -3.616  -41.046 0.7500000000
87067  22.337  -3.578  -41.968 0.7500000000
87086  23.262  -3.569  -42.648 0.7500000000
88322  21.483  -2.582  -41.841 0.7500000000
90929  20.841  -0.633  -41.975 0.7500000000
89605  21.162  -0.928  -42.345 0.7500000000
89623  21.910  -0.954  -43.204 0.8750000000
92183  21.891  0.015  -43.916 0.8750000000
91008  24.326  -0.441  -45.434 0.7500000000
91009  23.563  -0.064  -45.259 0.8750000000
89665  24.996  -0.855  -45.081 0.6250000000
92247  24.946  0.912  -46.408 0.7500000000
106692  26.093  12.731  -48.928 0.7500000000
108907  25.748  14.643  -49.281 0.7500000000
111291  25.882  16.481  -49.678 0.7500000000
110055  26.297  15.564  -48.993 0.7500000000
106679  27.358  12.957  -47.467 0.5000000000
85696  21.363  -4.648  -40.290 0.7500000000
85713  22.469  -5.037  -41.358 0.7500000000
82921  21.958  -5.803  -40.144 0.6250000000
84304  22.444  -5.520  -40.871 0.6250000000
84305  21.683  -5.204  -40.514 0.6250000000
84290  21.309  -5.206  -39.872 0.6250000000
82905  21.378  -5.999  -39.396 0.5000000000
82906  20.766  -5.812  -38.788 0.5000000000
93351  20.657  1.084  -42.928 0.7500000000
95787  24.913  4.285  -48.442 1.0000000000
96875  24.121  4.419  -48.223 1.0000000000
99251  24.197  6.099  -49.282 1.0000000000
96893  23.810  4.820  -48.477 1.0000000000
101837  24.323  8.646  -50.243 1.0000000000
101850  24.787  9.252  -50.604 1.0000000000
106708  22.941  12.100  -49.054 1.0000000000
110082  23.312  15.048  -50.096 1.0000000000
87088  22.133  -3.089  -42.117 0.7500000000
87101  23.130  -3.143  -42.792 0.6250000000
88341  22.591  -2.379  -42.700 0.7500000000
110065  25.958  15.876  -49.572 0.7500000000
113624  27.114  17.858  -49.304 0.7500000000
113623  27.629  18.131  -49.090 0.7500000000
