#!ascii label  , from subject 198451 vox2ras=TkReg
334
20783  35.175  -57.002  -10.218 0.0000000000
19078  38.129  -58.432  -23.566 0.0000000000
15959  41.869  -61.799  -13.927 0.0000000000
19932  38.299  -57.439  -17.202 0.0000000000
18062  44.617  -59.323  -20.314 0.0000000000
15995  43.178  -62.164  -17.883 0.0000000000
16008  46.647  -61.527  -18.703 0.0000000000
19963  39.265  -57.724  -20.408 0.0000000000
21938  36.252  -55.414  -18.486 0.0000000000
16947  37.904  -59.963  -12.074 0.0000000000
15999  40.052  -61.434  -16.627 0.0000000000
18997  41.376  -58.604  -18.777 0.0000000000
19035  41.675  -58.455  -21.670 0.0000000000
19072  44.231  -58.851  -23.534 0.0000000000
23780  35.294  -53.188  -5.835 0.0000000000
17898  35.135  -59.364  -8.739 0.0000000000
15069  37.047  -62.256  -12.550 0.0000000000
22878  35.948  -54.639  -15.888 0.0000000000
15103  45.599  -63.711  -16.482 0.0000000000
19039  38.195  -58.345  -22.116 0.0000000000
19965  36.930  -57.318  -20.767 0.0000000000
16974  40.278  -60.851  -13.248 0.0000000000
15972  40.696  -61.411  -14.907 0.0000000000
18029  44.395  -60.065  -19.199 0.0000000000
18031  41.756  -59.626  -18.630 0.0000000000
19006  43.187  -58.910  -19.773 0.0000000000
19020  41.867  -58.313  -20.695 0.0000000000
19019  42.945  -58.616  -20.567 0.0000000000
19091  42.282  -59.116  -24.628 0.0000000000
17881  36.149  -59.919  -7.298 0.0000000000
15899  36.214  -61.107  -10.644 0.0000000000
15868  36.156  -61.671  -8.860 0.0000000000
18972  37.566  -58.271  -16.403 0.0000000000
20904  37.377  -56.234  -16.933 0.0000000000
22932  34.479  -54.339  -18.800 0.0000000000
23989  35.206  -53.492  -17.198 0.0000000000
14175  42.915  -63.387  -15.153 0.0000000000
15107  42.480  -62.573  -16.183 0.0000000000
15105  44.226  -63.151  -16.207 0.0000000000
15136  44.689  -62.356  -17.886 0.0000000000
17041  45.780  -60.543  -19.417 0.0000000000
20941  38.930  -56.642  -18.867 0.0000000000
21922  38.002  -56.128  -18.065 0.0000000000
20943  37.538  -56.571  -19.248 0.0000000000
21952  35.404  -55.695  -19.598 0.0000000000
20023  38.736  -57.487  -25.068 0.0000000000
18902  36.343  -58.569  -11.274 0.0000000000
18004  38.103  -60.091  -15.732 0.0000000000
18985  39.054  -58.558  -17.397 0.0000000000
15997  41.588  -61.901  -17.472 0.0000000000
18020  40.700  -59.668  -18.156 0.0000000000
19930  40.187  -58.053  -18.364 0.0000000000
19949  40.037  -57.531  -19.626 0.0000000000
19962  40.430  -57.968  -20.710 0.0000000000
19056  40.296  -58.803  -22.692 0.0000000000
19052  44.983  -59.155  -22.167 0.0000000000
19054  42.323  -58.679  -22.565 0.0000000000
19075  40.761  -59.058  -23.636 0.0000000000
19094  39.314  -58.396  -24.803 0.0000000000
24887  34.632  -52.152  -6.557 0.0000000000
21767  34.462  -55.758  -7.806 0.0000000000
20714  34.995  -56.460  -6.603 0.0000000000
18865  34.938  -58.467  -9.282 0.0000000000
16932  36.281  -60.205  -11.090 0.0000000000
15048  38.185  -61.484  -12.528 0.0000000000
15066  39.595  -61.930  -13.198 0.0000000000
14180  38.191  -63.287  -14.755 0.0000000000
14177  40.968  -63.488  -14.997 0.0000000000
22896  36.825  -54.969  -17.136 0.0000000000
21776  34.459  -55.637  -8.862 0.0000000000
21785  34.515  -55.555  -9.895 0.0000000000
20784  34.946  -56.226  -10.488 0.0000000000
19058  38.542  -58.526  -22.820 0.0000000000
19982  37.281  -57.934  -21.766 0.0000000000
16973  40.783  -61.212  -13.487 0.0000000000
16986  40.630  -61.029  -13.713 0.0000000000
15971  41.792  -61.827  -14.944 0.0000000000
18044  44.004  -59.304  -19.591 0.0000000000
18045  43.350  -59.182  -19.403 0.0000000000
19005  43.779  -59.073  -19.923 0.0000000000
19018  43.894  -58.997  -20.398 0.0000000000
19106  42.629  -59.021  -25.701 0.0000000000
16899  36.099  -60.968  -8.139 0.0000000000
19919  37.206  -57.399  -16.436 0.0000000000
19933  37.706  -56.845  -17.031 0.0000000000
25105  34.071  -52.739  -17.750 0.0000000000
15088  43.548  -63.018  -15.504 0.0000000000
14174  43.849  -63.626  -15.652 0.0000000000
15994  45.840  -62.479  -17.821 0.0000000000
15135  45.403  -62.572  -17.703 0.0000000000
16009  45.606  -61.887  -18.391 0.0000000000
17034  45.102  -60.760  -18.945 0.0000000000
17033  46.140  -61.083  -18.982 0.0000000000
19950  38.957  -57.074  -19.529 0.0000000000
20942  38.334  -56.609  -19.187 0.0000000000
20956  37.910  -56.929  -19.647 0.0000000000
20959  35.740  -56.487  -20.453 0.0000000000
21962  34.956  -56.097  -20.841 0.0000000000
21953  34.608  -55.298  -19.824 0.0000000000
17952  37.227  -59.414  -11.641 0.0000000000
18927  37.070  -59.112  -12.665 0.0000000000
17974  38.228  -59.827  -12.740 0.0000000000
18022  38.671  -59.628  -16.987 0.0000000000
18021  39.536  -59.706  -17.558 0.0000000000
15118  42.851  -62.584  -17.121 0.0000000000
15119  42.100  -62.429  -17.058 0.0000000000
15996  42.384  -61.904  -17.772 0.0000000000
18019  41.371  -60.089  -18.232 0.0000000000
18032  41.131  -59.061  -18.496 0.0000000000
18983  40.619  -58.608  -18.541 0.0000000000
19941  40.622  -57.765  -18.798 0.0000000000
19021  41.172  -58.253  -21.031 0.0000000000
19961  41.172  -58.083  -20.552 0.0000000000
19036  40.699  -58.425  -21.690 0.0000000000
19037  39.859  -58.463  -21.943 0.0000000000
18116  46.488  -59.715  -24.630 0.0000000000
19089  44.721  -58.952  -24.721 0.0000000000
19071  45.510  -58.988  -23.605 0.0000000000
19053  43.506  -58.801  -22.436 0.0000000000
19074  41.802  -59.027  -23.589 0.0000000000
19092  41.212  -59.069  -24.654 0.0000000000
19093  40.244  -58.891  -24.672 0.0000000000
25999  34.961  -51.421  -6.310 0.0000000000
23781  34.643  -53.168  -6.486 0.0000000000
22753  34.373  -54.825  -7.388 0.0000000000
22729  34.627  -54.419  -6.677 0.0000000000
18812  35.354  -58.622  -7.205 0.0000000000
20713  35.768  -56.567  -6.094 0.0000000000
19775  34.845  -57.959  -7.377 0.0000000000
18827  34.712  -58.109  -7.992 0.0000000000
18846  34.828  -58.542  -8.468 0.0000000000
17915  35.215  -59.285  -9.698 0.0000000000
15034  36.662  -61.925  -11.498 0.0000000000
15933  37.063  -61.463  -11.899 0.0000000000
15049  37.434  -61.731  -12.303 0.0000000000
15067  38.647  -61.865  -13.025 0.0000000000
15080  38.045  -62.351  -13.570 0.0000000000
13306  38.001  -64.078  -15.125 0.0000000000
13305  38.988  -64.211  -15.642 0.0000000000
14178  39.967  -63.440  -15.071 0.0000000000
21937  37.322  -56.092  -18.590 0.0000000000
21923  37.224  -55.353  -17.613 0.0000000000
21924  36.479  -55.093  -17.864 0.0000000000
23967  35.849  -53.407  -16.594 0.0000000000
19981  38.558  -58.015  -21.293 0.0000000000
19964  38.069  -57.360  -20.366 0.0000000000
16964  39.305  -60.538  -12.587 0.0000000000
16976  38.856  -60.080  -12.929 0.0000000000
16987  39.887  -60.765  -13.844 0.0000000000
15986  39.844  -61.444  -15.741 0.0000000000
17035  43.847  -60.698  -18.721 0.0000000000
17036  42.484  -60.819  -18.300 0.0000000000
18030  43.150  -59.670  -19.054 0.0000000000
18996  42.313  -58.905  -19.253 0.0000000000
19940  41.545  -58.277  -19.288 0.0000000000
19007  42.194  -58.414  -19.872 0.0000000000
19034  42.679  -58.620  -21.517 0.0000000000
19073  42.946  -58.951  -23.561 0.0000000000
19090  43.453  -59.051  -24.660 0.0000000000
17882  35.465  -59.587  -7.734 0.0000000000
16920  35.458  -60.227  -9.647 0.0000000000
16900  35.636  -60.476  -8.572 0.0000000000
15887  36.111  -61.752  -9.988 0.0000000000
15021  36.380  -62.274  -10.712 0.0000000000
19920  36.571  -56.947  -16.059 0.0000000000
21909  36.376  -55.470  -16.249 0.0000000000
22931  35.273  -54.706  -18.313 0.0000000000
22918  35.444  -54.208  -17.698 0.0000000000
24000  34.996  -54.030  -17.816 0.0000000000
25089  34.349  -52.462  -17.106 0.0000000000
15075  42.176  -62.400  -14.115 0.0000000000
15970  42.283  -62.045  -14.397 0.0000000000
15089  42.839  -62.417  -15.004 0.0000000000
15106  43.364  -62.771  -16.142 0.0000000000
15117  43.838  -62.781  -17.299 0.0000000000
15137  43.917  -62.092  -18.011 0.0000000000
16010  44.450  -61.535  -18.398 0.0000000000
18028  44.980  -60.304  -19.342 0.0000000000
20915  39.283  -56.867  -18.229 0.0000000000
20916  38.767  -56.617  -17.910 0.0000000000
20927  38.491  -56.339  -18.514 0.0000000000
21951  36.530  -56.091  -19.193 0.0000000000
20957  37.299  -56.952  -19.970 0.0000000000
20945  36.217  -56.341  -19.829 0.0000000000
21939  35.535  -55.263  -18.835 0.0000000000
22945  34.667  -54.929  -19.266 0.0000000000
24016  33.957  -54.023  -19.511 0.0000000000
19095  38.438  -58.169  -24.290 0.0000000000
18903  35.874  -58.088  -10.906 0.0000000000
19837  35.737  -57.651  -11.497 0.0000000000
18912  36.338  -58.455  -12.363 0.0000000000
18971  38.127  -58.648  -16.799 0.0000000000
15998  40.782  -61.715  -17.073 0.0000000000
17037  41.719  -60.328  -18.285 0.0000000000
17024  41.289  -60.876  -17.954 0.0000000000
17025  40.168  -60.771  -17.458 0.0000000000
18984  39.871  -58.680  -18.118 0.0000000000
19931  39.518  -57.531  -18.042 0.0000000000
19942  39.536  -57.054  -18.742 0.0000000000
19948  41.159  -57.974  -19.887 0.0000000000
19980  39.552  -58.154  -21.255 0.0000000000
19038  39.015  -58.413  -22.005 0.0000000000
19057  39.386  -58.735  -22.773 0.0000000000
18061  45.653  -59.741  -20.452 0.0000000000
19088  45.989  -59.136  -24.744 0.0000000000
18093  45.618  -59.407  -21.626 0.0000000000
19032  44.463  -59.182  -20.959 0.0000000000
19033  43.747  -58.890  -21.323 0.0000000000
19055  41.264  -58.681  -22.638 0.0000000000
19076  39.775  -58.973  -23.707 0.0000000000
19077  38.888  -58.669  -23.675 0.0000000000
26000  34.563  -51.502  -6.976 0.0000000000
27129  34.947  -50.834  -6.719 0.0000000000
24905  34.183  -52.431  -7.173 0.0000000000
23804  34.143  -53.680  -7.517 0.0000000000
20758  34.560  -56.535  -8.410 0.0000000000
21740  36.336  -55.606  -5.945 0.0000000000
21741  35.315  -55.208  -6.114 0.0000000000
20715  34.608  -56.481  -7.288 0.0000000000
19796  34.684  -57.258  -8.789 0.0000000000
19806  35.056  -57.587  -9.806 0.0000000000
18884  35.544  -58.622  -10.418 0.0000000000
17953  36.606  -59.439  -11.267 0.0000000000
16948  37.535  -60.077  -11.805 0.0000000000
16933  35.728  -60.227  -10.510 0.0000000000
15914  37.210  -60.466  -11.730 0.0000000000
16966  37.929  -60.242  -12.008 0.0000000000
15931  38.837  -60.957  -12.403 0.0000000000
15947  40.200  -61.325  -13.012 0.0000000000
15065  40.489  -62.031  -13.410 0.0000000000
14159  38.922  -62.816  -14.361 0.0000000000
15077  40.632  -62.556  -13.828 0.0000000000
15076  41.436  -62.582  -13.877 0.0000000000
20917  37.997  -56.336  -17.403 0.0000000000
21908  36.986  -55.427  -16.774 0.0000000000
22897  36.540  -54.633  -16.624 0.0000000000
23988  36.166  -53.907  -16.874 0.0000000000
23966  36.113  -53.851  -16.299 0.0000000000
14128  36.716  -62.616  -12.227 0.0000000000
14155  42.422  -62.933  -14.585 0.0000000000
14157  40.797  -62.993  -14.389 0.0000000000
14158  39.867  -62.910  -14.408 0.0000000000
14179  38.973  -63.386  -14.988 0.0000000000
15050  36.937  -62.007  -12.096 0.0000000000
15063  41.664  -62.111  -13.713 0.0000000000
15064  41.163  -62.209  -13.561 0.0000000000
15068  37.610  -62.147  -12.990 0.0000000000
15078  39.757  -62.454  -13.771 0.0000000000
15079  38.826  -62.336  -13.715 0.0000000000
15090  42.246  -62.242  -15.550 0.0000000000
15115  45.793  -63.132  -17.286 0.0000000000
15869  35.713  -60.883  -9.216 0.0000000000
15888  35.810  -61.077  -9.781 0.0000000000
15900  35.779  -60.652  -10.168 0.0000000000
15915  36.786  -60.872  -11.533 0.0000000000
15929  39.925  -61.103  -12.811 0.0000000000
15930  39.656  -61.010  -12.631 0.0000000000
15932  37.700  -60.802  -12.070 0.0000000000
15945  41.635  -61.867  -13.692 0.0000000000
15946  41.209  -61.705  -13.515 0.0000000000
15948  39.348  -61.420  -12.716 0.0000000000
15949  38.792  -61.422  -12.613 0.0000000000
15960  41.172  -61.267  -13.992 0.0000000000
15961  40.417  -61.060  -14.243 0.0000000000
15993  46.280  -62.363  -18.011 0.0000000000
16011  43.443  -61.502  -18.312 0.0000000000
16012  42.857  -61.605  -18.106 0.0000000000
16878  35.933  -60.379  -7.819 0.0000000000
16949  36.911  -60.085  -11.512 0.0000000000
16963  39.877  -60.863  -12.843 0.0000000000
16965  38.437  -60.186  -12.259 0.0000000000
16975  39.582  -60.483  -13.161 0.0000000000
16985  40.899  -61.175  -13.704 0.0000000000
17016  38.450  -60.459  -16.035 0.0000000000
17023  41.909  -61.393  -17.914 0.0000000000
17027  38.544  -60.171  -16.559 0.0000000000
17042  45.273  -60.383  -19.365 0.0000000000
17932  35.980  -59.374  -10.792 0.0000000000
17933  35.506  -59.577  -10.252 0.0000000000
17951  37.703  -59.614  -11.929 0.0000000000
17965  37.902  -59.694  -12.348 0.0000000000
17966  37.431  -59.301  -12.254 0.0000000000
17975  37.472  -59.509  -13.047 0.0000000000
17990  38.185  -59.935  -13.324 0.0000000000
18042  46.113  -60.233  -19.923 0.0000000000
18063  44.070  -59.146  -20.025 0.0000000000
18078  45.251  -59.389  -21.105 0.0000000000
18826  34.965  -58.733  -7.873 0.0000000000
18847  34.707  -57.914  -8.573 0.0000000000
18866  34.802  -57.727  -9.151 0.0000000000
18883  35.980  -58.854  -10.803 0.0000000000
18901  36.792  -59.059  -11.543 0.0000000000
18911  36.872  -58.898  -12.114 0.0000000000
18995  43.001  -59.126  -19.362 0.0000000000
19017  44.321  -59.156  -20.531 0.0000000000
19096  37.937  -58.133  -24.022 0.0000000000
19753  35.377  -57.579  -6.712 0.0000000000
19754  34.786  -57.183  -7.089 0.0000000000
19776  34.596  -57.270  -7.869 0.0000000000
19807  34.819  -57.329  -9.312 0.0000000000
19824  35.511  -57.626  -10.631 0.0000000000
19918  37.803  -57.927  -16.712 0.0000000000
19951  38.333  -56.945  -19.683 0.0000000000
19966  36.400  -57.129  -20.862 0.0000000000
19979  40.148  -58.232  -21.378 0.0000000000
20024  37.823  -57.543  -24.435 0.0000000000
20741  34.524  -56.528  -7.799 0.0000000000
20766  35.017  -57.103  -9.848 0.0000000000
20767  34.805  -56.695  -9.509 0.0000000000
20800  35.278  -56.876  -11.076 0.0000000000
20905  36.799  -56.290  -16.365 0.0000000000
20926  39.046  -56.633  -18.422 0.0000000000
20928  37.942  -56.379  -18.765 0.0000000000
20944  36.861  -56.551  -19.597 0.0000000000
20958  36.493  -56.846  -20.320 0.0000000000
21725  36.826  -54.844  -5.804 0.0000000000
21742  34.647  -55.546  -6.907 0.0000000000
21889  36.006  -55.479  -15.795 0.0000000000
21936  37.963  -56.227  -18.458 0.0000000000
21950  37.090  -56.301  -19.169 0.0000000000
22728  35.007  -54.030  -6.041 0.0000000000
22761  34.229  -54.681  -8.277 0.0000000000
22916  36.817  -54.957  -17.384 0.0000000000
22917  36.206  -54.669  -17.420 0.0000000000
22930  36.064  -54.993  -17.999 0.0000000000
22944  35.209  -55.167  -18.993 0.0000000000
22955  34.270  -54.755  -20.159 0.0000000000
23990  34.429  -53.076  -17.546 0.0000000000
24001  34.242  -53.520  -18.264 0.0000000000
24865  35.747  -52.319  -5.678 0.0000000000
24886  35.083  -52.277  -6.061 0.0000000000
25067  35.395  -52.687  -16.345 0.0000000000
25090  33.849  -52.136  -17.687 0.0000000000
25106  33.697  -52.392  -18.299 0.0000000000
