#!ascii label  , from subject 198451 vox2ras=TkReg
567
77793  21.199  -10.789  -35.426 0.1428571492
76524  20.288  -11.218  -35.304 0.1428571492
77803  21.181  -10.299  -36.185 0.1428571492
77775  21.756  -10.896  -34.708 0.1428571492
77802  21.853  -10.491  -36.004 0.2857142985
77794  20.385  -10.698  -35.892 0.1428571492
79009  21.511  -9.359  -37.291 0.5714285970
78997  22.133  -10.042  -36.683 0.1428571492
80288  23.701  -8.680  -37.574 0.2857142985
78996  23.442  -9.330  -36.760 0.2857142985
80287  24.689  -8.361  -37.525 0.1428571492
82901  25.150  -6.412  -39.420 0.2857142985
82902  24.313  -7.269  -39.823 0.1428571492
82889  24.467  -7.643  -39.226 0.2857142985
85712  26.080  -5.399  -40.831 0.2857142985
84300  26.166  -5.557  -40.236 0.2857142985
85740  26.164  -4.691  -42.089 0.2857142985
85726  25.685  -5.266  -41.655 0.2857142985
87082  27.040  -3.374  -43.189 0.2857142985
89642  27.005  -1.746  -44.887 0.8571428657
88354  27.333  -2.508  -43.880 0.4285714328
87065  27.466  -3.699  -41.783 0.2857142985
91004  28.198  -0.614  -45.565 0.7142857313
89662  27.562  -1.217  -45.176 0.7142857313
88373  27.184  -2.040  -44.441 0.7142857313
92244  29.164  0.850  -46.358 0.8571428657
92223  28.816  0.149  -45.823 0.5714285970
92224  27.777  0.279  -45.720 0.8571428657
93413  29.535  1.776  -46.864 0.4285714328
92245  28.427  0.766  -45.941 0.8571428657
95769  30.693  3.708  -47.576 0.2857142985
95770  29.799  3.693  -47.088 0.5714285970
94594  28.688  2.514  -46.622 0.8571428657
94593  29.265  2.560  -47.038 0.7142857313
93414  28.433  1.646  -46.112 0.8571428657
96870  30.743  4.728  -47.737 0.1428571492
95786  31.268  3.775  -47.997 0.1428571492
96871  29.986  4.451  -47.181 0.4285714328
95751  29.108  3.323  -46.713 0.5714285970
99230  30.963  6.387  -47.492 0.1428571492
96869  31.302  4.566  -48.305 0.1428571492
101821  31.440  7.874  -48.205 0.1428571492
100550  31.531  7.224  -48.798 0.1428571492
100530  30.827  6.974  -47.515 0.1428571492
99231  30.486  6.364  -47.182 0.1428571492
99232  29.553  6.431  -47.051 0.4285714328
97969  29.401  4.916  -46.911 0.5714285970
97970  28.666  4.822  -46.862 0.7142857313
95752  28.066  3.372  -46.564 0.8571428657
101799  30.912  8.041  -47.457 0.1428571492
103094  30.549  9.096  -47.059 0.1428571492
100531  30.149  7.247  -47.151 0.1428571492
97985  28.999  5.597  -46.933 0.8571428657
96854  28.420  4.173  -46.510 0.8571428657
97971  28.061  4.729  -46.721 0.8571428657
103092  31.586  9.324  -47.871 0.1428571492
104329  31.032  9.854  -47.327 0.2857142985
101800  29.903  8.247  -46.942 0.1428571492
101801  28.879  8.448  -46.878 0.8571428657
99233  28.502  6.511  -47.005 0.8571428657
105534  30.267  11.096  -46.448 0.1428571492
106675  30.936  11.843  -47.144 0.1428571492
103095  29.644  9.272  -46.813 0.4285714328
103096  28.696  9.486  -46.981 0.8571428657
101802  27.907  8.669  -47.163 0.8571428657
100533  28.030  7.582  -46.830 0.8571428657
99234  27.524  6.631  -47.474 0.8571428657
104331  29.442  10.267  -46.462 0.4285714328
100534  27.159  7.864  -47.776 0.8571428657
106676  30.142  12.289  -46.583 0.1428571492
105535  29.238  11.386  -46.420 0.5714285970
105536  28.159  11.622  -46.814 0.8571428657
104332  28.399  10.492  -46.711 0.8571428657
103097  27.719  9.663  -47.238 0.8571428657
101803  27.232  8.942  -47.676 0.8571428657
103113  26.902  9.753  -47.883 0.8571428657
101822  26.594  8.778  -48.348 0.8571428657
107792  29.928  13.497  -46.697 0.2857142985
106677  29.025  12.539  -46.571 0.7142857313
104348  26.576  10.759  -48.151 0.8571428657
106678  27.923  12.751  -46.792 0.8571428657
106679  27.358  12.957  -47.467 0.8571428657
105537  27.162  11.899  -47.549 0.8571428657
105551  26.449  11.766  -48.631 0.7142857313
107794  27.893  13.701  -47.225 0.8571428657
107795  27.052  13.670  -47.613 0.8571428657
107808  26.402  13.635  -48.261 0.8571428657
108895  26.908  14.300  -47.905 0.8571428657
106692  26.093  12.731  -48.928 0.7142857313
110047  28.295  15.486  -47.177 0.7142857313
108905  27.066  14.953  -47.863 0.8571428657
110048  27.491  15.582  -47.528 0.8571428657
110054  26.904  15.598  -48.176 0.8571428657
112467  27.419  16.990  -48.271 0.7142857313
106691  26.668  12.770  -48.009 0.8571428657
114846  32.207  19.117  -51.082 0.1428571492
111274  28.250  16.188  -47.674 0.8571428657
112466  28.113  16.963  -47.982 0.7142857313
112480  28.761  17.663  -48.064 0.7142857313
111275  27.490  16.313  -47.980 0.8571428657
115956  32.584  20.141  -52.405 0.1428571492
113640  30.433  18.750  -48.737 0.5714285970
114836  30.505  19.532  -49.696 0.5714285970
115912  29.696  19.925  -49.677 0.5714285970
115932  31.452  20.196  -50.496 0.1428571492
117079  32.704  21.328  -54.777 0.1428571492
117037  29.995  21.082  -50.647 0.5714285970
118151  32.441  22.179  -55.132 0.1428571492
118157  32.481  22.339  -56.113 0.1428571492
117067  31.732  21.682  -52.435 0.1428571492
119243  32.252  23.340  -56.541 0.1428571492
117036  30.968  20.933  -50.781 0.5714285970
119236  32.202  23.114  -55.433 0.1428571492
119237  31.804  23.832  -55.776 0.1428571492
120358  31.656  23.951  -57.858 0.1428571492
76523  20.752  -11.218  -34.958 0.1428571492
76510  20.197  -11.724  -34.694 0.1428571492
78983  22.331  -10.305  -36.019 0.1428571492
82888  25.000  -7.195  -38.810 0.2857142985
81587  24.913  -7.632  -38.311 0.1428571492
87083  26.194  -4.075  -42.790 0.2857142985
87096  26.791  -3.096  -43.789 0.5714285970
92243  29.839  1.047  -46.551 0.2857142985
93436  30.453  2.001  -47.378 0.1428571492
96853  29.281  4.242  -46.705 0.7142857313
103112  31.529  8.496  -48.035 0.1428571492
100532  29.163  7.413  -46.957 0.8571428657
107793  28.799  13.625  -46.767 0.8571428657
108894  27.497  14.639  -47.290 0.8571428657
112464  29.351  16.596  -47.582 0.8571428657
113620  30.448  18.127  -48.263 0.7142857313
114835  31.146  19.562  -49.830 0.2857142985
117035  31.506  20.746  -50.980 0.1428571492
117074  32.561  21.242  -53.824 0.1428571492
118161  31.588  22.368  -58.083 0.1428571492
75169  19.981  -12.223  -34.168 0.1428571492
79008  22.483  -9.407  -37.548 0.4285714328
81588  24.239  -7.838  -38.616 0.1428571492
82900  25.760  -6.138  -39.321 0.2857142985
84301  25.433  -5.844  -40.386 0.2857142985
82918  24.713  -6.384  -40.130 0.2857142985
84314  25.549  -5.595  -41.071 0.2857142985
88355  26.392  -2.798  -44.144 0.7142857313
97999  31.581  5.992  -48.971 0.1428571492
101820  31.775  8.304  -48.999 0.1428571492
104330  30.333  10.055  -46.748 0.2857142985
105533  30.929  10.771  -47.163 0.1428571492
97986  27.893  5.412  -47.134 0.8571428657
96872  27.087  5.024  -47.351 1.0000000000
107791  31.162  13.254  -47.374 0.1428571492
108891  30.585  14.506  -47.169 0.2857142985
104349  25.995  10.721  -49.175 0.8571428657
108892  29.576  14.553  -46.921 0.5714285970
110046  29.239  15.467  -47.066 0.5714285970
111272  29.723  16.271  -47.322 0.5714285970
112479  29.802  17.222  -47.916 0.7142857313
114815  31.440  18.897  -49.513 0.4285714328
112494  31.731  17.386  -48.778 0.2857142985
113638  31.961  18.261  -49.484 0.2857142985
114834  31.924  19.223  -50.167 0.1428571492
115931  31.950  19.859  -50.868 0.1428571492
117055  32.303  20.728  -52.036 0.1428571492
118128  31.300  22.258  -52.511 0.2857142985
119229  32.061  22.816  -54.486 0.1428571492
119219  31.636  23.037  -53.583 0.1428571492
119230  31.472  23.837  -54.707 0.1428571492
120355  31.680  24.739  -57.252 0.1428571492
121447  30.861  25.367  -56.801 0.1428571492
121454  31.006  25.373  -57.934 0.1428571492
110045  30.206  15.527  -47.040 0.4285714328
111280  30.593  16.445  -47.573 0.4285714328
112478  31.020  17.435  -48.008 0.5714285970
76511  19.485  -11.506  -34.974 0.1428571492
78998  21.084  -9.713  -36.716 0.4285714328
78982  22.975  -10.016  -35.906 0.1428571492
79007  23.093  -9.054  -37.482 0.1428571492
80300  24.132  -8.181  -37.982 0.1428571492
84289  25.560  -6.023  -39.680 0.2857142985
91005  27.217  -0.495  -45.506 0.7142857313
94617  29.996  2.798  -47.201 0.5714285970
97983  30.942  5.727  -47.651 0.1428571492
97984  30.020  5.454  -47.204 0.1428571492
104333  27.465  10.694  -47.382 0.8571428657
103114  26.180  9.728  -48.722 0.8571428657
108893  28.550  14.591  -47.050 0.8571428657
115933  30.458  20.248  -50.052 0.5714285970
114796  29.343  19.212  -48.867 0.5714285970
117086  32.678  21.405  -55.733 0.1428571492
118138  32.121  22.131  -53.411 0.1428571492
118160  32.231  22.387  -57.128 0.1428571492
117093  32.408  21.492  -56.649 0.1428571492
117066  32.239  21.201  -52.734 0.1428571492
118139  31.731  22.501  -53.006 0.1428571492
119244  31.889  24.167  -56.476 0.1428571492
82887  25.952  -6.348  -38.704 0.1428571492
80289  22.880  -8.910  -38.061 0.4285714328
84315  24.992  -5.766  -41.340 0.5714285970
119203  30.866  23.015  -52.998 0.1428571492
84303  23.464  -6.003  -40.953 0.5714285970
82920  22.891  -6.196  -40.306 0.5714285970
82921  21.958  -5.803  -40.144 0.2857142985
84316  24.062  -5.828  -41.610 0.5714285970
84317  23.149  -5.343  -41.447 0.5714285970
82904  22.220  -6.552  -39.807 0.4285714328
84290  21.309  -5.206  -39.872 0.2857142985
84305  21.683  -5.204  -40.514 0.4285714328
87084  24.903  -4.035  -42.928 0.4285714328
85742  24.341  -4.647  -42.572 0.5714285970
85729  22.722  -4.457  -41.770 0.5714285970
85730  22.064  -3.840  -41.446 0.4285714328
87098  25.286  -3.420  -43.419 0.5714285970
87099  24.277  -3.464  -43.468 0.5714285970
85743  23.452  -4.271  -42.410 0.4285714328
88357  24.609  -2.971  -43.972 0.7142857313
88358  23.757  -2.510  -43.565 0.4285714328
88356  25.508  -3.022  -44.163 0.4285714328
85713  22.469  -5.037  -41.358 0.4285714328
85696  21.363  -4.648  -40.290 0.2857142985
85744  22.847  -3.819  -42.294 0.4285714328
89644  25.116  -1.633  -44.804 0.7142857313
90985  24.383  -1.080  -44.858 0.4285714328
89665  24.996  -0.855  -45.081 0.7142857313
91008  24.326  -0.441  -45.434 0.5714285970
92227  24.730  0.192  -46.039 0.7142857313
92228  23.900  0.349  -45.720 0.2857142985
89643  26.165  -1.763  -45.000 0.5714285970
92226  25.772  0.496  -45.927 0.7142857313
92247  24.946  0.912  -46.408 0.7142857313
92246  25.499  1.141  -46.227 0.7142857313
93418  24.348  1.513  -46.805 0.7142857313
92248  24.126  0.838  -46.311 0.4285714328
94598  24.749  2.227  -47.248 0.4285714328
91006  26.261  -0.376  -45.500 0.5714285970
92225  26.763  0.266  -45.667 0.5714285970
93416  26.182  1.490  -46.168 0.5714285970
94597  25.603  2.472  -47.018 0.7142857313
95754  26.069  3.460  -47.403 0.7142857313
94618  25.105  2.787  -47.693 0.5714285970
95772  25.216  3.512  -48.405 0.5714285970
93415  27.316  1.752  -45.978 0.5714285970
94596  26.616  2.593  -46.473 0.7142857313
96856  26.758  3.908  -47.316 0.8571428657
94619  24.475  2.943  -47.736 0.4285714328
96873  26.374  4.559  -47.993 0.7142857313
96874  25.658  4.168  -48.257 0.7142857313
96891  25.277  4.730  -48.588 0.5714285970
96890  25.764  5.203  -48.569 0.7142857313
94595  27.711  2.544  -46.387 0.5714285970
96855  27.401  4.348  -46.913 0.8571428657
98001  26.080  5.784  -48.405 0.7142857313
98002  25.321  5.836  -49.144 0.5714285970
99260  25.216  6.707  -49.627 0.2857142985
97987  26.912  5.686  -47.742 0.7142857313
100553  25.538  7.665  -49.517 0.7142857313
99249  26.552  6.742  -48.115 0.8571428657
99250  25.882  6.700  -49.043 0.8571428657
101823  25.830  8.707  -49.204 0.8571428657
101836  25.119  8.735  -50.197 0.7142857313
100552  26.282  7.723  -48.725 0.8571428657
103128  25.641  9.701  -49.754 0.8571428657
107809  25.861  13.713  -49.110 0.7142857313
108906  26.477  14.625  -48.524 0.5714285970
106706  24.897  13.526  -50.359 0.7142857313
107820  25.358  13.906  -49.912 0.7142857313
110055  26.297  15.564  -48.993 0.8571428657
111282  26.439  16.449  -49.247 0.7142857313
108918  25.210  14.721  -49.873 0.7142857313
112483  26.428  17.053  -49.406 0.7142857313
112496  25.963  17.424  -49.577 0.7142857313
111292  25.119  16.439  -49.880 0.5714285970
112482  27.072  17.280  -48.980 0.7142857313
112495  26.723  17.609  -49.409 0.7142857313
113642  26.935  18.425  -49.600 0.4285714328
113643  25.865  18.352  -49.933 0.5714285970
112497  25.056  17.430  -49.667 0.5714285970
114819  28.000  19.349  -49.794 0.5714285970
114820  27.095  19.152  -50.012 0.5714285970
113656  26.523  19.015  -50.040 0.5714285970
112498  24.420  17.473  -49.447 0.5714285970
113657  25.901  19.206  -50.115 0.5714285970
113644  25.023  18.624  -49.872 0.4285714328
111283  23.988  16.547  -48.993 0.4285714328
113658  25.445  19.357  -50.005 0.5714285970
115939  24.595  20.041  -49.711 0.4285714328
89641  27.777  -1.919  -44.694 0.2857142985
115937  25.796  20.731  -50.675 0.2857142985
114840  25.046  19.613  -49.807 0.4285714328
114841  24.517  19.566  -49.534 0.2857142985
81602  22.390  -7.342  -39.478 0.5714285970
85727  24.722  -5.464  -42.172 0.2857142985
85741  25.363  -4.787  -42.460 0.2857142985
82905  21.378  -5.999  -39.396 0.2857142985
85714  21.898  -4.541  -40.984 0.4285714328
87086  23.262  -3.569  -42.648 0.4285714328
87100  23.559  -3.213  -43.066 0.5714285970
85715  21.196  -3.961  -40.432 0.2857142985
89645  23.905  -1.748  -44.193 0.5714285970
91003  29.211  -0.616  -45.398 0.2857142985
90987  22.763  -0.428  -44.464 0.2857142985
105552  25.659  11.719  -49.476 0.7142857313
106705  25.110  12.787  -49.734 0.7142857313
106718  24.744  12.256  -50.356 0.7142857313
111291  25.882  16.481  -49.678 0.7142857313
112481  27.847  17.657  -48.378 0.5714285970
114798  28.140  18.686  -49.200 0.5714285970
114797  28.760  19.008  -48.966 0.5714285970
113641  27.664  18.687  -49.381 0.5714285970
114838  26.855  19.885  -50.391 0.2857142985
88359  23.023  -2.720  -43.053 0.4285714328
93390  27.844  1.112  -45.697 0.7142857313
89663  26.669  -1.154  -45.300 0.5714285970
95753  27.107  3.352  -46.861 0.7142857313
111281  26.874  16.409  -48.543 0.8571428657
88375  25.778  -2.362  -44.583 0.5714285970
104361  25.391  10.714  -50.068 0.7142857313
82919  23.846  -6.609  -40.458 0.4285714328
84304  22.444  -5.520  -40.871 0.4285714328
85728  23.714  -5.096  -42.095 0.5714285970
87085  23.933  -3.909  -42.912 0.5714285970
87067  22.337  -3.578  -41.968 0.4285714328
88377  24.314  -2.372  -43.965 0.5714285970
89621  23.397  -2.106  -43.828 0.4285714328
88376  24.864  -2.385  -44.326 0.5714285970
90986  23.511  -0.778  -44.867 0.4285714328
89646  22.935  -1.139  -44.265 0.4285714328
89664  25.758  -1.040  -45.247 0.7142857313
91007  25.317  -0.252  -45.391 0.7142857313
91009  23.563  -0.064  -45.259 0.2857142985
93392  26.444  0.805  -45.815 0.7142857313
93417  25.191  1.651  -46.585 0.7142857313
93391  27.058  0.971  -45.689 0.5714285970
95755  25.460  3.051  -47.649 0.7142857313
95771  25.806  3.927  -48.018 0.7142857313
95788  24.603  4.162  -48.284 0.2857142985
98012  24.948  6.251  -49.487 0.5714285970
99261  24.454  6.554  -49.545 0.2857142985
108907  25.748  14.643  -49.281 0.7142857313
110056  25.690  15.289  -49.547 0.7142857313
114839  25.741  19.935  -50.336 0.5714285970
114821  24.681  19.096  -49.523 0.4285714328
87068  21.726  -3.100  -41.643 0.1428571492
88342  21.950  -2.512  -42.291 0.4285714328
85725  26.777  -4.736  -41.302 0.1428571492
85724  27.396  -4.223  -41.058 0.1428571492
88353  28.243  -2.270  -43.380 0.1428571492
88340  27.845  -2.891  -42.814 0.1428571492
89620  28.141  -2.105  -44.098 0.1428571492
92222  30.003  0.444  -45.894 0.1428571492
121460  30.553  26.004  -58.331 0.1428571492
103140  25.018  9.773  -50.437 0.4285714328
122467  30.034  26.338  -57.798 0.1428571492
120347  31.150  24.691  -55.733 0.1428571492
107833  24.503  13.962  -50.721 0.4285714328
120329  29.153  24.361  -53.838 0.2857142985
117059  28.566  21.627  -51.347 0.2857142985
114837  27.741  20.053  -50.320 0.2857142985
107822  23.104  13.594  -49.736 0.1428571492
110066  25.296  15.585  -49.942 0.5714285970
118113  28.107  22.328  -51.851 0.2857142985
108936  23.514  14.676  -50.496 0.4285714328
110067  24.519  15.427  -50.129 0.5714285970
117060  27.612  21.366  -51.376 0.2857142985
111303  23.242  15.294  -49.828 0.4285714328
111294  23.349  15.490  -49.537 0.2857142985
114847  26.616  20.452  -50.753 0.1428571492
115951  26.378  20.800  -51.011 0.1428571492
111284  23.586  15.708  -49.045 0.1428571492
111293  24.110  16.148  -49.708 0.4285714328
117040  26.120  21.384  -50.993 0.1428571492
118114  27.210  22.227  -51.680 0.1428571492
115938  25.057  20.551  -50.100 0.2857142985
115894  24.596  19.933  -48.691 0.1428571492
117041  25.500  21.404  -50.517 0.1428571492
118115  26.410  22.128  -51.380 0.1428571492
117021  24.919  21.482  -49.606 0.1428571492
118096  25.995  21.888  -50.832 0.1428571492
118097  25.622  22.245  -50.409 0.1428571492
79010  20.913  -9.238  -37.004 0.4285714328
81575  20.666  -7.585  -37.617 0.2857142985
85711  26.754  -5.153  -40.202 0.1428571492
88321  28.212  -2.935  -41.991 0.1428571492
89640  28.523  -1.646  -44.475 0.1428571492
105573  24.517  11.777  -50.780 0.2857142985
113621  29.505  18.561  -48.426 0.4285714328
117058  29.484  21.783  -51.121 0.2857142985
119187  28.242  23.075  -51.958 0.2857142985
118130  29.330  22.787  -52.310 0.2857142985
119188  27.715  23.041  -52.009 0.2857142985
80292  20.222  -8.008  -37.126 0.2857142985
82871  25.232  -7.395  -38.247 0.1428571492
81573  24.667  -7.946  -38.043 0.1428571492
84288  26.389  -5.790  -39.499 0.1428571492
85695  26.953  -5.265  -39.596 0.1428571492
89661  28.425  -1.320  -45.150 0.1428571492
110057  22.856  15.287  -49.006 0.1428571492
104370  24.745  10.750  -50.613 0.4285714328
108920  23.081  14.435  -50.065 0.2857142985
115913  28.944  19.968  -49.842 0.4285714328
119205  28.519  23.567  -52.670 0.2857142985
118131  28.619  22.868  -52.046 0.2857142985
118111  29.875  22.187  -51.801 0.2857142985
119204  29.839  23.343  -52.902 0.2857142985
120328  29.768  24.204  -53.904 0.2857142985
121438  29.766  25.503  -55.553 0.1428571492
121437  30.527  25.407  -55.963 0.1428571492
119190  26.374  22.610  -51.269 0.2857142985
120348  30.392  25.095  -55.453 0.1428571492
121448  30.102  25.884  -56.575 0.1428571492
119231  30.670  24.099  -54.556 0.1428571492
120337  30.835  24.322  -54.911 0.1428571492
117057  30.467  21.611  -51.268 0.4285714328
120339  28.754  24.828  -54.334 0.2857142985
118129  30.344  22.651  -52.374 0.2857142985
119220  30.479  23.799  -53.810 0.1428571492
114818  29.126  19.489  -49.369 0.4285714328
115934  29.435  20.505  -50.175 0.2857142985
106719  24.372  12.857  -50.415 0.4285714328
107821  25.048  14.168  -50.478 0.5714285970
108919  24.761  14.750  -50.392 0.5714285970
115935  28.439  20.375  -50.361 0.2857142985
115915  24.494  19.866  -49.264 0.2857142985
114848  26.263  20.329  -50.708 0.2857142985
105565  25.063  11.673  -50.298 0.5714285970
115936  27.624  20.627  -50.657 0.2857142985
89619  28.711  -1.865  -43.807 0.1428571492
117039  28.238  21.045  -50.879 0.2857142985
117038  29.037  21.040  -50.816 0.2857142985
107834  23.671  13.836  -50.505 0.2857142985
108935  24.108  14.681  -50.628 0.4285714328
117061  26.713  21.375  -51.436 0.1428571492
110081  23.834  15.209  -50.191 0.4285714328
111302  23.549  15.429  -49.890 0.5714285970
80291  20.704  -8.646  -37.299 0.2857142985
89639  29.112  -1.317  -44.100 0.1428571492
104371  24.106  10.964  -50.620 0.2857142985
120338  30.035  24.669  -54.657 0.2857142985
98013  24.803  6.028  -49.428 0.2857142985
120341  27.602  25.288  -54.280 0.1428571492
120330  28.239  24.497  -53.415 0.1428571492
121428  27.539  25.324  -54.777 0.1428571492
119177  26.491  23.498  -50.881 0.1428571492
120331  27.702  25.112  -53.705 0.1428571492
120317  27.841  24.048  -52.833 0.1428571492
120319  27.138  23.880  -52.002 0.1428571492
120309  27.107  23.965  -51.551 0.1428571492
119207  27.230  23.841  -52.228 0.1428571492
120318  27.454  24.505  -52.576 0.1428571492
121441  27.166  25.909  -55.200 0.1428571492
119206  27.501  23.664  -52.449 0.1428571492
122439  27.839  26.502  -53.995 0.1428571492
121429  27.369  25.738  -54.271 0.1428571492
98003  24.488  5.601  -49.219 0.2857142985
122447  27.275  26.609  -54.784 0.1428571492
121451  27.700  26.225  -55.677 0.1428571492
87097  26.214  -3.336  -43.614 0.2857142985
120340  27.901  24.952  -54.281 0.1428571492
121427  28.253  25.152  -54.938 0.1428571492
121418  27.633  25.608  -53.302 0.1428571492
81601  23.286  -7.743  -39.634 0.2857142985
81600  23.989  -7.845  -39.353 0.1428571492
82903  23.126  -7.064  -40.103 0.2857142985
80302  22.690  -8.539  -38.695 0.2857142985
84302  24.449  -6.199  -40.880 0.2857142985
81590  22.546  -8.026  -39.131 0.4285714328
81589  23.384  -8.140  -39.022 0.1428571492
81574  21.226  -8.155  -37.903 0.2857142985
80303  22.134  -8.305  -38.739 0.2857142985
81591  21.648  -7.581  -38.531 0.2857142985
89622  22.728  -1.790  -43.415 0.2857142985
92249  23.513  0.901  -45.949 0.1428571492
93419  23.453  1.532  -46.370 0.1428571492
94620  23.870  3.287  -47.441 0.1428571492
99252  23.657  6.246  -48.853 0.1428571492
99262  23.840  7.161  -49.294 0.1428571492
100563  24.247  7.733  -49.561 0.1428571492
101851  24.637  8.995  -50.607 0.1428571492
103129  24.093  9.196  -50.320 0.1428571492
105574  23.934  11.967  -50.388 0.1428571492
106707  23.016  12.626  -49.306 0.1428571492
106720  23.661  12.835  -49.997 0.1428571492
112484  24.269  17.525  -48.730 0.1428571492
113645  24.645  18.395  -49.200 0.1428571492
103142  23.756  10.381  -50.225 0.1428571492
78999  20.367  -9.200  -36.671 0.2857142985
87087  22.621  -3.122  -42.521 0.2857142985
89603  22.308  -1.987  -42.645 0.2857142985
95773  24.187  3.784  -47.974 0.1428571492
96876  23.497  4.543  -47.882 0.1428571492
96892  24.457  4.758  -48.576 0.1428571492
99253  22.981  6.986  -48.276 0.1428571492
100564  23.689  7.876  -49.302 0.1428571492
101824  23.293  8.592  -49.056 0.1428571492
105575  23.521  12.080  -49.809 0.1428571492
89604  21.637  -1.588  -42.644 0.2857142985
80290  21.806  -8.803  -38.221 0.2857142985
94599  23.780  2.436  -47.048 0.1428571492
100562  24.835  7.645  -49.829 0.1428571492
111277  23.830  15.810  -48.646 0.1428571492
88322  21.483  -2.582  -41.841 0.1428571492
103141  24.326  9.665  -50.578 0.1428571492
89623  21.910  -0.954  -43.204 0.1428571492
101838  23.869  8.441  -49.594 0.1428571492
100554  23.310  7.546  -48.774 0.1428571492
79000  20.036  -9.114  -36.263 0.1428571492
80275  20.230  -8.775  -36.869 0.1428571492
81530  19.777  -7.649  -35.531 0.1428571492
82890  21.216  -6.463  -38.613 0.1428571492
93412  30.615  1.474  -46.576 0.1428571492
110053  31.021  15.524  -47.596 0.1428571492
77795  19.676  -10.214  -35.822 0.1428571492
81576  20.022  -7.333  -36.874 0.1428571492
81592  20.823  -6.839  -38.078 0.1428571492
81603  21.812  -6.762  -39.130 0.1428571492
108904  31.428  14.533  -47.808 0.1428571492
111279  31.449  16.479  -48.095 0.1428571492
84291  20.783  -5.173  -39.166 0.1428571492
77804  20.447  -9.962  -36.257 0.1428571492
87049  21.530  -3.616  -41.046 0.1428571492
77805  20.024  -9.575  -36.198 0.1428571492
80276  19.900  -8.416  -36.459 0.1428571492
76509  21.081  -11.352  -34.401 0.1428571492
81572  25.351  -7.762  -37.801 0.1428571492
82917  25.163  -6.084  -39.862 0.2857142985
87088  22.133  -3.089  -42.117 0.2857142985
87101  23.130  -3.143  -42.792 0.5714285970
88341  22.591  -2.379  -42.700 0.2857142985
88374  26.631  -2.159  -44.442 0.7142857313
95787  24.913  4.285  -48.442 0.2857142985
96875  24.121  4.419  -48.223 0.2857142985
96889  31.217  5.113  -48.201 0.1428571492
96893  23.810  4.820  -48.477 0.1428571492
98000  31.379  5.649  -48.372 0.1428571492
99248  31.206  6.485  -48.196 0.1428571492
99251  24.197  6.099  -49.282 0.1428571492
100551  31.176  7.328  -48.007 0.1428571492
101837  24.323  8.646  -50.243 0.1428571492
101850  24.787  9.252  -50.604 0.1428571492
103093  31.352  9.094  -47.591 0.1428571492
103130  23.664  9.392  -49.794 0.1428571492
104328  31.509  9.651  -47.898 0.1428571492
110052  31.527  15.450  -48.485 0.1428571492
110065  25.958  15.876  -49.572 0.7142857313
110068  22.971  15.043  -49.661 0.4285714328
110082  23.312  15.048  -50.096 0.4285714328
111273  28.957  16.203  -47.277 0.8571428657
112465  28.881  16.827  -47.713 0.7142857313
113622  28.440  18.334  -48.633 0.5714285970
113623  27.629  18.131  -49.090 0.5714285970
113624  27.114  17.858  -49.304 0.7142857313
113639  31.243  18.367  -48.750 0.5714285970
114816  30.803  19.054  -49.319 0.2857142985
114817  29.962  19.292  -49.229 0.5714285970
114822  24.461  19.215  -48.996 0.2857142985
115911  30.143  19.699  -49.749 0.5714285970
115948  32.336  20.178  -51.493 0.1428571492
115949  31.839  20.489  -51.062 0.1428571492
115950  26.953  20.754  -50.951 0.1428571492
117056  31.571  21.205  -51.707 0.1428571492
118110  30.705  21.974  -51.953 0.2857142985
118112  28.982  22.338  -51.676 0.2857142985
118127  31.843  21.993  -52.804 0.1428571492
118145  32.320  22.034  -54.258 0.1428571492
119202  31.408  22.729  -53.004 0.2857142985
119218  32.044  22.517  -53.921 0.1428571492
119221  29.479  24.055  -53.297 0.2857142985
119222  28.839  24.178  -53.276 0.2857142985
120354  31.902  23.900  -57.139 0.1428571492
